0,0,0,0
0,1,0,1
0,1,1,2
0,2,1,3
0,2,2,4
0,2,3,5
0,2,4,6
0,2,5,7
0,3,5,8
0,3,6,9
3,4,6,10
5,3,6,9
5,3,6,9
5,3,6,9
9,3,6,9
12,3,6,9
14,3,6,9
16,3,6,9
16,3,6,9
19,3,7,10
19,3,7,10
20,4,7,11
20,3,7,10
20,3,7,10
22,4,7,11
22,4,7,11
22,5,7,12
22,5,7,12
25,6,7,13
25,6,7,13
25,6,7,13
31,6,8,14
33,6,8,14
34,5,8,13
37,5,8,13
37,5,8,13
37,6,8,14
37,6,8,14
37,6,9,15
37,6,9,15
37,6,10,16
37,6,10,16
38,6,11,17
38,6,11,17
40,6,10,16
40,6,10,16
41,6,10,16
44,6,10,16
44,6,10,16
46,7,10,17
46,7,9,16
46,7,9,16
46,7,9,16
48,8,9,17
49,7,9,16
49,7,9,16
49,8,9,17
49,8,9,17
49,9,9,18
49,8,9,17
49,8,9,17
50,8,9,17
50,8,9,17
51,8,10,18
51,8,10,18
51,8,11,19
51,8,11,19
52,8,12,20
53,8,12,20
53,7,12,19
53,7,12,19
53,7,12,19
53,7,12,19
54,8,12,20
54,8,12,20
55,8,11,19
55,8,11,19
55,8,12,20
55,8,12,20
57,9,12,21
57,8,12,20
59,7,12,19
59,7,11,18
60,7,11,18
60,7,11,18
60,7,12,19
60,7,12,19
60,7,13,20
61,7,12,19
61,7,12,19
61,7,13,20
61,7,12,19
62,7,11,18
62,7,11,18
62,8,11,19
62,8,11,19
62,9,11,20
62,9,11,20
62,9,11,20
62,9,11,20
63,10,11,21
63,10,11,21
63,10,11,21
63,10,11,21
64,10,12,22
65,10,12,22
65,10,11,21
65,10,11,21
65,10,12,22
65,10,12,22
66,10,13,23
66,10,13,23
66,10,13,23
66,10,13,23
67,11,13,24
68,11,13,24
68,11,13,24
70,11,14,25
70,11,14,25
71,11,15,26
71,11,15,26
71,11,16,27
72,11,15,26
73,11,15,26
73,11,15,26
73,11,15,26
73,12,15,27
74,12,15,27
74,12,15,27
74,12,15,27
74,12,16,28
74,12,16,28
75,12,17,29
75,12,16,28
75,12,16,28
75,12,17,29
75,12,17,29
76,13,17,30
76,13,17,30
76,13,17,30
76,13,17,30
76,13,17,30
78,14,17,31
78,14,17,31
78,14,18,32
78,14,17,31
79,14,16,30
79,14,16,30
79,15,16,31
79,14,16,30
79,14,16,30
79,14,17,31
79,14,17,31
79,15,17,32
79,15,17,32
79,16,17,33
79,16,17,33
80,17,17,34
80,17,17,34
80,17,18,35
80,17,18,35
81,16,18,34
81,16,17,33
81,16,17,33
81,17,17,34
81,17,17,34
81,17,18,35
81,16,18,34
81,16,17,33
82,15,17,32
82,14,17,31
82,14,17,31
82,13,17,30
82,13,17,30
83,14,17,31
83,14,17,31
83,14,17,31
83,14,18,32
83,14,18,32
84,14,19,33
84,14,19,33
84,15,19,34
84,15,19,34
84,15,20,35
84,15,20,35
84,16,20,36
84,16,20,36
84,16,21,37
84,16,20,36
84,16,20,36
85,16,19,35
85,16,19,35
85,16,20,36
85,16,20,36
85,16,21,37
85,16,21,37
86,16,22,38
86,16,22,38
87,16,23,39
87,16,23,39
87,16,24,40
87,16,24,40
87,16,25,41
87,16,25,41
87,17,25,42
87,17,25,42
87,18,25,43
87,18,25,43
87,18,25,43
88,18,26,44
88,18,26,44
88,18,26,44
88,19,26,45
88,19,26,45
88,18,26,44
89,18,26,44
89,18,26,44
89,18,27,45
89,17,27,44
89,17,27,44
89,17,27,44
89,18,27,45
90,18,27,45
90,18,27,45
90,18,27,45
90,18,27,45
90,19,27,46
91,19,27,46
91,19,27,46
91,20,27,47
91,20,27,47
91,21,27,48
92,21,26,47
93,21,26,47
93,20,26,46
93,20,26,46
93,21,26,47
94,20,26,46
94,20,26,46
94,21,26,47
94,21,26,47
94,22,26,48
94,22,26,48
94,22,27,49
94,22,27,49
94,22,28,50
94,22,28,50
94,23,28,51
94,23,28,51
95,24,28,52
95,24,28,52
95,24,28,52
95,25,28,53
95,25,28,53
95,26,28,54
95,26,28,54
95,25,28,53
95,25,28,53
96,26,28,54
96,26,28,54
96,26,28,54
96,26,29,55
96,26,29,55
96,26,30,56
97,26,30,56
97,26,30,56
97,26,31,57
97,26,31,57
97,26,32,58
97,26,32,58
97,27,32,59
97,27,32,59
97,27,32,59
97,27,32,59
97,27,32,59
98,27,33,60
98,27,33,60
98,28,33,61
98,28,33,61
98,28,34,62
98,27,34,61
98,27,34,61
98,28,34,62
98,28,33,61
98,28,33,61
99,28,33,61
99,27,33,60
99,26,33,59
99,26,33,59
99,27,33,60
99,27,32,59
99,27,32,59
99,28,32,60
100,28,32,60
100,28,32,60
100,28,33,61
100,28,33,61
100,29,33,62
100,29,33,62
101,28,33,61
101,28,33,61
101,28,34,62
101,28,34,62
101,28,35,63
101,28,35,63
101,28,36,64
101,28,36,64
101,29,36,65
101,29,36,65
101,30,36,66
102,30,36,66
102,30,36,66
102,30,36,66
102,30,36,66
102,30,37,67
102,30,37,67
102,30,37,67
102,30,38,68
102,30,38,68
102,31,38,69
102,31,38,69
102,32,38,70
103,32,38,70
103,32,38,70
103,32,39,71
104,32,39,71
104,32,39,71
104,32,40,72
104,32,40,72
104,31,40,71
104,31,40,71
104,31,40,71
104,31,41,72
104,31,41,72
105,31,40,71
105,31,40,71
105,32,40,72
105,32,40,72
105,32,40,72
105,32,41,73
105,32,41,73
105,33,41,74
105,33,41,74
105,33,42,75
106,33,41,74
106,33,41,74
106,34,41,75
106,34,41,75
106,34,42,76
106,34,41,75
106,34,41,75
107,34,42,76
107,34,42,76
107,34,42,76
107,35,42,77
107,35,42,77
107,35,43,78
107,35,43,78
107,35,42,77
108,35,41,76
108,35,41,76
108,35,42,77
108,35,42,77
108,36,42,78
108,36,42,78
108,36,43,79
108,36,43,79
108,37,43,80
108,36,43,79
108,36,43,79
108,36,43,79
108,36,44,80
108,36,44,80
108,37,44,81
109,37,44,81
109,37,44,81
109,37,44,81
109,38,44,82
109,38,44,82
109,38,45,83
109,38,45,83
109,38,45,83
109,39,45,84
109,38,45,83
109,38,45,83
109,39,45,84
109,39,45,84
109,39,46,85
109,39,46,85
109,39,47,86
109,38,47,85
109,38,47,85
109,38,47,85
109,38,48,86
109,38,48,86
109,38,49,87
109,38,49,87
110,39,49,88
110,39,49,88
110,39,49,88
110,40,49,89
110,40,48,88
110,40,48,88
110,40,48,88
110,41,48,89
110,41,48,89
110,42,48,90
110,42,48,90
110,42,49,91
110,42,49,91
110,42,50,92
110,42,50,92
111,42,50,92
111,42,50,92
111,43,50,93
111,43,50,93
111,44,50,94
111,44,50,94
111,44,50,94
111,45,50,95
111,45,50,95
111,45,50,95
111,45,50,95
111,45,50,95
111,46,50,96
111,46,50,96
111,46,50,96
111,46,50,96
111,46,51,97
111,46,51,97
111,46,51,97
112,47,51,98
112,47,51,98
112,47,51,98
112,47,51,98
112,48,51,99
112,48,51,99
112,49,51,100
112,48,51,99
112,48,51,99
112,49,51,100
112,49,51,100
112,49,51,100
112,50,51,101
112,50,51,101
112,51,51,102
112,51,51,102
112,51,52,103
112,51,52,103
112,51,52,103
113,51,53,104
113,51,53,104
113,51,53,104
113,51,54,105
113,51,54,105
113,51,55,106
114,51,55,106
114,51,55,106
114,52,55,107
114,52,55,107
114,52,55,107
114,52,56,108
114,52,56,108
114,52,57,109
114,52,57,109
114,52,58,110
114,52,58,110
114,52,58,110
114,53,58,111
114,53,58,111
114,53,58,111
114,52,58,110
114,52,58,110
114,52,59,111
115,52,59,111
115,52,59,111
115,52,59,111
115,51,59,110
115,51,59,110
115,52,59,111
115,52,59,111
115,52,59,111
115,52,59,111
115,53,59,112
115,53,59,112
115,53,60,113
115,53,60,113
115,54,60,114
115,54,60,114
116,54,61,115
116,54,61,115
116,55,61,116
116,55,61,116
116,55,62,117
116,55,62,117
116,56,62,118
116,56,61,117
116,56,61,117
116,57,61,118
116,57,61,118
116,57,61,118
117,58,61,119
117,58,61,119
117,58,62,120
117,58,62,120
117,58,62,120
117,59,62,121
117,59,62,121
117,58,62,120
117,57,62,119
117,57,62,119
117,57,62,119
117,57,62,119
118,57,61,118
118,57,61,118
118,57,61,118
118,57,62,119
118,57,62,119
118,58,62,120
118,58,62,120
118,59,62,121
118,58,62,120
118,58,62,120
118,58,63,121
118,58,63,121
118,58,63,121
118,58,64,122
118,58,64,122
118,58,65,123
118,58,65,123
118,58,66,124
118,57,66,123
118,57,66,123
118,57,66,123
118,58,66,124
118,58,66,124
118,59,66,125
119,59,65,124
119,59,65,124
119,59,65,124
119,59,66,125
119,59,66,125
119,60,66,126
119,59,66,125
119,59,66,125
119,59,66,125
119,59,67,126
119,58,67,125
119,58,67,125
120,59,67,126
120,59,66,125
120,58,66,124
120,58,66,124
120,58,66,124
120,58,67,125
120,58,67,125
120,58,68,126
120,58,68,126
120,59,68,127
120,59,67,126
120,59,67,126
120,60,67,127
120,59,67,126
120,59,67,126
120,59,68,127
120,59,68,127
121,60,68,128
121,60,68,128
121,61,68,129
121,60,68,128
121,59,68,127
121,59,68,127
121,60,68,128
121,60,68,128
121,60,69,129
121,60,69,129
121,60,69,129
121,60,69,129
121,60,69,129
121,61,69,130
121,61,69,130
121,61,69,130
121,61,69,130
121,62,69,131
121,62,69,131
122,62,69,131
122,62,69,131
122,63,69,132
122,63,69,132
122,64,69,133
122,64,69,133
122,64,69,133
122,64,69,133
122,64,69,133
122,64,69,133
122,64,70,134
122,64,70,134
123,64,71,135
123,64,71,135
123,64,71,135
123,65,71,136
123,64,71,135
123,64,71,135
123,65,71,136
123,65,71,136
123,65,72,137
123,65,72,137
123,66,72,138
123,66,72,138
123,66,73,139
123,65,73,138
123,65,73,138
123,66,73,139
123,66,73,139
123,66,74,140
123,66,74,140
123,67,74,141
123,67,74,141
123,68,74,142
123,68,74,142
123,68,75,143
123,68,75,143
123,69,75,144
123,69,75,144
124,69,75,144
124,69,74,143
124,69,74,143
124,70,74,144
124,70,74,144
124,71,74,145
124,71,74,145
124,72,74,146
124,72,74,146
124,71,74,145
124,71,74,145
124,72,74,146
124,72,74,146
124,72,74,146
124,72,74,146
124,72,75,147
124,71,75,146
125,71,75,146
125,71,75,146
125,71,76,147
125,71,76,147
125,71,77,148
125,71,77,148
125,71,77,148
125,72,77,149
125,72,77,149
125,72,78,150
125,72,78,150
125,73,78,151
125,73,78,151
125,73,77,150
125,73,77,150
125,72,77,149
125,72,77,149
125,73,77,150
125,73,77,150
126,74,77,151
126,74,77,151
126,74,76,150
126,74,76,150
126,74,77,151
126,74,77,151
126,75,77,152
126,75,77,152
126,75,78,153
126,75,78,153
126,75,78,153
126,76,78,154
126,76,78,154
126,76,79,155
126,75,79,154
126,75,79,154
126,76,79,155
126,76,79,155
126,77,79,156
126,77,79,156
127,77,80,157
127,77,79,156
127,77,79,156
127,77,80,157
127,77,80,157
127,77,81,158
127,77,81,158
127,77,82,159
127,77,81,158
127,77,81,158
127,78,81,159
127,78,81,159
128,78,80,158
128,77,80,157
128,77,80,157
128,77,81,158
128,77,81,158
128,77,81,158
128,78,81,159
128,78,81,159
128,79,81,160
128,79,81,160
128,80,81,161
128,80,81,161
128,80,82,162
128,80,82,162
128,80,83,163
128,80,83,163
128,80,83,163
128,80,83,163
128,81,83,164
128,81,83,164
129,82,83,165
129,82,83,165
129,83,83,166
129,83,83,166
129,83,83,166
129,83,84,167
129,83,83,166
129,83,83,166
129,83,84,167
129,83,84,167
129,83,85,168
129,83,85,168
129,83,85,168
129,83,85,168
129,84,85,169
129,84,84,168
129,84,84,168
130,85,84,169
130,85,84,169
130,86,84,170
130,86,84,170
130,86,85,171
130,86,85,171
130,86,85,171
130,87,85,172
130,87,85,172
130,87,85,172
130,86,85,171
130,86,85,171
130,86,85,171
130,87,85,172
130,87,85,172
131,87,86,173
131,87,86,173
131,88,86,174
131,88,86,174
131,88,86,174
131,88,87,175
131,87,87,174
131,87,86,173
131,86,86,172
131,86,86,172
131,86,85,171
131,86,85,171
131,87,85,172
131,86,85,171
131,85,85,170
131,85,85,170
131,86,85,171
131,86,85,171
131,86,85,171
131,87,85,172
131,87,85,172
131,88,85,173
131,88,85,173
132,88,86,174
132,88,86,174
132,88,87,175
132,88,87,175
132,89,87,176
132,89,87,176
132,90,87,177
132,90,87,177
132,90,87,177
132,91,87,178
132,91,87,178
132,91,87,178
132,92,87,179
132,92,87,179
132,92,88,180
132,92,88,180
132,93,88,181
132,93,87,180
132,93,87,180
132,93,87,180
132,94,87,181
132,94,87,181
132,94,88,182
132,94,88,182
132,95,88,183
132,95,88,183
132,95,88,183
132,96,88,184
132,96,88,184
132,97,88,185
132,97,88,185
132,98,88,186
132,97,88,185
132,97,88,185
132,97,88,185
133,97,89,186
133,97,89,186
133,97,89,186
133,98,89,187
133,97,89,186
133,97,89,186
133,97,89,186
133,98,89,187
133,98,89,187
133,99,89,188
133,99,89,188
133,100,89,189
133,100,89,189
133,100,90,190
133,100,90,190
133,100,91,191
133,99,91,190
133,99,91,190
133,99,92,191
133,99,92,191
133,99,92,191
134,99,93,192
134,99,93,192
134,99,93,192
134,100,93,193
134,100,93,193
134,101,93,194
134,101,92,193
134,101,92,193
134,101,93,194
134,100,93,193
134,100,93,193
134,100,92,192
134,100,92,192
134,101,92,193
134,101,92,193
134,100,92,192
134,100,92,192
134,101,92,193
134,101,92,193
134,101,93,194
134,101,93,194
134,102,93,195
134,102,93,195
134,102,94,196
135,102,94,196
135,101,94,195
135,101,93,194
135,101,93,194
135,101,93,194
135,101,93,194
135,101,94,195
135,101,94,195
135,101,94,195
135,102,94,196
135,102,94,196
135,102,95,197
135,102,95,197
135,102,95,197
135,103,95,198
135,103,95,198
135,103,96,199
135,103,96,199
135,103,97,200
135,103,97,200
135,103,98,201
136,103,98,201
136,103,98,201
136,103,99,202
136,103,99,202
136,103,99,202
136,103,100,203
136,103,100,203
136,104,100,204
136,104,100,204
136,104,100,204
136,105,100,205
136,104,100,204
137,104,100,204
137,103,100,203
137,103,100,203
137,103,101,204
137,102,101,203
137,102,101,203
137,103,101,204
137,103,101,204
137,104,101,205
137,104,101,205
137,104,101,205
137,104,101,205
137,104,102,206
137,104,102,206
137,104,102,206
137,104,103,207
137,104,103,207
137,104,104,208
137,104,103,207
137,104,103,207
137,104,103,207
137,104,104,208
137,104,104,208
137,104,104,208
137,105,104,209
137,105,104,209
137,105,104,209
137,105,104,209
138,106,104,210
138,106,104,210
138,107,104,211
138,107,104,211
138,107,105,212
138,107,105,212
138,107,106,213
138,107,106,213
138,107,107,214
138,107,107,214
138,108,107,215
138,108,106,214
138,108,106,214
138,108,106,214
138,109,106,215
138,109,106,215
138,109,107,216
138,109,107,216
138,109,108,217
138,109,108,217
138,109,109,218
138,109,109,218
138,109,110,219
138,109,110,219
138,109,111,220
138,109,111,220
138,108,111,219
138,108,111,219
138,109,111,220
138,109,110,219
138,109,110,219
138,109,110,219
139,110,110,220
139,110,110,220
139,110,111,221
139,110,111,221
139,111,111,222
139,111,111,222
139,111,112,223
139,111,112,223
139,112,112,224
139,112,112,224
139,111,112,223
139,110,112,222
139,110,112,222
139,111,112,223
139,111,112,223
139,111,111,222
139,111,111,222
139,111,111,222
139,112,111,223
139,112,111,223
139,112,111,223
139,112,111,223
139,112,111,223
139,113,111,224
139,113,111,224
139,114,111,225
139,114,111,225
139,115,111,226
139,115,111,226
140,116,111,227
140,116,111,227
140,116,112,228
140,116,112,228
140,116,113,229
140,116,113,229
140,117,113,230
140,117,113,230
140,118,113,231
140,117,113,230
140,116,113,229
140,116,113,229
140,117,113,230
140,117,113,230
140,116,113,229
140,116,113,229
140,116,113,229
140,116,114,230
140,116,114,230
140,116,115,231
140,116,115,231
140,116,115,231
140,115,115,230
140,115,114,229
140,115,114,229
140,115,115,230
140,115,115,230
141,116,115,231
141,116,115,231
141,117,115,232
141,117,115,232
141,118,115,233
141,118,115,233
141,118,115,233
141,118,115,233
141,118,116,234
141,118,116,234
141,119,116,235
141,119,115,234
141,119,115,234
141,119,115,234
141,120,115,235
141,120,115,235
141,120,115,235
141,121,115,236
142,121,115,236
142,121,115,236
142,121,116,237
142,121,116,237
142,122,116,238
142,122,116,238
142,123,116,239
142,123,116,239
142,123,117,240
142,123,117,240
142,123,117,240
142,124,117,241
142,123,117,240
142,123,117,240
142,124,117,241
142,124,117,241
142,124,118,242
142,124,118,242
142,124,118,242
142,124,118,242
142,124,119,243
142,124,119,243
142,124,120,244
142,124,120,244
142,124,121,245
142,123,121,244
142,123,121,244
142,124,121,245
142,124,121,245
142,125,121,246
142,125,121,246
142,125,122,247
142,125,122,247
142,125,122,247
143,126,122,248
143,126,122,248
143,126,123,249
143,126,123,249
143,127,123,250
143,127,123,250
143,127,124,251
143,127,124,251
143,128,124,252
143,128,124,252
143,129,124,253
143,129,124,253
143,129,124,253
143,130,124,254
143,130,124,254
143,131,124,255
143,131,124,255
143,131,125,256
143,131,124,255
143,131,124,255
144,132,124,256
144,132,124,256
144,132,124,256
144,133,124,257
144,133,123,256
144,133,123,256
144,134,123,257
144,133,123,256
144,133,123,256
144,133,124,257
144,133,124,257
144,133,125,258
144,133,125,258
144,134,125,259
144,134,125,259
144,134,125,259
144,135,125,260
144,135,125,260
144,135,126,261
144,135,126,261
144,136,126,262
144,136,126,262
144,136,126,262
145,137,126,263
145,137,126,263
145,137,127,264
145,137,127,264
145,137,127,264
145,137,128,265
145,137,128,265
145,137,129,266
145,137,129,266
145,136,129,265
145,136,129,265
145,137,129,266
145,137,128,265
145,137,128,265
145,137,129,266
145,137,129,266
145,137,130,267
145,137,130,267
145,137,131,268
145,137,131,268
145,137,132,269
145,137,132,269
145,137,132,269
145,137,133,270
145,137,133,270
145,138,133,271
145,138,133,271
145,138,134,272
145,138,134,272
145,138,135,273
145,137,135,272
145,137,135,272
145,137,136,273
145,137,135,272
145,137,135,272
146,137,135,272
146,137,135,272
146,137,136,273
146,137,136,273
146,137,137,274
146,137,137,274
146,137,138,275
146,137,138,275
146,138,138,276
146,138,137,275
146,137,137,274
146,137,137,274
146,137,138,275
146,137,138,275
146,137,139,276
146,137,139,276
146,137,140,277
146,137,140,277
146,137,140,277
146,137,140,277
146,137,140,277
146,137,141,278
146,137,141,278
146,138,141,279
146,138,141,279
146,138,142,280
146,138,142,280
146,139,142,281
146,139,142,281
146,139,143,282
146,139,143,282
146,139,142,281
147,139,142,281
147,139,142,281
147,139,142,281
147,139,143,282
147,139,142,281
147,139,142,281
147,139,143,282
147,139,143,282
147,139,144,283
147,139,144,283
147,140,144,284
147,140,144,284
147,140,145,285
147,140,145,285
147,141,145,286
147,141,145,286
147,142,145,287
147,142,145,287
147,142,145,287
147,143,145,288
147,143,145,288
147,143,146,289
147,143,146,289
147,143,145,288
147,143,145,288
147,143,145,288
147,143,146,289
147,143,146,289
147,143,147,290
147,143,147,290
147,143,146,289
147,143,145,288
147,143,145,288
147,143,146,289
147,143,145,288
148,143,145,288
148,143,145,288
148,143,145,288
148,144,145,289
148,144,145,289
148,144,145,289
148,144,144,288
148,144,144,288
148,144,144,288
148,145,144,289
148,145,144,289
148,145,145,290
148,145,145,290
148,146,145,291
148,146,145,291
148,146,145,291
148,146,145,291
148,146,145,291
148,146,145,291
148,146,146,292
148,146,146,292
148,146,147,293
148,146,147,293
148,147,147,294
148,147,147,294
148,148,147,295
148,148,147,295
148,149,147,296
148,149,147,296
148,149,148,297
149,149,148,297
149,149,148,297
149,149,148,297
149,149,149,298
149,149,149,298
149,149,149,298
149,149,149,298
149,149,149,298
149,150,149,299
149,150,149,299
149,150,150,300
149,150,150,300
149,151,150,301
149,151,150,301
149,151,150,301
149,151,150,301
149,151,150,301
149,151,150,301
149,151,151,302
149,150,151,301
149,150,151,301
149,150,151,301
149,150,152,302
149,150,151,301
149,150,151,301
149,150,152,302
149,150,152,302
149,150,153,303
149,150,153,303
150,150,154,304
150,150,154,304
150,150,154,304
150,150,155,305
150,150,154,304
150,150,154,304
150,150,155,305
150,150,155,305
150,151,155,306
150,151,154,305
150,151,154,305
150,151,155,306
150,151,155,306
150,151,156,307
150,151,156,307
150,152,156,308
150,152,156,308
150,151,156,307
150,151,156,307
150,152,156,308
150,152,156,308
150,153,156,309
150,153,156,309
150,152,156,308
150,152,156,308
150,153,156,309
150,153,156,309
150,152,156,308
150,152,156,308
150,152,156,308
150,152,156,308
150,152,157,309
150,152,157,309
151,152,157,309
151,152,157,309
151,152,157,309
151,153,157,310
151,153,157,310
151,154,157,311
151,154,157,311
151,154,158,312
151,153,158,311
151,153,158,311
151,153,158,311
151,153,159,312
151,153,159,312
151,153,159,312
151,153,160,313
151,153,159,312
151,153,158,311
151,153,158,311
151,154,158,312
151,154,158,312
151,154,158,312
151,154,158,312
151,154,158,312
151,154,158,312
151,154,159,313
151,154,159,313
151,155,159,314
151,155,158,313
151,154,158,312
151,154,158,312
151,154,157,311
151,154,157,311
151,154,158,312
151,154,158,312
151,155,158,313
151,154,158,312
151,154,158,312
151,154,159,313
151,154,159,313
151,153,159,312
151,153,158,311
151,153,158,311
152,153,159,312
152,153,159,312
152,153,159,312
152,154,159,313
152,154,159,313
152,154,160,314
152,154,159,313
152,154,159,313
152,154,158,312
152,154,158,312
152,154,158,312
152,154,159,313
152,153,159,312
152,153,159,312
152,154,159,313
152,154,159,313
152,154,159,313
152,155,159,314
152,155,159,314
152,155,160,315
152,155,160,315
152,156,160,316
152,156,160,316
152,157,160,317
152,157,160,317
152,158,160,318
152,158,160,318
152,159,160,319
153,159,160,319
153,159,160,319
153,159,161,320
153,159,161,320
153,159,160,319
153,159,159,318
153,158,159,317
153,158,159,317
153,158,159,317
153,158,160,318
153,157,160,317
153,157,160,317
153,157,161,318
153,157,161,318
153,157,161,318
153,157,161,318
153,158,161,319
153,158,161,319
153,158,162,320
153,158,162,320
153,158,161,319
153,158,161,319
153,158,161,319
153,159,161,320
153,159,161,320
153,160,161,321
153,160,161,321
153,160,161,321
153,160,162,322
153,160,162,322
153,160,163,323
153,160,162,322
153,160,161,321
153,160,161,321
153,160,161,321
153,161,161,322
153,161,160,321
153,161,160,321
153,161,161,322
153,161,161,322
153,162,161,323
153,162,161,323
153,162,162,324
153,162,162,324
153,162,162,324
153,161,162,323
153,161,162,323
153,162,162,324
153,162,162,324
153,162,161,323
153,162,161,323
153,163,161,324
153,163,161,324
153,164,161,325
154,164,161,325
154,163,161,324
154,163,161,324
154,163,162,325
154,163,162,325
154,164,162,326
154,164,162,326
154,164,163,327
154,164,163,327
154,164,163,327
154,164,164,328
154,164,164,328
154,165,164,329
154,165,164,329
154,164,164,328
154,164,164,328
154,165,164,329
154,165,164,329
154,165,165,330
154,165,165,330
154,165,166,331
154,165,166,331
154,165,167,332
154,164,167,331
154,164,167,331
154,165,167,332
154,165,167,332
154,165,167,332
154,166,167,333
154,166,167,333
154,166,167,333
154,166,168,334
154,166,168,334
154,166,169,335
154,166,169,335
154,167,169,336
154,167,169,336
154,167,170,337
154,167,169,336
154,167,169,336
154,167,169,336
154,167,169,336
154,168,169,337
154,168,169,337
154,168,170,338
154,168,169,337
155,168,168,336
155,168,168,336
155,169,168,337
155,169,168,337
155,169,169,338
155,169,169,338
155,169,169,338
155,169,169,338
155,170,169,339
155,170,169,339
155,170,170,340
155,170,170,340
155,171,170,341
155,171,170,341
155,171,170,341
155,172,170,342
155,171,170,341
155,171,170,341
155,171,171,342
155,170,171,341
155,170,170,340
155,170,170,340
155,171,170,341
155,171,170,341
155,171,170,341
155,172,170,342
155,172,170,342
155,172,171,343
155,172,171,343
155,172,171,343
155,173,171,344
155,173,171,344
155,174,171,345
155,174,171,345
155,174,172,346
155,174,172,346
155,174,172,346
155,174,173,347
155,173,173,346
155,173,172,345
155,173,171,344
155,173,171,344
155,173,172,345
155,173,172,345
156,174,172,346
156,173,172,345
156,173,172,345
156,173,172,345
156,173,172,345
156,174,172,346
156,174,172,346
156,174,173,347
156,174,173,347
156,174,173,347
156,174,174,348
156,174,174,348
156,174,175,349
156,173,175,348
156,173,175,348
156,173,176,349
156,173,175,348
156,173,175,348
156,173,174,347
156,173,173,346
156,173,172,345
156,173,172,345
156,173,173,346
156,172,173,345
156,172,172,344
156,172,172,344
156,172,171,343
156,172,171,343
156,173,171,344
156,173,171,344
156,174,171,345
156,174,171,345
156,174,171,345
156,174,172,346
156,174,172,346
156,174,172,346
156,174,173,347
156,174,173,347
156,173,173,346
156,173,173,346
156,173,173,346
156,173,173,346
156,174,173,347
156,174,172,346
156,174,172,346
156,174,172,346
156,174,172,346
157,174,173,347
157,174,173,347
157,174,174,348
157,173,174,347
157,173,174,347
157,173,174,347
157,173,174,347
157,174,174,348
157,174,174,348
157,174,174,348
157,174,173,347
157,174,173,347
157,174,173,347
157,174,174,348
157,173,174,347
157,173,174,347
157,173,174,347
157,174,174,348
157,174,174,348
157,174,173,347
157,174,173,347
157,174,173,347
157,174,174,348
157,173,174,347
157,173,174,347
157,173,174,347
157,173,173,346
157,173,173,346
157,173,174,347
157,173,174,347
157,173,175,348
157,173,174,347
157,173,174,347
157,174,174,348
157,174,174,348
157,175,174,349
157,175,174,349
157,175,174,349
157,175,175,350
157,175,175,350
157,175,176,351
157,175,176,351
157,175,177,352
157,175,176,351
157,175,176,351
157,176,176,352
157,176,175,351
157,176,175,351
157,176,176,352
157,176,176,352
158,176,177,353
158,176,177,353
158,177,177,354
158,177,177,354
158,176,177,353
158,176,177,353
158,176,177,353
158,177,177,354
158,177,177,354
158,176,177,353
158,176,177,353
158,176,178,354
158,175,178,353
158,175,178,353
158,175,179,354
158,175,179,354
158,175,178,353
158,175,177,352
158,175,177,352
158,175,177,352
158,175,178,353
158,175,178,353
158,175,178,353
158,175,179,354
158,175,179,354
158,175,179,354
158,175,180,355
158,175,180,355
158,175,181,356
158,175,181,356
158,175,181,356
158,175,182,357
158,175,182,357
158,175,183,358
158,175,182,357
158,175,182,357
158,175,182,357
158,176,182,358
158,176,182,358
159,177,182,359
159,177,181,358
159,176,181,357
159,176,181,357
159,176,181,357
159,176,182,358
159,176,182,358
159,176,182,358
159,177,182,359
159,177,182,359
159,177,182,359
159,178,182,360
159,178,182,360
159,178,183,361
159,178,183,361
159,178,184,362
159,178,184,362
159,177,184,361
159,177,183,360
159,177,183,360
159,177,184,361
159,177,183,360
159,177,183,360
159,178,183,361
159,178,182,360
159,178,182,360
159,178,182,360
159,178,182,360
159,178,182,360
159,178,182,360
159,178,182,360
159,178,182,360
159,179,182,361
159,178,182,360
159,178,182,360
159,178,182,360
159,178,182,360
159,179,182,361
159,179,182,361
160,179,183,362
160,179,183,362
160,179,184,363
160,179,184,363
160,180,184,364
160,180,184,364
160,180,184,364
160,180,184,364
160,181,184,365
160,181,184,365
160,181,184,365
160,181,185,366
160,181,185,366
160,181,186,367
160,181,186,367
160,181,186,367
160,182,186,368
160,182,186,368
160,183,186,369
160,183,186,369
160,183,186,369
160,183,186,369
160,183,186,369
160,184,186,370
160,184,186,370
160,185,186,371
160,184,186,370
160,184,186,370
160,185,186,371
160,184,186,370
160,184,186,370
160,184,187,371
160,184,187,371
160,184,188,372
160,184,188,372
160,184,188,372
160,184,188,372
160,185,188,373
160,185,188,373
160,186,188,374
160,186,188,374
160,186,188,374
160,187,188,375
160,187,188,375
160,187,188,375
160,187,188,375
160,187,189,376
160,187,189,376
160,187,190,377
160,187,190,377
160,187,191,378
160,187,191,378
160,187,191,378
160,187,191,378
160,188,191,379
160,188,191,379
160,188,192,380
161,188,192,380
161,188,192,380
161,188,192,380
161,188,192,380
161,188,192,380
161,189,192,381
161,189,192,381
161,189,193,382
161,188,193,381
161,188,193,381
161,188,193,381
161,188,193,381
161,189,193,382
161,189,193,382
161,189,194,383
161,189,193,382
161,189,193,382
161,190,193,383
161,190,193,383
161,190,193,383
161,191,193,384
161,191,193,384
161,192,193,385
161,192,193,385
161,192,192,384
161,192,192,384
161,192,193,385
161,192,193,385
161,193,193,386
161,193,193,386
161,193,194,387
161,193,194,387
161,193,194,387
161,193,194,387
161,193,195,388
161,193,195,388
161,192,195,387
161,192,195,387
161,192,195,387
161,192,196,388
161,192,196,388
161,192,195,387
161,192,195,387
161,192,196,388
161,192,196,388
162,192,197,389
162,192,197,389
162,192,198,390
162,192,198,390
162,193,198,391
162,193,197,390
162,193,197,390
162,193,197,390
162,193,197,390
162,192,197,389
162,192,197,389
162,193,197,390
162,193,197,390
162,194,197,391
162,194,197,391
162,194,197,391
162,195,197,392
162,195,197,392
162,195,197,392
162,195,198,393
162,195,198,393
162,196,198,394
162,196,197,393
162,196,197,393
162,196,197,393
162,196,198,394
162,196,198,394
162,197,198,395
162,197,198,395
162,197,198,395
162,198,198,396
162,198,198,396
162,198,199,397
162,198,199,397
162,198,199,397
162,199,199,398
162,199,199,398
162,200,199,399
162,200,199,399
162,200,200,400
162,200,200,400
162,199,200,399
162,199,200,399
162,199,201,400
162,199,201,400
162,199,201,400
162,199,201,400
162,200,201,401
162,200,200,400
162,199,200,399
162,199,200,399
162,199,201,400
162,199,200,399
162,199,200,399
162,199,200,399
162,199,201,400
162,199,201,400
162,199,202,401
162,199,202,401
162,200,202,402
162,200,202,402
163,200,202,402
163,200,202,402
163,201,202,403
163,201,202,403
163,201,202,403
163,202,202,404
163,202,201,403
163,202,201,403
163,202,201,403
163,202,201,403
163,202,201,403
163,202,201,403
163,202,201,403
163,202,201,403
163,202,202,404
163,202,202,404
163,203,202,405
163,203,202,405
163,204,202,406
163,204,202,406
163,205,202,407
163,205,202,407
163,205,203,408
163,204,203,407
163,204,203,407
163,204,203,407
163,204,202,406
163,204,202,406
163,205,202,407
163,205,202,407
163,206,202,408
163,206,202,408
163,206,202,408
163,206,202,408
163,206,202,408
163,207,202,409
163,207,202,409
163,208,202,410
163,208,202,410
163,207,202,409
163,207,202,409
163,206,202,408
163,206,202,408
163,207,202,409
163,207,202,409
163,207,203,410
163,207,203,410
163,208,203,411
163,208,203,411
163,209,203,412
163,209,203,412
163,209,204,413
163,209,204,413
163,210,204,414
163,210,204,414
163,210,204,414
163,211,204,415
163,211,204,415
163,211,205,416
163,211,205,416
163,211,205,416
163,211,205,416
163,211,205,416
163,212,205,417
164,211,205,416
164,211,205,416
164,212,205,417
164,212,205,417
164,212,205,417
164,213,205,418
164,212,205,417
164,212,205,417
164,213,205,418
164,213,205,418
164,213,206,419
164,213,206,419
164,213,207,420
164,213,207,420
164,213,208,421
164,213,208,421
164,213,208,421
164,212,208,420
164,212,208,420
164,212,209,421
164,212,209,421
164,212,210,422
164,212,210,422
164,212,210,422
164,212,211,423
164,212,211,423
164,212,212,424
164,212,211,423
164,212,211,423
164,212,212,424
164,212,211,423
164,212,211,423
164,212,212,424
164,212,212,424
164,213,212,425
164,213,212,425
164,214,212,426
164,214,212,426
164,215,212,427
164,215,212,427
164,215,211,426
164,215,211,426
164,216,211,427
164,216,211,427
164,217,211,428
164,217,211,428
164,218,211,429
164,218,211,429
164,219,211,430
164,219,211,430
164,219,211,430
164,219,211,430
164,219,212,431
164,219,212,431
164,219,213,432
164,219,213,432
164,220,213,433
164,220,213,433
164,221,213,434
164,221,213,434
164,221,213,434
164,221,213,434
164,221,213,434
164,221,214,435
164,221,214,435
164,221,214,435
164,221,215,436
165,221,215,436
165,221,215,436
165,222,215,437
165,222,215,437
165,222,216,438
165,222,216,438
165,223,216,439
165,223,216,439
165,223,217,440
165,223,217,440
165,223,218,441
165,223,218,441
165,224,218,442
165,224,218,442
165,224,218,442
165,224,219,443
165,224,219,443
165,224,219,443
165,224,220,444
165,224,220,444
165,225,220,445
165,225,220,445
165,226,220,446
165,226,220,446
165,226,220,446
165,225,220,445
165,225,220,445
165,224,220,444
165,224,220,444
165,224,221,445
165,224,221,445
165,225,221,446
165,225,221,446
165,225,221,446
165,225,221,446
165,225,222,447
165,225,222,447
165,225,222,447
165,226,222,448
165,226,222,448
165,227,222,449
165,227,222,449
165,228,222,450
165,228,222,450
165,229,222,451
165,229,222,451
165,230,222,452
165,230,222,452
165,230,223,453
165,230,223,453
165,231,223,454
165,231,223,454
165,231,224,455
165,231,224,455
165,231,224,455
165,231,224,455
165,231,224,455
165,231,225,456
165,231,225,456
165,231,225,456
165,231,225,456
165,231,226,457
165,231,226,457
166,231,227,458
166,231,227,458
166,231,228,459
166,231,228,459
166,232,228,460
166,232,228,460
166,232,229,461
166,232,229,461
166,233,229,462
166,233,229,462
166,234,229,463
166,233,229,462
166,232,229,461
166,232,229,461
166,232,230,462
166,232,230,462
166,233,230,463
166,233,230,463
166,233,230,463
166,233,230,463
166,233,231,464
166,232,231,463
166,232,230,462
166,232,230,462
166,232,231,463
166,232,231,463
166,233,231,464
166,233,231,464
166,233,231,464
166,233,232,465
166,233,232,465
166,233,232,465
166,234,232,466
166,234,232,466
166,235,232,467
166,235,232,467
166,235,232,467
166,236,232,468
166,235,232,467
166,235,232,467
166,236,232,468
166,236,232,468
166,237,232,469
166,236,232,468
166,235,232,467
166,235,232,467
166,236,232,468
166,236,232,468
166,236,233,469
166,236,233,469
166,237,233,470
166,237,233,470
166,237,233,470
166,237,234,471
166,237,234,471
166,237,234,471
166,237,235,472
166,237,235,472
167,238,235,473
167,238,235,473
167,239,235,474
167,239,235,474
167,240,235,475
167,240,235,475
167,240,235,475
167,240,235,475
167,240,236,476
167,240,236,476
167,241,236,477
167,241,236,477
167,242,236,478
167,242,236,478
167,242,237,479
167,242,237,479
167,243,237,480
167,243,237,480
167,243,237,480
167,244,237,481
167,244,237,481
167,244,238,482
167,244,238,482
167,244,238,482
167,245,238,483
167,245,238,483
167,246,238,484
167,246,238,484
167,246,238,484
167,246,238,484
167,247,238,485
167,246,238,484
167,246,238,484
167,246,239,485
167,246,239,485
167,247,239,486
167,247,239,486
167,247,239,486
167,248,239,487
167,247,239,486
167,247,239,486
167,247,240,487
167,246,240,486
167,246,240,486
167,246,240,486
167,246,240,486
167,246,239,485
167,246,239,485
167,247,239,486
167,247,239,486
167,248,239,487
167,248,239,487
167,248,239,487
167,248,239,487
167,248,240,488
167,248,240,488
167,248,240,488
168,248,241,489
168,248,241,489
168,247,241,488
168,247,241,488
168,247,241,488
168,248,241,489
168,248,240,488
168,247,240,487
168,247,239,486
168,247,239,486
168,248,239,487
168,248,239,487
168,248,240,488
168,248,240,488
168,248,240,488
168,248,240,488
168,248,240,488
168,248,241,489
168,248,241,489
168,249,241,490
168,248,241,489
168,248,241,489
168,249,241,490
168,249,241,490
168,250,241,491
168,250,241,491
168,251,241,492
168,250,241,491
168,250,241,491
168,251,241,492
168,251,241,492
168,252,241,493
168,251,241,492
168,251,241,492
168,251,242,493
168,251,242,493
168,251,243,494
168,250,243,493
168,250,243,493
168,250,243,493
168,250,243,493
168,250,243,493
168,251,243,494
168,251,243,494
168,251,243,494
168,251,242,493
168,250,242,492
168,250,242,492
168,251,242,493
168,251,242,493
168,252,242,494
168,252,242,494
168,253,242,495
168,253,242,495
169,253,243,496
169,253,243,496
169,253,243,496
169,253,243,496
169,253,244,497
169,253,244,497
169,253,245,498
169,253,245,498
169,254,245,499
169,254,245,499
169,254,245,499
169,254,245,499
169,254,246,500
169,254,245,499
169,254,245,499
169,255,245,500
169,255,245,500
169,255,246,501
169,255,246,501
169,255,246,501
169,256,246,502
169,256,246,502
169,256,247,503
169,256,246,502
169,256,245,501
169,256,245,501
169,256,246,502
169,256,246,502
169,256,247,503
169,255,247,502
169,255,247,502
169,255,248,503
169,255,248,503
169,255,248,503
169,255,247,502
169,255,247,502
169,256,247,503
169,256,247,503
169,256,248,504
169,256,248,504
169,256,248,504
169,257,248,505
169,257,248,505
169,257,249,506
169,257,248,505
169,257,248,505
169,257,249,506
169,257,249,506
169,258,249,507
169,258,248,506
169,258,248,506
169,258,249,507
169,258,249,507
169,259,249,508
169,259,249,508
169,259,250,509
169,259,250,509
169,260,250,510
169,260,250,510
169,261,250,511
169,261,250,511
169,261,250,511
169,261,251,512
169,261,251,512
169,261,252,513
169,260,252,512
169,260,252,512
169,260,252,512
169,260,253,513
169,260,253,513
169,260,253,513
169,260,254,514
169,260,254,514
169,260,255,515
169,260,255,515
169,261,255,516
169,261,255,516
169,261,256,517
169,261,256,517
170,262,256,518
170,262,256,518
170,262,257,519
170,262,257,519
170,263,257,520
170,263,257,520
170,264,257,521
170,264,257,521
170,264,257,521
170,264,258,522
170,264,258,522
170,265,258,523
170,265,258,523
170,265,257,522
170,264,257,521
170,264,257,521
170,264,258,522
170,264,258,522
170,264,259,523
170,264,259,523
170,264,258,522
170,264,257,521
170,264,256,520
170,264,256,520
170,264,256,520
170,263,256,519
170,263,256,519
170,263,256,519
170,264,256,520
170,264,256,520
170,264,257,521
170,264,257,521
170,265,257,522
170,265,257,522
170,265,258,523
170,265,258,523
170,266,258,524
170,266,258,524
170,266,258,524
170,266,259,525
170,265,259,524
170,265,259,524
170,266,259,525
170,266,259,525
170,266,260,526
170,266,260,526
170,267,260,527
170,267,260,527
170,268,260,528
170,268,260,528
170,268,259,527
170,267,259,526
170,266,259,525
170,266,259,525
170,266,260,526
170,266,259,525
170,266,259,525
170,266,258,524
170,266,258,524
170,266,258,524
170,266,259,525
171,265,259,524
171,265,258,523
171,265,258,523
171,265,258,523
171,266,258,524
171,265,258,523
171,265,258,523
171,266,258,524
171,266,258,524
171,266,258,524
171,266,259,525
171,266,259,525
171,266,260,526
171,266,260,526
171,267,260,527
171,267,260,527
171,267,261,528
171,266,261,527
171,266,261,527
171,266,261,527
171,266,262,528
171,266,262,528
171,266,262,528
171,266,263,529
171,266,262,528
171,266,262,528
171,267,262,529
171,267,262,529
171,267,263,530
171,267,263,530
171,268,263,531
171,268,263,531
171,268,264,532
171,268,264,532
171,268,264,532
171,268,265,533
171,268,265,533
171,268,266,534
171,268,265,533
171,268,264,532
171,268,263,531
171,268,262,530
171,268,262,530
171,268,263,531
171,268,263,531
171,268,264,532
171,268,264,532
171,267,264,531
171,267,264,531
171,268,264,532
171,268,264,532
171,268,264,532
171,268,264,532
171,268,264,532
171,268,265,533
171,268,265,533
171,268,266,534
171,268,266,534
171,268,266,534
171,268,265,533
171,268,265,533
171,268,265,533
171,268,265,533
171,268,265,533
172,268,266,534
172,268,265,533
172,268,265,533
172,268,266,534
172,268,266,534
172,268,266,534
172,268,266,534
172,268,266,534
172,268,266,534
172,269,266,535
172,269,266,535
172,270,266,536
172,270,265,535
172,269,265,534
172,269,265,534
172,270,265,535
172,270,265,535
172,270,265,535
172,271,265,536
172,270,265,535
172,270,265,535
172,271,265,536
172,271,265,536
172,271,266,537
172,271,266,537
172,271,267,538
172,271,267,538
172,271,267,538
172,272,267,539
172,272,267,539
172,273,267,540
172,273,267,540
172,274,267,541
172,274,267,541
172,274,267,541
172,274,268,542
172,274,268,542
172,275,268,543
172,275,268,543
172,275,269,544
172,275,269,544
172,275,269,544
172,275,270,545
172,275,270,545
172,275,271,546
172,275,271,546
172,275,271,546
172,276,271,547
172,276,271,547
172,277,271,548
172,277,271,548
172,278,271,549
172,278,271,549
172,278,272,550
172,278,272,550
172,278,273,551
172,278,273,551
172,278,274,552
172,278,274,552
172,278,275,553
172,278,275,553
172,279,275,554
172,278,275,553
172,277,275,552
172,277,275,552
172,277,276,553
172,277,276,553
172,278,276,554
172,278,276,554
172,278,277,555
172,278,277,555
172,278,278,556
172,278,278,556
172,278,278,556
172,279,278,557
172,279,277,556
172,279,277,556
173,279,278,557
173,279,278,557
173,279,278,557
173,280,278,558
173,280,278,558
173,281,278,559
173,281,278,559
173,281,279,560
173,281,279,560
173,282,279,561
173,282,279,561
173,283,279,562
173,283,279,562
173,283,279,562
173,283,280,563
173,283,280,563
173,284,280,564
173,284,280,564
173,284,281,565
173,284,281,565
173,284,282,566
173,284,282,566
173,284,283,567
173,284,283,567
173,284,283,567
173,285,283,568
173,285,283,568
173,285,284,569
173,285,284,569
173,285,284,569
173,285,285,570
173,285,285,570
173,285,286,571
173,285,286,571
173,286,286,572
173,286,286,572
173,286,287,573
173,286,287,573
173,286,287,573
173,286,287,573
173,287,287,574
173,287,287,574
173,287,288,575
173,287,288,575
173,287,288,575
173,287,289,576
173,287,289,576
173,287,289,576
173,287,289,576
173,287,290,577
173,287,290,577
173,288,290,578
173,288,290,578
173,287,290,577
173,287,290,577
173,287,290,577
173,287,290,577
173,287,290,577
173,287,290,577
173,288,290,578
173,288,290,578
173,288,290,578
173,289,290,579
173,289,290,579
173,289,290,579
173,289,290,579
173,290,290,580
173,289,290,579
173,288,290,578
173,287,290,577
173,286,290,576
173,286,290,576
173,286,290,576
173,286,290,576
173,287,290,577
173,287,289,576
173,287,289,576
173,287,289,576
173,287,290,577
173,287,290,577
173,288,290,578
173,287,290,577
173,287,290,577
173,287,290,577
173,288,290,578
173,288,290,578
173,289,290,579
173,289,290,579
173,289,290,579
173,290,290,580
173,290,290,580
173,290,290,580
173,291,290,581
173,291,290,581
174,292,290,582
174,292,290,582
174,292,291,583
174,291,291,582
174,291,290,581
174,291,290,581
174,292,290,582
174,292,290,582
174,292,290,582
174,292,290,582
174,292,291,583
174,292,291,583
174,293,291,584
174,293,291,584
174,294,291,585
174,293,291,584
174,293,291,584
174,294,291,585
174,294,291,585
174,294,292,586
174,294,292,586
174,294,293,587
174,294,293,587
174,294,293,587
174,294,294,588
174,294,294,588
174,294,295,589
174,294,295,589
174,294,296,590
174,293,296,589
174,293,296,589
174,293,297,590
174,293,297,590
174,293,297,590
174,294,297,591
174,294,297,591
174,294,298,592
174,294,298,592
174,295,298,593
174,295,298,593
174,295,298,593
174,295,298,593
174,296,298,594
174,296,298,594
174,297,298,595
174,297,298,595
174,298,298,596
174,298,298,596
174,298,298,596
174,298,297,595
174,298,297,595
174,298,297,595
174,299,297,596
174,299,297,596
174,299,297,596
174,300,297,597
174,300,297,597
175,301,297,598
175,301,297,598
175,301,297,598
175,301,298,599
175,300,298,598
175,300,298,598
175,300,297,597
175,300,297,597
175,299,297,596
175,299,297,596
175,300,297,597
175,299,297,596
175,299,297,596
175,299,297,596
175,300,297,597
175,300,297,597
175,300,298,598
175,300,298,598
175,300,298,598
175,300,298,598
175,300,299,599
175,300,299,599
175,300,299,599
175,301,299,600
175,301,299,600
175,302,299,601
175,302,299,601
175,302,299,601
175,302,300,602
175,302,300,602
175,302,300,602
175,303,300,603
175,303,300,603
175,302,300,602
175,302,300,602
175,302,301,603
175,302,301,603
175,303,301,604
175,303,301,604
175,304,301,605
175,304,301,605
175,305,301,606
175,305,301,606
175,306,301,607
175,306,301,607
175,307,301,608
175,306,301,607
175,306,301,607
175,306,301,607
175,306,302,608
175,306,302,608
175,307,302,609
175,307,302,609
175,307,303,610
175,307,303,610
175,307,304,611
175,307,304,611
175,308,304,612
175,308,304,612
175,309,304,613
175,309,304,613
175,309,304,613
175,310,304,614
175,310,304,614
175,311,304,615
175,311,304,615
175,311,304,615
175,311,305,616
175,311,305,616
175,312,305,617
175,312,305,617
175,312,306,618
176,311,306,617
176,311,306,617
176,311,307,618
176,311,307,618
176,311,308,619
176,311,308,619
176,312,308,620
176,312,308,620
176,312,309,621
176,312,309,621
176,312,310,622
176,312,309,621
176,312,309,621
176,312,310,622
176,312,309,621
176,312,309,621
176,312,310,622
176,312,310,622
176,312,310,622
176,313,310,623
176,313,310,623
176,314,310,624
176,314,310,624
176,314,310,624
176,314,311,625
176,314,311,625
176,315,311,626
176,315,311,626
176,315,310,625
176,315,310,625
176,315,311,626
176,315,311,626
176,316,311,627
176,316,311,627
176,316,311,627
176,315,311,626
176,315,311,626
176,316,311,627
176,316,311,627
176,316,311,627
176,317,311,628
176,317,311,628
176,318,311,629
176,318,311,629
176,318,311,629
176,318,311,629
176,318,311,629
176,319,311,630
176,318,311,629
176,318,311,629
176,318,312,630
176,318,312,630
176,319,312,631
176,319,312,631
176,320,312,632
176,320,312,632
176,321,312,633
176,320,312,632
176,319,312,631
176,319,312,631
176,320,312,632
176,320,312,632
176,320,312,632
176,321,312,633
176,321,312,633
176,321,313,634
176,321,313,634
176,321,314,635
176,321,314,635
176,321,314,635
176,321,315,636
176,321,315,636
176,321,316,637
176,321,316,637
176,321,317,638
176,321,317,638
176,322,317,639
176,322,317,639
176,322,318,640
176,322,318,640
177,322,319,641
177,322,319,641
177,321,319,640
177,321,319,640
177,321,320,641
177,321,320,641
177,321,320,641
177,321,321,642
177,321,320,641
177,321,320,641
177,321,321,642
177,321,321,642
177,322,321,643
177,322,321,643
177,322,322,644
177,322,321,643
177,322,321,643
177,322,321,643
177,322,322,644
177,322,322,644
177,322,322,644
177,322,323,645
177,322,323,645
177,323,323,646
177,323,323,646
177,323,323,646
177,323,324,647
177,323,324,647
177,323,325,648
177,323,325,648
177,323,325,648
177,323,325,648
177,323,325,648
177,324,325,649
177,324,325,649
177,324,326,650
177,324,325,649
177,324,325,649
177,324,325,649
177,325,325,650
177,325,325,650
177,325,325,650
177,325,326,651
177,325,326,651
177,325,327,652
177,325,326,651
177,325,325,650
177,325,325,650
177,325,326,651
177,325,326,651
177,325,326,651
177,326,326,652
177,326,325,651
177,326,325,651
177,327,325,652
177,327,325,652
177,328,325,653
177,328,325,653
177,328,326,654
177,328,326,654
177,328,326,654
177,328,326,654
177,328,326,654
177,328,326,654
177,329,326,655
177,329,326,655
177,329,327,656
177,329,327,656
177,329,328,657
177,329,328,657
177,330,328,658
177,330,328,658
177,330,329,659
177,330,329,659
177,330,329,659
177,331,329,660
177,331,329,660
177,331,330,661
178,330,330,660
178,330,330,660
178,330,329,659
178,330,329,659
178,329,329,658
178,329,329,658
178,330,329,659
178,330,329,659
178,330,328,658
178,330,328,658
178,331,328,659
178,331,328,659
178,331,329,660
178,331,329,660
178,331,329,660
178,330,329,659
178,330,328,658
178,330,328,658
178,330,329,659
178,330,329,659
178,330,330,660
178,330,330,660
178,331,330,661
178,331,330,661
178,331,330,661
178,332,330,662
178,332,330,662
178,332,331,663
178,332,331,663
178,332,331,663
178,332,332,664
178,332,332,664
178,333,332,665
178,333,332,665
178,334,332,666
178,334,332,666
178,334,332,666
178,334,333,667
178,334,333,667
178,334,334,668
178,334,334,668
178,334,335,669
178,334,335,669
178,334,336,670
178,334,336,670
178,334,337,671
178,334,337,671
178,334,338,672
178,334,338,672
178,334,339,673
178,334,339,673
178,334,339,673
178,334,340,674
178,334,340,674
178,334,341,675
178,334,341,675
178,335,341,676
178,335,341,676
178,336,341,677
178,336,341,677
178,337,341,678
178,336,341,677
178,336,341,677
178,337,341,678
178,337,341,678
178,337,341,678
178,337,342,679
178,337,342,679
178,337,342,679
178,337,342,679
178,338,342,680
178,338,342,680
178,339,342,681
178,339,342,681
178,340,342,682
178,340,342,682
178,340,342,682
178,340,342,682
178,341,342,683
178,341,342,683
178,342,342,684
178,342,342,684
178,341,342,683
178,341,342,683
179,342,342,684
179,341,342,683
179,341,342,683
179,341,342,683
179,342,342,684
179,341,342,683
179,341,342,683
179,341,343,684
179,341,343,684
179,341,344,685
179,341,344,685
179,342,344,686
179,341,344,685
179,341,344,685
179,341,345,686
179,341,345,686
179,340,345,685
179,340,345,685
179,340,345,685
179,340,345,685
179,340,346,686
179,340,346,686
179,341,346,687
179,341,346,687
179,341,346,687
179,341,346,687
179,342,346,688
179,342,345,687
179,342,345,687
179,343,345,688
179,343,345,688
179,344,345,689
179,344,345,689
179,344,346,690
179,344,346,690
179,344,347,691
179,344,347,691
179,344,348,692
179,344,348,692
179,344,348,692
179,344,349,693
179,344,349,693
179,344,350,694
179,343,350,693
179,343,350,693
179,344,350,694
179,344,350,694
179,344,350,694
179,345,350,695
179,345,350,695
179,345,350,695
179,345,350,695
179,346,350,696
179,346,350,696
179,346,350,696
179,346,350,696
179,346,351,697
179,346,351,697
179,346,352,698
179,346,352,698
179,347,352,699
179,347,352,699
179,348,352,700
179,348,351,699
179,348,351,699
179,348,351,699
179,348,351,699
180,347,351,698
180,347,351,698
180,347,351,698
180,347,351,698
180,347,351,698
180,347,351,698
180,348,351,699
180,348,351,699
180,349,351,700
180,349,351,700
180,350,351,701
180,349,351,700
180,349,351,700
180,349,351,700
180,350,351,701
180,350,351,701
180,350,352,702
180,350,352,702
180,350,352,702
180,351,352,703
180,351,352,703
180,351,353,704
180,351,353,704
180,352,353,705
180,351,353,704
180,351,353,704
180,352,353,705
180,352,353,705
180,352,354,706
180,352,354,706
180,352,355,707
180,352,355,707
180,352,356,708
180,352,356,708
180,352,357,709
180,352,357,709
180,352,357,709
180,353,357,710
180,353,357,710
180,353,357,710
180,354,357,711
180,354,357,711
180,354,357,711
180,354,357,711
180,354,358,712
180,354,358,712
180,354,359,713
180,354,359,713
180,355,359,714
180,355,359,714
180,356,359,715
180,356,359,715
180,356,359,715
180,357,359,716
180,357,359,716
180,358,359,717
180,358,359,717
180,358,360,718
180,358,360,718
180,358,361,719
180,358,361,719
180,358,361,719
180,359,361,720
180,359,361,720
180,359,362,721
180,359,362,721
180,360,362,722
180,360,362,722
180,360,363,723
180,359,363,722
180,359,363,722
180,359,364,723
180,359,363,722
180,359,363,722
180,359,364,723
180,359,364,723
180,360,364,724
180,360,364,724
180,360,365,725
180,360,364,724
181,360,364,724
181,360,364,724
181,361,364,725
181,361,364,725
181,362,364,726
181,362,364,726
181,363,364,727
181,363,364,727
181,364,364,728
181,364,364,728
181,364,364,728
181,364,364,728
181,364,363,727
181,364,363,727
181,364,364,728
181,363,364,727
181,363,364,727
181,364,364,728
181,364,364,728
181,364,364,728
181,364,363,727
181,364,363,727
181,364,364,728
181,364,364,728
181,364,365,729
181,364,365,729
181,363,365,728
181,363,365,728
181,364,365,729
181,364,365,729
181,365,365,730
181,365,365,730
181,365,365,730
181,365,366,731
181,365,366,731
181,365,365,730
181,365,365,730
181,366,365,731
181,366,365,731
181,366,366,732
181,366,366,732
181,366,367,733
181,366,367,733
181,367,367,734
181,367,367,734
181,367,367,734
181,367,368,735
181,367,368,735
181,367,368,735
181,367,368,735
181,367,369,736
181,367,369,736
181,368,369,737
181,368,369,737
181,368,370,738
181,368,370,738
181,368,370,738
181,368,371,739
181,368,371,739
181,369,371,740
181,369,371,740
181,370,371,741
181,370,371,741
181,370,371,741
181,370,372,742
181,370,372,742
181,370,373,743
181,370,373,743
181,370,374,744
181,370,374,744
181,370,374,744
181,370,375,745
181,370,375,745
181,371,375,746
181,371,375,746
181,371,375,746
181,372,375,747
181,372,375,747
181,373,375,748
181,373,375,748
182,373,376,749
182,373,376,749
182,374,376,750
182,374,376,750
182,375,376,751
182,375,376,751
182,376,376,752
182,376,376,752
182,377,376,753
182,377,375,752
182,377,375,752
182,377,376,753
182,377,376,753
182,378,376,754
182,378,376,754
182,378,376,754
182,378,376,754
182,377,376,753
182,377,376,753
182,377,376,753
182,377,376,753
182,377,377,754
182,377,377,754
182,378,377,755
182,378,377,755
182,377,377,754
182,376,377,753
182,376,376,752
182,376,375,751
182,375,375,750
182,375,375,750
182,375,376,751
182,375,376,751
182,375,377,752
182,374,377,751
182,374,377,751
182,375,377,752
182,375,377,752
182,376,377,753
182,376,377,753
182,376,377,753
182,376,376,752
182,376,376,752
182,376,376,752
182,377,376,753
182,376,376,752
182,376,376,752
182,376,376,752
182,376,377,753
182,376,377,753
182,376,377,753
182,376,377,753
182,377,377,754
182,377,377,754
182,377,377,754
182,378,377,755
182,378,377,755
182,378,378,756
182,378,378,756
182,378,379,757
182,377,379,756
182,377,379,756
182,377,378,755
182,377,378,755
182,378,378,756
182,378,378,756
182,378,379,757
182,378,379,757
182,378,380,758
182,378,380,758
182,378,381,759
182,378,380,758
182,378,380,758
182,378,380,758
182,378,379,757
182,378,379,757
182,378,380,758
182,378,380,758
182,378,380,758
182,378,379,757
182,378,379,757
182,378,380,758
182,378,380,758
182,378,379,757
182,378,379,757
182,378,380,758
182,378,380,758
182,378,380,758
182,378,380,758
182,379,380,759
182,379,380,759
182,379,380,759
182,380,380,760
182,380,380,760
183,380,381,761
183,380,381,761
183,380,380,760
183,380,380,760
183,381,380,761
183,381,380,761
183,381,381,762
183,381,381,762
183,382,381,763
183,382,381,763
183,382,381,763
183,382,381,763
183,383,381,764
183,383,380,763
183,382,380,762
183,382,380,762
183,382,381,763
183,382,381,763
183,383,381,764
183,383,381,764
183,382,381,763
183,382,381,763
183,382,381,763
183,382,381,763
183,382,381,763
183,382,381,763
183,383,381,764
183,383,381,764
183,384,381,765
183,384,381,765
183,384,382,766
183,384,382,766
183,384,382,766
183,384,382,766
183,384,383,767
183,384,383,767
183,384,383,767
183,384,384,768
183,384,384,768
183,385,384,769
183,385,384,769
183,385,384,769
183,386,384,770
183,386,384,770
183,386,385,771
183,386,385,771
183,386,385,771
183,387,385,772
183,387,385,772
183,387,386,773
183,387,386,773
183,387,386,773
183,387,386,773
183,387,386,773
183,388,386,774
183,388,386,774
183,389,386,775
183,389,386,775
183,389,387,776
183,389,387,776
183,390,387,777
183,390,387,777
183,390,388,778
183,390,388,778
183,390,388,778
184,390,389,779
184,390,389,779
184,390,390,780
184,390,390,780
184,389,390,779
184,389,389,778
184,389,388,777
184,389,388,777
184,389,388,777
184,389,389,778
184,389,389,778
184,389,390,779
184,389,390,779
184,390,390,780
184,390,390,780
184,390,391,781
184,390,391,781
184,390,390,780
184,390,389,779
184,390,389,779
184,390,389,779
184,391,389,780
184,391,389,780
184,391,390,781
184,391,390,781
184,392,390,782
184,392,390,782
184,392,391,783
184,391,391,782
184,391,391,782
184,391,392,783
184,391,391,782
184,391,391,782
184,391,391,782
184,391,392,783
184,391,392,783
184,392,392,784
184,392,392,784
184,392,392,784
184,392,392,784
184,392,392,784
184,392,391,783
184,392,391,783
184,392,391,783
184,392,391,783
184,393,391,784
184,393,391,784
184,394,391,785
184,394,391,785
184,394,392,786
184,394,392,786
184,395,392,787
184,395,392,787
184,395,393,788
184,395,393,788
184,395,394,789
184,395,394,789
184,395,395,790
184,395,395,790
184,394,395,789
184,394,395,789
184,394,396,790
184,394,396,790
184,394,396,790
184,394,396,790
184,395,396,791
184,395,396,791
184,395,397,792
184,395,397,792
184,395,396,791
184,395,396,791
184,395,397,792
184,395,397,792
184,396,397,793
184,396,396,792
184,396,396,792
184,396,397,793
184,396,397,793
184,397,397,794
184,397,397,794
184,396,397,793
184,395,397,792
184,395,397,792
184,395,396,791
184,395,396,791
184,396,396,792
184,396,396,792
184,397,396,793
184,397,396,793
184,397,397,794
184,397,397,794
184,397,397,794
184,398,397,795
184,398,397,795
184,398,397,795
184,399,397,796
184,399,397,796
184,400,397,797
185,400,397,797
185,400,397,797
185,400,397,797
185,400,397,797
185,400,398,798
185,400,397,797
185,400,397,797
185,400,398,798
185,400,398,798
185,400,397,797
185,400,397,797
185,400,397,797
185,401,397,798
185,401,397,798
185,401,397,798
185,401,396,797
185,400,396,796
185,400,396,796
185,400,397,797
185,399,397,796
185,399,397,796
185,400,397,797
185,400,397,797
185,400,398,798
185,400,398,798
185,400,399,799
185,400,399,799
185,401,399,800
185,401,398,799
185,401,398,799
185,401,399,800
185,401,399,800
185,401,399,800
185,402,399,801
185,402,399,801
185,402,399,801
185,402,399,801
185,403,399,802
185,403,399,802
185,403,399,802
185,402,399,801
185,402,399,801
185,401,399,800
185,401,399,800
185,401,400,801
185,401,400,801
185,401,401,802
185,400,401,801
185,400,401,801
185,400,401,801
185,400,400,800
185,400,399,799
185,400,399,799
185,400,400,800
185,400,400,800
185,401,400,801
185,401,400,801
185,401,400,801
185,402,400,802
185,402,400,802
185,402,401,803
185,402,401,803
185,402,401,803
185,402,402,804
185,402,402,804
185,402,401,803
185,402,401,803
185,403,401,804
185,403,401,804
185,403,401,804
185,403,402,805
185,403,402,805
185,403,402,805
185,403,403,806
185,403,403,806
185,403,404,807
185,403,404,807
185,403,404,807
185,404,404,808
185,404,404,808
185,405,404,809
185,405,404,809
185,406,404,810
185,406,403,809
185,406,403,809
185,406,404,810
185,406,404,810
185,405,404,809
185,405,403,808
185,404,403,807
185,404,403,807
185,405,403,808
185,405,403,808
186,406,403,809
186,406,403,809
186,405,403,808
186,405,403,808
186,405,404,809
186,405,404,809
186,404,404,808
186,404,403,807
186,404,403,807
186,405,403,808
186,405,403,808
186,405,403,808
186,404,403,807
186,403,403,806
186,403,402,805
186,403,402,805
186,404,402,806
186,404,402,806
186,404,402,806
186,404,402,806
186,404,402,806
186,404,402,806
186,404,403,807
186,404,402,806
186,404,402,806
186,404,402,806
186,404,402,806
186,404,403,807
186,404,402,806
186,404,401,805
186,404,401,805
186,405,401,806
186,405,401,806
186,406,401,807
186,406,401,807
186,406,402,808
186,405,402,807
186,405,402,807
186,405,403,808
186,405,403,808
186,405,404,809
186,405,403,808
186,405,403,808
186,405,403,808
186,406,403,809
186,406,403,809
186,406,404,810
186,406,404,810
186,407,404,811
186,407,404,811
186,407,404,811
186,407,405,812
186,407,405,812
186,408,405,813
186,408,405,813
186,409,405,814
186,409,404,813
186,408,404,812
186,408,404,812
186,408,404,812
186,408,404,812
186,408,404,812
186,408,405,813
186,408,405,813
186,409,405,814
186,409,405,814
186,410,405,815
186,410,405,815
186,411,405,816
186,411,405,816
186,411,406,817
186,411,406,817
186,411,406,817
186,411,407,818
186,411,407,818
186,411,408,819
186,411,408,819
186,411,409,820
186,411,409,820
186,411,410,821
186,410,410,820
186,410,410,820
186,410,410,820
186,410,410,820
186,410,410,820
186,411,410,821
186,411,410,821
186,411,411,822
186,411,411,822
186,411,412,823
186,411,412,823
186,411,411,822
186,411,411,822
186,411,412,823
186,411,412,823
186,412,412,824
186,412,412,824
186,413,412,825
186,413,412,825
186,413,412,825
186,413,412,825
186,413,412,825
186,414,412,826
186,414,411,825
186,414,411,825
186,414,412,826
186,413,412,825
186,413,412,825
186,413,412,825
186,414,412,826
186,414,412,826
186,414,412,826
186,414,413,827
186,414,413,827
186,415,413,828
186,415,412,827
187,415,412,827
187,415,412,827
187,416,412,828
187,416,412,828
187,416,412,828
187,415,412,827
187,415,412,827
187,416,412,828
187,416,412,828
187,416,412,828
187,417,412,829
187,417,412,829
187,417,413,830
187,417,413,830
187,417,414,831
187,417,414,831
187,418,414,832
187,418,414,832
187,418,415,833
187,417,415,832
187,417,414,831
187,417,414,831
187,417,415,832
187,416,415,831
187,416,414,830
187,416,414,830
187,417,414,831
187,417,414,831
187,417,414,831
187,417,415,832
187,417,415,832
187,418,415,833
187,418,415,833
187,418,415,833
187,418,416,834
187,418,416,834
187,418,416,834
187,418,417,835
187,418,417,835
187,419,417,836
187,419,416,835
187,418,416,834
187,418,416,834
187,418,416,834
187,418,417,835
187,418,417,835
187,418,417,835
187,418,418,836
187,418,418,836
187,419,418,837
187,419,418,837
187,419,419,838
187,419,419,838
187,419,420,839
187,419,420,839
187,419,420,839
187,419,421,840
187,419,421,840
187,420,421,841
187,420,421,841
187,420,421,841
187,420,421,841
187,421,421,842
187,421,421,842
187,421,422,843
187,421,422,843
187,422,422,844
187,422,421,843
187,422,421,843
187,422,421,843
187,422,421,843
187,422,422,844
187,422,422,844
187,423,422,845
187,423,422,845
187,423,423,846
187,423,423,846
187,423,424,847
187,423,424,847
187,424,424,848
187,423,424,847
187,423,424,847
187,423,425,848
187,423,425,848
187,423,426,849
187,423,426,849
187,423,427,850
187,423,427,850
187,423,427,850
187,423,428,851
187,423,428,851
187,423,428,851
187,423,429,852
187,422,429,851
187,422,429,851
187,422,430,852
187,422,430,852
187,422,431,853
187,422,430,852
187,422,430,852
187,422,431,853
187,422,431,853
187,422,431,853
187,422,432,854
187,422,432,854
187,422,432,854
187,423,432,855
187,423,432,855
187,423,432,855
187,424,432,856
187,424,432,856
187,425,432,857
187,425,432,857
187,426,432,858
187,426,432,858
187,426,432,858
187,426,432,858
187,426,432,858
188,427,432,859
188,427,432,859
188,428,432,860
188,428,432,860
188,428,432,860
188,428,433,861
188,428,433,861
188,428,434,862
188,428,434,862
188,428,435,863
188,428,435,863
188,428,436,864
188,428,436,864
188,428,436,864
188,428,436,864
188,428,436,864
188,428,436,864
188,428,437,865
188,428,437,865
188,428,437,865
188,429,437,866
188,429,437,866
188,429,437,866
188,429,438,867
188,429,438,867
188,430,438,868
188,430,438,868
188,430,438,868
188,431,438,869
188,431,438,869
188,431,438,869
188,432,438,870
188,432,437,869
188,432,437,869
188,433,437,870
188,433,437,870
188,434,437,871
188,434,437,871
188,435,437,872
188,435,437,872
188,435,438,873
188,435,438,873
188,435,439,874
188,435,439,874
188,436,439,875
188,436,439,875
188,435,439,874
188,435,439,874
188,434,439,873
188,434,439,873
188,434,439,873
188,434,439,873
188,434,439,873
188,434,439,873
188,434,439,873
188,435,439,874
188,435,438,873
188,435,438,873
188,435,438,873
188,434,438,872
188,434,438,872
188,434,439,873
188,434,439,873
188,435,439,874
188,435,439,874
188,435,439,874
188,435,440,875
188,435,440,875
188,435,441,876
188,435,441,876
188,436,441,877
188,436,441,877
188,437,441,878
188,437,441,878
188,437,442,879
188,437,442,879
188,438,442,880
188,438,442,880
188,439,442,881
188,439,442,881
188,439,443,882
188,439,443,882
188,439,444,883
188,439,444,883
188,439,445,884
188,439,445,884
188,439,445,884
188,439,445,884
188,440,445,885
188,440,445,885
188,440,446,886
188,440,445,885
188,440,445,885
188,440,446,886
188,440,446,886
188,440,447,887
188,440,446,886
188,440,446,886
188,440,445,885
188,440,445,885
188,440,446,886
188,440,446,886
188,440,446,886
188,441,446,887
188,441,445,886
188,440,445,885
188,440,444,884
188,440,444,884
188,440,445,885
188,440,445,885
188,440,446,886
188,440,446,886
188,440,446,886
188,439,446,885
188,439,446,885
189,440,446,886
189,440,445,885
189,440,445,885
189,440,445,885
189,440,446,886
189,440,446,886
189,440,446,886
189,440,447,887
189,440,447,887
189,440,448,888
189,439,448,887
189,439,448,887
189,439,449,888
189,439,449,888
189,439,450,889
189,439,450,889
189,439,450,889
189,439,450,889
189,439,451,890
189,439,451,890
189,439,451,890
189,439,452,891
189,439,452,891
189,439,452,891
189,439,451,890
189,439,450,889
189,439,450,889
189,439,451,890
189,439,451,890
189,440,451,891
189,440,451,891
189,440,452,892
189,440,451,891
189,440,451,891
189,440,451,891
189,440,452,892
189,440,452,892
189,440,453,893
189,440,453,893
189,440,454,894
189,440,454,894
189,440,454,894
189,440,455,895
189,440,455,895
189,440,456,896
189,440,456,896
189,440,456,896
189,440,456,896
189,440,456,896
189,440,457,897
189,440,457,897
189,440,458,898
189,440,457,897
189,440,457,897
189,441,457,898
189,441,456,897
189,441,456,897
189,441,457,898
189,441,457,898
189,442,457,899
189,441,457,898
189,441,457,898
189,441,458,899
189,441,458,899
189,441,459,900
189,441,459,900
189,442,459,901
189,441,459,900
189,441,459,900
189,441,460,901
189,441,460,901
189,442,460,902
189,442,460,902
189,443,460,903
189,442,460,902
189,442,460,902
189,442,460,902
189,442,461,903
189,442,461,903
189,442,462,904
189,442,462,904
189,442,463,905
189,441,463,904
189,441,462,903
189,441,462,903
189,441,462,903
189,442,462,904
189,442,462,904
189,442,462,904
189,443,462,905
189,443,461,904
189,443,461,904
189,444,461,905
189,443,461,904
189,443,461,904
189,443,461,904
189,443,462,905
189,443,462,905
189,443,463,906
189,443,463,906
189,444,463,907
189,443,463,906
189,442,463,905
189,442,463,905
189,442,463,905
189,443,463,906
189,443,463,906
189,443,464,907
189,443,464,907
189,444,464,908
189,444,463,907
189,444,463,907
189,445,463,908
189,445,463,908
189,445,464,909
190,445,464,909
190,445,464,909
190,446,464,910
190,446,464,910
190,447,464,911
190,447,464,911
190,447,465,912
190,447,465,912
190,447,466,913
190,447,466,913
190,447,466,913
190,447,467,914
190,447,467,914
190,447,467,914
190,447,468,915
190,447,468,915
190,447,469,916
190,447,469,916
190,447,470,917
190,447,470,917
190,448,470,918
190,447,470,917
190,447,470,917
190,447,470,917
190,447,471,918
190,447,471,918
190,447,471,918
190,447,471,918
190,447,471,918
190,448,471,919
190,448,471,919
190,449,471,920
190,449,471,920
190,449,472,921
190,449,472,921
190,450,472,922
190,450,472,922
190,451,472,923
190,451,472,923
190,452,472,924
190,452,472,924
190,452,473,925
190,451,473,924
190,451,473,924
190,452,473,925
190,452,473,925
190,452,473,925
190,452,474,926
190,452,474,926
190,452,475,927
190,452,475,927
190,453,475,928
190,453,474,927
190,453,474,927
190,453,475,928
190,453,475,928
190,453,475,928
190,454,475,929
190,454,475,929
190,455,475,930
190,455,475,930
190,455,475,930
190,455,476,931
190,455,476,931
190,455,476,931
190,455,476,931
190,455,477,932
190,454,477,931
190,454,477,931
190,454,477,931
190,455,477,932
190,455,477,932
190,456,477,933
190,456,477,933
190,457,477,934
190,457,477,934
190,457,476,933
190,456,476,932
190,455,476,931
190,455,476,931
190,456,476,932
190,456,476,932
190,457,476,933
190,457,476,933
190,458,476,934
190,457,476,933
190,457,476,933
190,457,476,933
190,457,476,933
190,457,477,934
190,456,477,933
190,456,477,933
190,456,477,933
190,456,477,933
190,456,477,933
190,456,478,934
190,456,478,934
190,456,479,935
190,456,479,935
190,457,479,936
190,457,478,935
190,457,478,935
190,457,479,936
190,456,479,935
190,456,479,935
190,456,480,936
190,456,479,935
190,456,478,934
190,456,478,934
190,457,478,935
190,457,477,934
190,457,477,934
190,457,478,935
190,457,478,935
190,458,478,936
190,458,478,936
190,458,479,937
190,458,479,937
190,459,479,938
190,459,479,938
190,460,479,939
190,460,479,939
190,461,479,940
190,461,479,940
190,461,480,941
190,461,480,941
190,461,481,942
190,460,481,941
190,460,480,940
190,460,480,940
191,461,480,941
191,461,480,941
191,461,480,941
191,462,480,942
191,462,479,941
191,461,479,940
191,461,479,940
191,462,479,941
191,461,479,940
191,461,479,940
191,461,479,940
191,461,480,941
191,460,480,940
191,460,480,940
191,460,481,941
191,460,481,941
191,460,481,941
191,460,481,941
191,461,481,942
191,461,481,942
191,461,482,943
191,461,482,943
191,462,482,944
191,462,481,943
191,462,481,943
191,463,481,944
191,463,481,944
191,464,481,945
191,464,481,945
191,465,481,946
191,465,481,946
191,465,481,946
191,466,481,947
191,466,481,947
191,467,481,948
191,467,481,948
191,467,481,948
191,467,482,949
191,467,482,949
191,467,482,949
191,467,483,950
191,467,483,950
191,467,484,951
191,467,484,951
191,468,484,952
191,467,484,951
191,467,484,951
191,467,484,951
191,467,485,952
191,467,485,952
191,468,485,953
191,468,485,953
191,468,486,954
191,468,486,954
191,469,486,955
191,469,486,955
191,468,486,954
191,468,486,954
191,468,486,954
191,467,486,953
191,467,486,953
191,468,486,954
191,468,485,953
191,467,485,952
191,467,485,952
191,467,486,953
191,467,486,953
191,467,487,954
191,467,487,954
191,467,487,954
191,466,487,953
191,466,487,953
191,466,487,953
191,466,486,952
191,466,486,952
191,466,487,953
191,466,487,953
191,466,488,954
191,466,488,954
191,466,488,954
191,466,489,955
191,466,489,955
191,467,489,956
191,467,489,956
191,467,490,957
191,467,490,957
191,467,491,958
191,467,491,958
191,467,491,958
191,468,491,959
191,468,491,959
191,468,492,960
191,468,492,960
191,468,492,960
191,469,492,961
191,469,492,961
191,469,492,961
191,469,492,961
191,469,493,962
191,469,493,962
191,469,494,963
191,469,494,963
191,470,494,964
191,470,494,964
191,470,493,963
191,469,493,962
191,469,493,962
191,469,494,963
191,469,494,963
191,469,494,963
191,469,495,964
192,469,495,964
192,469,494,963
192,469,493,962
192,469,493,962
192,469,493,962
192,470,493,963
192,470,493,963
192,470,494,964
192,470,494,964
192,470,494,964
192,471,494,965
192,471,494,965
192,471,495,966
192,471,495,966
192,471,496,967
192,471,496,967
192,472,496,968
192,472,496,968
192,473,496,969
192,473,496,969
192,473,496,969
192,473,497,970
192,473,497,970
192,473,497,970
192,473,498,971
192,473,498,971
192,473,497,970
192,473,497,970
192,474,497,971
192,474,496,970
192,474,496,970
192,475,496,971
192,475,496,971
192,476,496,972
192,475,496,971
192,474,496,970
192,474,496,970
192,474,496,970
192,475,496,971
192,475,496,971
192,476,496,972
192,476,496,972
192,476,497,973
192,476,497,973
192,477,497,974
192,477,497,974
192,478,497,975
192,478,497,975
192,479,497,976
192,478,497,975
192,478,497,975
192,478,498,976
192,478,498,976
192,478,498,976
192,479,498,977
192,479,498,977
192,480,498,978
192,479,498,977
192,479,498,977
192,480,498,978
192,480,498,978
192,481,498,979
192,481,498,979
192,482,498,980
192,482,498,980
192,482,499,981
192,481,499,980
192,481,498,979
192,481,498,979
192,482,498,980
192,482,498,980
192,482,499,981
192,481,499,980
192,481,499,980
192,481,498,979
192,481,498,979
192,481,499,980
192,481,499,980
192,481,500,981
192,481,500,981
192,481,500,981
192,481,500,981
192,481,500,981
192,481,501,982
192,481,501,982
192,481,501,982
192,481,501,982
192,480,501,981
192,480,501,981
192,480,502,982
192,480,502,982
192,480,502,982
192,480,501,981
192,480,501,981
192,481,501,982
192,481,500,981
192,480,500,980
192,480,500,980
192,480,501,981
192,480,500,980
192,480,500,980
192,480,501,981
192,480,501,981
192,480,502,982
192,480,501,981
192,480,501,981
192,481,501,982
192,481,501,982
192,481,500,981
192,481,500,981
192,481,500,981
192,482,500,982
192,481,500,981
192,481,500,981
193,481,501,982
193,481,501,982
193,482,501,983
193,482,501,983
193,483,501,984
193,483,501,984
193,484,501,985
193,484,501,985
193,484,502,986
193,484,502,986
193,485,502,987
193,484,502,986
193,484,502,986
193,484,503,987
193,484,503,987
193,484,503,987
193,485,503,988
193,485,503,988
193,485,504,989
193,485,504,989
193,485,505,990
193,485,505,990
193,485,505,990
193,486,505,991
193,486,505,991
193,486,505,991
193,485,505,990
193,485,505,990
193,485,506,991
193,485,506,991
193,485,507,992
193,485,507,992
193,486,507,993
193,486,507,993
193,486,507,993
193,487,507,994
193,487,507,994
193,487,507,994
193,488,507,995
193,488,507,995
193,488,507,995
193,488,508,996
193,488,508,996
193,488,509,997
193,488,509,997
193,488,509,997
193,488,509,997
193,488,510,998
193,488,510,998
193,488,510,998
193,488,510,998
193,488,510,998
193,489,510,999
193,489,510,999
193,490,510,1000
193,490,510,1000
193,490,510,1000
193,490,510,1000
193,490,510,1000
193,490,511,1001
193,490,511,1001
193,491,511,1002
193,491,511,1002
193,490,511,1001
193,490,511,1001
193,490,511,1001
193,489,511,1000
193,489,511,1000
193,489,511,1000
193,489,511,1000
193,489,511,1000
193,489,511,1000
193,489,511,1000
193,490,511,1001
193,490,511,1001
193,491,511,1002
193,491,511,1002
193,492,511,1003
193,492,511,1003
193,492,511,1003
193,493,511,1004
193,493,511,1004
193,493,511,1004
193,494,511,1005
193,494,511,1005
193,494,512,1006
193,494,512,1006
193,495,512,1007
193,495,512,1007
193,495,512,1007
193,496,512,1008
193,496,512,1008
193,496,513,1009
193,496,513,1009
193,496,512,1008
193,496,512,1008
193,496,512,1008
193,496,513,1009
193,496,513,1009
193,496,513,1009
193,496,514,1010
193,496,514,1010
193,497,514,1011
193,497,514,1011
193,497,513,1010
193,496,513,1009
193,496,513,1009
193,497,513,1010
193,497,513,1010
193,498,513,1011
193,498,513,1011
193,499,513,1012
193,499,513,1012
194,500,513,1013
194,500,513,1013
194,501,513,1014
194,501,513,1014
194,502,513,1015
194,502,512,1014
194,502,512,1014
194,502,512,1014
194,501,512,1013
194,501,512,1013
194,501,513,1014
194,500,513,1013
194,500,512,1012
194,499,512,1011
194,499,512,1011
194,500,512,1012
194,500,512,1012
194,500,512,1012
194,500,512,1012
194,499,512,1011
194,499,512,1011
194,500,512,1012
194,500,512,1012
194,500,513,1013
194,500,513,1013
194,500,514,1014
194,500,514,1014
194,500,515,1015
194,500,515,1015
194,500,515,1015
194,500,516,1016
194,500,516,1016
194,500,517,1017
194,500,517,1017
194,500,517,1017
194,500,518,1018
194,500,518,1018
194,500,519,1019
194,500,519,1019
194,500,520,1020
194,499,520,1019
194,499,520,1019
194,499,521,1020
194,499,521,1020
194,499,522,1021
194,499,522,1021
194,499,522,1021
194,499,523,1022
194,499,523,1022
194,500,523,1023
194,500,523,1023
194,501,523,1024
194,501,522,1023
194,500,522,1022
194,500,522,1022
194,500,523,1023
194,500,523,1023
194,501,523,1024
194,501,523,1024
194,502,523,1025
194,502,523,1025
194,502,524,1026
194,501,524,1025
194,501,523,1024
194,501,523,1024
194,502,523,1025
194,502,523,1025
194,503,523,1026
194,503,523,1026
194,504,523,1027
194,503,523,1026
194,503,523,1026
194,503,523,1026
194,502,523,1025
194,502,523,1025
194,502,523,1025
194,502,523,1025
194,503,523,1026
194,503,523,1026
194,503,524,1027
194,503,524,1027
194,503,525,1028
194,503,525,1028
194,503,525,1028
194,503,526,1029
194,503,526,1029
194,503,527,1030
194,502,527,1029
194,502,527,1029
194,502,528,1030
194,502,527,1029
194,502,527,1029
194,502,527,1029
194,503,527,1030
194,503,527,1030
194,503,527,1030
194,504,527,1031
194,504,527,1031
194,504,528,1032
194,504,528,1032
194,504,528,1032
194,504,529,1033
194,504,529,1033
194,504,529,1033
194,504,530,1034
194,504,529,1033
194,504,529,1033
194,504,529,1033
194,504,529,1033
194,505,529,1034
194,505,529,1034
194,505,530,1035
194,505,530,1035
194,506,530,1036
194,506,530,1036
194,506,531,1037
194,506,530,1036
194,506,530,1036
194,506,530,1036
195,507,530,1037
195,507,530,1037
195,507,531,1038
195,507,531,1038
195,507,531,1038
195,507,532,1039
195,507,532,1039
195,507,532,1039
195,507,533,1040
195,507,533,1040
195,507,534,1041
195,507,534,1041
195,508,534,1042
195,508,534,1042
195,508,535,1043
195,508,534,1042
195,508,534,1042
195,508,535,1043
195,508,535,1043
195,509,535,1044
195,509,535,1044
195,510,535,1045
195,510,535,1045
195,510,535,1045
195,511,535,1046
195,511,535,1046
195,512,535,1047
195,512,535,1047
195,512,535,1047
195,512,535,1047
195,513,535,1048
195,513,535,1048
195,514,535,1049
195,514,535,1049
195,514,536,1050
195,514,536,1050
195,514,535,1049
195,514,535,1049
195,514,535,1049
195,515,535,1050
195,515,534,1049
195,514,534,1048
195,514,534,1048
195,515,534,1049
195,515,534,1049
195,515,535,1050
195,515,535,1050
195,515,535,1050
195,516,535,1051
195,516,535,1051
195,516,535,1051
195,516,536,1052
195,516,536,1052
195,517,536,1053
195,516,536,1052
195,516,536,1052
195,517,536,1053
195,517,536,1053
195,518,536,1054
195,518,536,1054
195,519,536,1055
195,519,536,1055
195,519,536,1055
195,520,536,1056
195,519,536,1055
195,518,536,1054
195,518,536,1054
195,518,536,1054
195,518,537,1055
195,517,537,1054
195,517,536,1053
195,517,536,1053
195,517,537,1054
195,517,537,1054
195,517,537,1054
195,517,537,1054
195,517,538,1055
195,516,538,1054
195,516,538,1054
195,516,539,1055
195,516,539,1055
195,516,539,1055
195,517,539,1056
195,517,539,1056
195,517,540,1057
195,517,540,1057
195,517,540,1057
195,517,540,1057
195,518,540,1058
195,518,540,1058
195,518,541,1059
195,518,541,1059
195,518,542,1060
195,518,542,1060
195,519,542,1061
195,519,542,1061
195,519,543,1062
195,519,543,1062
195,519,544,1063
195,519,544,1063
195,519,544,1063
195,519,545,1064
195,519,544,1063
195,519,544,1063
195,519,544,1063
195,519,544,1063
195,520,544,1064
195,520,543,1063
195,520,543,1063
195,520,543,1063
195,520,543,1063
195,520,543,1063
195,521,543,1064
195,521,543,1064
195,521,543,1064
195,521,543,1064
195,522,543,1065
196,522,543,1065
196,522,543,1065
196,522,544,1066
196,522,544,1066
196,521,544,1065
196,521,544,1065
196,521,544,1065
196,521,544,1065
196,521,545,1066
196,521,545,1066
196,521,545,1066
196,521,546,1067
196,521,546,1067
196,521,546,1067
196,521,547,1068
196,521,547,1068
196,522,547,1069
196,522,547,1069
196,522,548,1070
196,522,547,1069
196,522,547,1069
196,523,547,1070
196,523,546,1069
196,523,546,1069
196,523,547,1070
196,523,547,1070
196,523,548,1071
196,523,548,1071
196,523,548,1071
196,523,548,1071
196,523,549,1072
196,523,549,1072
196,523,549,1072
196,523,549,1072
196,523,550,1073
196,522,550,1072
196,522,550,1072
196,523,550,1073
196,523,550,1073
196,524,550,1074
196,524,550,1074
196,524,551,1075
196,524,551,1075
196,524,552,1076
196,524,551,1075
196,524,551,1075
196,524,552,1076
196,524,552,1076
196,525,552,1077
196,525,552,1077
196,525,552,1077
196,525,553,1078
196,525,553,1078
196,526,553,1079
196,526,553,1079
196,527,553,1080
196,527,553,1080
196,528,553,1081
196,528,552,1080
196,528,552,1080
196,528,552,1080
196,528,552,1080
196,528,552,1080
196,528,552,1080
196,529,552,1081
196,529,552,1081
196,529,552,1081
196,530,552,1082
196,530,552,1082
196,530,553,1083
196,530,553,1083
196,531,553,1084
196,531,553,1084
196,531,554,1085
196,531,554,1085
196,530,554,1084
196,530,554,1084
196,530,555,1085
196,530,555,1085
196,531,555,1086
196,531,555,1086
196,531,555,1086
196,531,555,1086
196,531,556,1087
196,531,556,1087
196,531,557,1088
196,531,557,1088
196,532,557,1089
196,532,557,1089
196,532,558,1090
196,532,558,1090
196,533,558,1091
196,533,557,1090
196,533,557,1090
196,533,558,1091
196,532,558,1090
196,532,558,1090
196,533,558,1091
196,533,558,1091
196,533,558,1091
196,533,559,1092
196,533,559,1092
196,534,559,1093
196,534,559,1093
196,534,559,1093
196,534,559,1093
196,534,559,1093
196,535,559,1094
196,535,559,1094
196,535,559,1094
196,536,559,1095
196,536,559,1095
196,536,558,1094
196,535,558,1093
196,535,558,1093
196,535,558,1093
196,535,559,1094
196,535,559,1094
196,535,559,1094
196,534,559,1093
196,534,558,1092
196,534,558,1092
196,534,558,1092
196,534,559,1093
196,533,559,1092
196,533,559,1092
196,533,558,1091
196,533,557,1090
196,533,557,1090
196,533,557,1090
196,533,558,1091
196,532,558,1090
196,532,557,1089
196,532,557,1089
196,532,557,1089
196,532,557,1089
196,532,558,1090
196,532,558,1090
196,533,558,1091
196,533,558,1091
196,533,559,1092
196,533,559,1092
196,533,559,1092
196,533,559,1092
196,533,560,1093
196,533,559,1092
196,533,559,1092
196,533,560,1093
196,533,560,1093
196,533,560,1093
196,533,560,1093
196,534,560,1094
197,534,560,1094
197,534,560,1094
197,534,560,1094
197,534,561,1095
197,534,561,1095
197,534,560,1094
197,534,560,1094
197,534,561,1095
197,534,561,1095
197,535,561,1096
197,535,560,1095
197,535,560,1095
197,535,561,1096
197,535,561,1096
197,535,561,1096
197,536,561,1097
197,535,561,1096
197,535,561,1096
197,535,562,1097
197,535,562,1097
197,535,563,1098
197,535,563,1098
197,535,564,1099
197,535,564,1099
197,535,565,1100
197,535,565,1100
197,535,566,1101
197,535,566,1101
197,535,567,1102
197,535,567,1102
197,535,568,1103
197,535,568,1103
197,535,568,1103
197,535,569,1104
197,535,569,1104
197,536,569,1105
197,536,569,1105
197,536,570,1106
197,536,570,1106
197,537,570,1107
197,537,570,1107
197,537,570,1107
197,537,570,1107
197,537,570,1107
197,537,570,1107
197,538,570,1108
197,538,570,1108
197,538,571,1109
197,537,571,1108
197,537,571,1108
197,538,571,1109
197,538,571,1109
197,538,570,1108
197,538,570,1108
197,539,570,1109
197,539,570,1109
197,539,571,1110
197,538,571,1109
197,538,571,1109
197,538,571,1109
197,539,571,1110
197,539,571,1110
197,539,571,1110
197,540,571,1111
197,540,571,1111
197,540,571,1111
197,540,572,1112
197,540,572,1112
197,540,572,1112
197,540,572,1112
197,541,572,1113
197,541,572,1113
197,541,572,1113
197,541,572,1113
197,541,571,1112
197,540,571,1111
197,540,571,1111
197,540,572,1112
197,540,572,1112
197,540,572,1112
197,540,572,1112
197,541,572,1113
197,541,572,1113
197,542,572,1114
197,542,572,1114
197,542,572,1114
197,542,572,1114
197,542,571,1113
197,542,571,1113
197,543,571,1114
197,543,571,1114
197,543,572,1115
197,543,572,1115
197,543,572,1115
197,543,573,1116
197,543,573,1116
197,542,573,1115
197,542,573,1115
197,542,573,1115
197,542,573,1115
197,543,573,1116
197,543,573,1116
197,544,573,1117
197,544,573,1117
197,544,573,1117
197,545,573,1118
197,545,573,1118
197,545,574,1119
197,545,574,1119
197,545,575,1120
197,545,574,1119
197,545,574,1119
197,545,575,1120
197,545,575,1120
197,546,575,1121
197,546,574,1120
197,545,574,1119
197,545,574,1119
197,546,574,1120
197,546,574,1120
197,547,574,1121
197,547,574,1121
197,548,574,1122
197,548,574,1122
197,549,574,1123
197,549,574,1123
197,550,574,1124
197,550,574,1124
197,550,575,1125
197,550,575,1125
197,550,575,1125
198,550,576,1126
198,550,576,1126
198,550,576,1126
198,550,577,1127
198,550,577,1127
198,551,577,1128
198,551,576,1127
198,550,576,1126
198,550,576,1126
198,550,576,1126
198,551,576,1127
198,551,576,1127
198,551,577,1128
198,551,577,1128
198,551,577,1128
198,551,578,1129
198,551,578,1129
198,551,578,1129
198,552,578,1130
198,552,578,1130
198,552,579,1131
198,552,578,1130
198,552,578,1130
198,552,579,1131
198,552,579,1131
198,552,580,1132
198,552,580,1132
198,553,580,1133
198,553,580,1133
198,553,581,1134
198,553,581,1134
198,553,582,1135
198,553,582,1135
198,554,582,1136
198,554,581,1135
198,554,581,1135
198,555,581,1136
198,555,581,1136
198,555,582,1137
198,554,582,1136
198,554,582,1136
198,554,583,1137
198,554,583,1137
198,554,584,1138
198,554,584,1138
198,555,584,1139
198,555,584,1139
198,556,584,1140
198,556,584,1140
198,556,584,1140
198,556,584,1140
198,556,584,1140
198,556,585,1141
198,556,585,1141
198,556,585,1141
198,557,585,1142
198,557,585,1142
198,557,585,1142
198,557,586,1143
198,557,586,1143
198,558,586,1144
198,558,586,1144
198,558,586,1144
198,558,586,1144
198,558,586,1144
198,559,586,1145
198,559,586,1145
198,560,586,1146
198,560,586,1146
198,560,586,1146
198,560,586,1146
198,561,586,1147
198,561,586,1147
198,561,586,1147
198,561,587,1148
198,561,586,1147
198,561,586,1147
198,561,587,1148
198,561,587,1148
198,562,587,1149
198,562,586,1148
198,562,586,1148
198,562,586,1148
198,561,586,1147
198,561,585,1146
198,561,585,1146
198,561,585,1146
198,562,585,1147
198,562,585,1147
198,563,585,1148
198,562,585,1147
198,562,585,1147
198,563,585,1148
198,563,585,1148
198,563,586,1149
198,563,586,1149
198,564,586,1150
198,563,586,1149
198,563,586,1149
198,563,587,1150
198,563,587,1150
198,563,588,1151
198,563,588,1151
198,563,589,1152
198,563,589,1152
198,564,589,1153
198,563,589,1152
198,563,589,1152
198,563,590,1153
198,562,590,1152
198,562,590,1152
198,562,591,1153
198,562,591,1153
198,562,590,1152
198,562,590,1152
198,562,590,1152
198,562,590,1152
198,563,590,1153
198,563,590,1153
198,564,590,1154
198,564,590,1154
198,564,591,1155
198,564,591,1155
198,564,592,1156
198,564,592,1156
198,565,592,1157
198,565,591,1156
198,565,591,1156
198,566,591,1157
198,566,591,1157
198,566,591,1157
198,566,592,1158
198,566,592,1158
198,566,592,1158
198,566,592,1158
198,566,592,1158
198,566,593,1159
198,566,593,1159
198,566,593,1159
198,567,593,1160
198,567,593,1160
198,566,593,1159
198,566,593,1159
198,567,593,1160
198,567,593,1160
198,567,594,1161
198,567,594,1161
198,568,594,1162
198,568,594,1162
199,569,594,1163
199,569,594,1163
199,569,594,1163
199,570,594,1164
199,570,594,1164
199,570,595,1165
199,570,595,1165
199,570,595,1165
199,571,595,1166
199,571,595,1166
199,571,595,1166
199,571,596,1167
199,571,596,1167
199,572,596,1168
199,572,596,1168
199,572,597,1169
199,572,597,1169
199,572,598,1170
199,571,598,1169
199,571,598,1169
199,571,598,1169
199,571,599,1170
199,571,599,1170
199,572,599,1171
199,572,599,1171
199,572,600,1172
199,572,599,1171
199,572,599,1171
199,573,599,1172
199,573,599,1172
199,573,600,1173
199,573,600,1173
199,574,600,1174
199,574,600,1174
199,574,599,1173
199,573,599,1172
199,573,598,1171
199,573,598,1171
199,574,598,1172
199,574,598,1172
199,574,598,1172
199,575,598,1173
199,575,598,1173
199,575,598,1173
199,575,598,1173
199,575,599,1174
199,575,599,1174
199,575,600,1175
199,575,600,1175
199,575,600,1175
199,575,600,1175
199,575,600,1175
199,576,600,1176
199,576,600,1176
199,577,600,1177
199,577,600,1177
199,577,600,1177
199,578,600,1178
199,578,600,1178
199,577,600,1177
199,577,600,1177
199,578,600,1178
199,578,600,1178
199,578,601,1179
199,577,601,1178
199,577,601,1178
199,577,601,1178
199,578,601,1179
199,578,601,1179
199,578,601,1179
199,579,601,1180
199,579,601,1180
199,579,602,1181
199,579,602,1181
199,579,603,1182
199,579,602,1181
199,579,602,1181
199,580,602,1182
199,580,602,1182
199,580,602,1182
199,580,601,1181
199,580,601,1181
199,580,602,1182
199,580,602,1182
199,581,602,1183
199,581,602,1183
199,582,602,1184
199,582,602,1184
199,581,602,1183
199,580,602,1182
199,580,602,1182
199,580,603,1183
199,580,603,1183
199,581,603,1184
199,581,603,1184
199,580,603,1183
199,580,603,1183
199,580,604,1184
199,580,604,1184
199,579,604,1183
199,579,603,1182
199,579,603,1182
199,580,603,1183
199,580,603,1183
199,581,603,1184
199,581,603,1184
199,581,604,1185
199,581,603,1184
199,581,603,1184
199,581,604,1185
199,581,604,1185
199,581,603,1184
199,581,603,1184
199,582,603,1185
199,582,603,1185
199,582,603,1185
199,583,603,1186
199,583,602,1185
199,583,602,1185
199,583,602,1185
199,583,603,1186
199,583,603,1186
199,583,603,1186
199,583,603,1186
199,583,603,1186
199,582,603,1185
199,582,603,1185
199,582,602,1184
199,582,602,1184
199,582,603,1185
199,582,603,1185
199,582,603,1185
199,582,604,1186
199,582,604,1186
199,583,604,1187
199,583,604,1187
199,584,604,1188
199,584,604,1188
199,585,604,1189
199,585,604,1189
199,586,604,1190
199,586,604,1190
199,586,604,1190
199,586,605,1191
199,586,605,1191
199,587,605,1192
199,587,605,1192
199,586,605,1191
199,586,605,1191
199,586,605,1191
199,586,606,1192
199,585,606,1191
199,585,606,1191
199,585,606,1191
199,585,607,1192
199,585,607,1192
199,585,607,1192
199,585,606,1191
199,585,606,1191
199,586,606,1192
199,586,606,1192
199,586,606,1192
199,587,606,1193
199,587,606,1193
199,587,606,1193
199,587,607,1194
