0,0,0,0
0,0,1,1
0,0,2,2
0,1,2,3
0,2,2,4
0,2,3,5
0,2,4,6
0,3,4,7
0,3,5,8
0,3,6,9
0,4,6,10
0,5,6,11
0,5,7,12
0,5,8,13
0,6,8,14
0,7,8,15
0,8,8,16
0,9,8,17
0,9,9,18
0,9,10,19
0,9,11,20
0,10,11,21
0,11,11,22
0,11,12,23
0,12,12,24
0,13,12,25
0,14,12,26
0,14,13,27
0,15,13,28
0,15,14,29
0,15,15,30
0,15,15,30
0,15,14,29
1,15,14,29
2,15,14,29
2,15,14,29
3,15,14,29
3,15,14,29
5,15,13,28
5,15,13,28
7,15,12,27
8,15,12,27
9,15,12,27
9,15,12,27
12,14,12,26
13,14,12,26
13,14,11,25
14,14,11,25
15,14,11,25
15,13,11,24
16,13,11,24
16,13,11,24
16,13,12,25
16,13,12,25
16,14,12,26
16,14,12,26
17,15,12,27
17,15,12,27
18,15,13,28
18,15,13,28
18,15,14,29
19,14,14,28
19,14,14,28
19,15,14,29
19,15,14,29
19,16,14,30
24,16,14,30
24,16,14,30
24,17,14,31
24,17,14,31
24,17,15,32
25,17,14,31
25,17,14,31
25,17,15,32
25,17,15,32
25,17,16,33
25,17,16,33
26,17,15,32
26,17,15,32
26,17,16,33
26,17,16,33
26,17,16,33
27,17,17,34
27,17,17,34
27,17,18,35
28,17,18,35
28,17,18,35
28,17,19,36
30,17,19,36
30,17,19,36
31,17,20,37
32,17,20,37
32,17,20,37
33,17,20,37
33,17,19,36
33,17,18,35
33,17,18,35
33,17,18,35
34,17,19,36
34,17,19,36
34,17,20,37
34,17,20,37
34,17,20,37
34,17,21,38
35,17,21,38
35,17,21,38
36,17,22,39
36,17,21,38
36,17,21,38
36,17,22,39
36,17,22,39
36,17,23,40
36,17,23,40
37,18,23,41
38,18,23,41
38,18,22,40
38,18,22,40
39,18,23,41
39,18,23,41
39,18,23,41
39,18,23,41
39,18,23,41
39,18,23,41
39,18,23,41
40,18,24,42
40,18,24,42
40,18,24,42
40,19,24,43
41,19,24,43
41,19,24,43
41,19,24,43
42,20,24,44
42,19,24,43
42,18,24,42
42,18,24,42
43,19,24,43
43,19,24,43
43,19,24,43
44,19,25,44
44,19,25,44
44,20,25,45
44,20,25,45
45,19,25,44
45,19,25,44
45,20,25,45
45,20,25,45
45,20,26,46
46,20,26,46
46,20,26,46
46,20,27,47
46,19,27,46
46,19,26,45
46,19,26,45
47,20,26,46
47,20,25,45
47,20,25,45
47,20,26,46
48,20,26,46
48,19,26,45
48,19,26,45
48,19,27,46
48,19,27,46
48,19,28,47
48,19,28,47
48,19,29,48
48,19,29,48
48,19,29,48
48,20,29,49
48,20,29,49
48,20,30,50
48,20,29,49
48,20,29,49
49,20,30,50
49,20,30,50
49,21,30,51
49,21,30,51
49,21,31,52
49,21,31,52
49,21,31,52
49,21,31,52
49,21,31,52
50,22,31,53
50,22,31,53
50,22,30,52
50,22,30,52
50,22,31,53
50,22,31,53
50,21,31,52
50,21,31,52
50,22,31,53
50,22,30,52
50,22,30,52
51,22,31,53
51,22,31,53
51,22,31,53
51,23,31,54
51,23,31,54
51,24,31,55
52,24,31,55
52,24,31,55
52,25,31,56
52,25,31,56
52,26,31,57
52,26,31,57
52,25,31,56
53,25,31,56
53,25,31,56
53,25,32,57
53,25,32,57
53,26,32,58
53,26,32,58
53,27,32,59
53,27,32,59
54,28,32,60
54,28,32,60
54,28,33,61
54,28,33,61
54,28,34,62
54,28,34,62
54,29,34,63
54,29,34,63
54,29,34,63
54,29,35,64
55,29,35,64
55,29,35,64
55,29,35,64
55,30,35,65
56,29,35,64
56,28,35,63
56,28,35,63
57,28,34,62
57,28,34,62
57,29,34,63
57,29,34,63
58,29,34,63
58,29,34,63
58,30,34,64
58,30,34,64
58,30,35,65
58,30,35,65
58,31,35,66
58,31,35,66
58,32,35,67
58,31,35,66
58,31,35,66
58,31,36,67
58,31,36,67
58,32,36,68
58,32,36,68
58,33,36,69
58,33,36,69
58,33,36,69
58,33,37,70
58,33,37,70
58,33,38,71
58,33,38,71
58,33,38,71
59,33,39,72
59,33,39,72
59,34,39,73
59,34,39,73
59,34,39,73
60,34,39,73
60,33,39,72
60,32,39,71
60,32,39,71
60,32,39,71
60,32,39,71
61,32,39,71
61,32,39,71
61,33,39,72
61,33,38,71
61,33,38,71
62,33,39,72
62,32,39,71
62,32,39,71
62,32,39,71
62,32,40,72
62,32,40,72
63,32,41,73
63,32,41,73
63,32,42,74
63,32,41,73
63,32,41,73
63,32,41,73
63,32,41,73
63,32,41,73
63,32,42,74
63,32,41,73
63,32,41,73
63,32,42,74
63,32,42,74
64,32,43,75
64,32,42,74
64,32,42,74
64,32,43,75
64,32,43,75
64,33,43,76
64,33,42,75
64,33,42,75
64,32,42,74
64,32,42,74
64,32,42,74
65,32,43,75
65,32,43,75
65,32,44,76
65,32,44,76
65,32,45,77
65,32,45,77
65,32,45,77
65,32,46,78
65,32,46,78
66,33,46,79
66,33,46,79
66,33,47,80
66,33,47,80
66,34,47,81
66,34,47,81
66,34,46,80
66,34,46,80
67,34,46,80
67,33,46,79
67,33,46,79
67,33,46,79
67,34,46,80
67,34,45,79
67,34,45,79
67,34,46,80
67,33,46,79
67,33,46,79
67,34,46,80
68,34,46,80
68,34,46,80
68,34,46,80
68,34,46,80
68,35,46,81
68,35,46,81
68,35,47,82
68,35,47,82
68,35,47,82
68,36,47,83
68,36,47,83
68,36,48,84
68,36,47,83
68,36,47,83
68,37,47,84
68,37,47,84
68,38,47,85
69,38,47,85
69,38,47,85
69,38,47,85
69,38,48,86
69,38,48,86
69,38,49,87
69,38,49,87
69,39,49,88
69,39,49,88
69,40,49,89
69,40,49,89
70,40,50,90
70,40,50,90
70,40,50,90
70,40,51,91
70,40,50,90
70,40,50,90
70,41,50,91
70,41,50,91
70,42,50,92
71,42,50,92
71,42,50,92
71,42,50,92
71,42,49,91
71,42,49,91
71,42,49,91
71,42,50,92
71,42,50,92
71,43,50,93
71,43,50,93
71,44,50,94
71,44,50,94
72,44,51,95
72,44,51,95
72,44,52,96
72,44,52,96
72,44,52,96
72,44,53,97
72,44,53,97
72,44,54,98
72,43,54,97
72,43,54,97
72,44,54,98
72,44,53,97
72,44,53,97
72,44,53,97
72,45,53,98
72,45,53,98
72,45,53,98
73,45,54,99
73,44,54,98
73,44,54,98
73,44,54,98
73,45,54,99
73,45,54,99
73,45,54,99
73,45,54,99
73,45,54,99
73,45,54,99
74,46,54,100
74,46,54,100
74,47,54,101
74,47,53,100
74,46,53,99
74,46,53,99
74,47,53,100
74,47,53,100
74,47,54,101
74,46,54,100
74,46,54,100
74,46,53,99
74,45,53,98
74,45,53,98
75,44,53,97
75,43,53,96
75,43,53,96
75,44,53,97
75,44,52,96
75,44,52,96
75,44,53,97
75,44,53,97
75,44,53,97
75,44,54,98
75,44,54,98
75,45,54,99
75,45,54,99
76,45,54,99
76,44,54,98
76,44,54,98
76,45,54,99
76,45,54,99
76,46,54,100
76,46,54,100
76,47,54,101
76,47,54,101
76,47,54,101
76,47,54,101
76,47,55,102
76,47,55,102
76,48,55,103
76,48,55,103
76,49,55,104
77,49,55,104
77,48,55,103
77,48,55,103
77,48,55,103
77,48,55,103
77,49,55,104
77,49,55,104
77,49,56,105
77,49,56,105
77,50,56,106
77,50,56,106
77,51,56,107
77,51,56,107
78,52,56,108
78,52,56,108
78,52,57,109
78,51,57,108
78,51,57,108
79,52,57,109
79,52,57,109
79,52,58,110
79,52,58,110
79,53,58,111
79,53,58,111
79,54,58,112
79,54,58,112
79,55,58,113
79,55,57,112
79,55,57,112
79,56,57,113
79,56,57,113
79,56,58,114
79,56,58,114
79,57,58,115
79,56,58,114
79,55,58,113
79,55,57,112
79,55,57,112
79,55,57,112
79,56,57,113
79,56,57,113
79,56,58,114
79,56,58,114
79,56,58,114
79,56,59,115
79,56,59,115
79,57,59,116
80,56,59,115
80,56,59,115
80,56,59,115
80,56,60,116
80,56,60,116
80,57,60,117
80,57,60,117
80,57,60,117
80,58,60,118
80,58,60,118
80,59,60,119
80,59,60,119
80,60,60,120
80,60,60,120
80,60,60,120
81,60,61,121
81,60,61,121
81,59,61,120
81,59,61,120
81,59,61,120
81,59,62,121
81,59,62,121
81,59,63,122
81,59,63,122
81,59,64,123
81,59,64,123
81,60,64,124
81,60,63,123
82,60,63,123
82,60,63,123
82,61,63,124
82,61,63,124
82,61,64,125
82,61,64,125
82,62,64,126
82,62,64,126
82,62,65,127
82,62,65,127
82,62,66,128
82,62,66,128
82,63,66,129
82,63,66,129
82,64,66,130
82,64,66,130
82,64,66,130
83,64,67,131
83,64,67,131
83,64,68,132
83,63,68,131
83,63,68,131
83,63,68,131
83,63,67,130
83,63,67,130
83,63,67,130
83,64,67,131
83,64,67,131
83,64,66,130
83,64,66,130
83,64,67,131
83,64,67,131
83,64,67,131
84,65,67,132
84,65,67,132
84,65,68,133
84,65,68,133
84,66,68,134
84,65,68,133
84,65,68,133
84,66,68,134
84,66,68,134
84,67,68,135
84,67,68,135
84,68,68,136
84,67,68,135
84,67,68,135
84,68,68,136
84,67,68,135
84,67,68,135
84,67,69,136
84,67,69,136
84,67,69,136
85,68,69,137
85,68,69,137
85,68,69,137
85,68,70,138
85,68,70,138
85,68,71,139
85,67,71,138
85,67,70,137
85,67,70,137
85,67,69,136
85,67,69,136
85,67,70,137
85,67,70,137
85,68,70,138
85,67,70,137
85,67,70,137
86,68,70,138
86,68,70,138
86,68,71,139
86,68,71,139
86,69,71,140
86,69,71,140
86,69,72,141
86,69,72,141
86,69,73,142
86,69,73,142
86,69,74,143
86,69,74,143
86,69,75,144
86,68,75,143
86,68,75,143
86,68,74,142
87,68,73,141
87,68,73,141
87,68,72,140
87,68,72,140
87,69,72,141
87,69,72,141
87,69,73,142
87,69,73,142
87,70,73,143
87,70,72,142
87,70,72,142
87,70,73,143
87,70,73,143
87,69,73,142
87,69,73,142
87,70,73,143
87,70,73,143
87,70,74,144
88,70,73,143
88,70,73,143
88,71,73,144
88,71,72,143
88,70,72,142
88,70,72,142
88,71,72,143
88,71,72,143
88,70,72,142
88,70,72,142
88,70,73,143
88,70,73,143
88,70,73,143
88,70,74,144
88,70,74,144
89,71,74,145
89,71,74,145
89,72,74,146
89,72,74,146
89,73,74,147
89,72,74,146
89,71,74,145
89,71,74,145
90,71,75,146
90,70,75,145
90,70,75,145
90,71,75,146
90,71,75,146
90,71,76,147
90,71,75,146
90,71,75,146
90,71,76,147
90,71,76,147
90,71,77,148
90,71,77,148
90,71,76,147
91,71,76,147
91,71,76,147
91,71,76,147
91,72,76,148
91,72,76,148
91,72,76,148
91,72,76,148
91,72,76,148
91,72,77,149
91,72,77,149
91,72,78,150
91,72,78,150
91,72,78,150
92,73,78,151
92,73,78,151
92,73,77,150
92,73,77,150
92,73,77,150
92,73,78,151
92,72,78,150
92,72,78,150
92,73,78,151
92,73,78,151
92,73,78,151
92,74,78,152
92,74,78,152
92,74,79,153
92,74,78,152
92,74,77,151
92,74,77,151
92,74,77,151
92,73,77,150
92,73,77,150
92,74,77,151
92,74,77,151
92,74,77,151
92,74,78,152
92,73,78,151
92,73,78,151
93,74,78,152
93,74,78,152
93,74,79,153
93,74,79,153
93,75,79,154
93,75,79,154
93,76,79,155
93,76,79,155
93,77,79,156
93,77,79,156
93,77,79,156
93,78,79,157
93,78,78,156
93,78,78,156
93,79,78,157
93,78,78,156
93,78,78,156
93,78,79,157
93,78,79,157
93,79,79,158
93,79,79,158
93,79,80,159
93,79,80,159
93,79,81,160
93,79,81,160
93,80,81,161
93,79,81,160
94,79,81,160
94,79,81,160
94,79,82,161
94,79,82,161
94,79,83,162
94,79,83,162
94,79,83,162
94,79,84,163
94,79,84,163
94,79,85,164
94,79,85,164
94,79,86,165
94,79,86,165
94,79,86,165
94,80,86,166
94,80,86,166
94,81,86,167
94,81,86,167
94,82,86,168
94,82,86,168
94,83,86,169
94,83,86,169
94,84,86,170
95,84,86,170
95,84,86,170
95,84,87,171
95,84,87,171
95,84,88,172
95,83,88,171
95,83,88,171
95,83,87,170
95,83,87,170
95,83,88,171
95,83,87,170
95,83,87,170
95,84,87,171
95,84,87,171
95,84,88,172
95,84,88,172
95,84,88,172
95,84,89,173
95,84,88,172
95,84,88,172
95,84,88,172
95,84,88,172
95,84,89,173
95,84,89,173
96,84,89,173
96,84,89,173
96,85,89,174
96,85,89,174
96,86,89,175
96,86,89,175
96,86,89,175
96,87,89,176
96,87,89,176
96,88,89,177
96,88,89,177
96,88,90,178
96,88,90,178
96,88,89,177
96,88,89,177
96,88,90,178
96,88,90,178
96,88,91,179
96,88,91,179
96,88,92,180
96,88,92,180
96,89,92,181
96,89,92,181
96,90,92,182
96,90,92,182
96,90,91,181
96,90,91,181
96,89,91,180
96,89,91,180
96,90,91,181
97,90,91,181
97,89,91,180
97,89,91,180
97,89,92,181
97,89,92,181
97,89,93,182
97,89,93,182
97,90,93,183
97,89,93,182
97,89,93,182
97,89,94,183
97,89,94,183
97,90,94,184
97,90,94,184
97,90,95,185
97,90,95,185
97,90,96,186
97,89,96,185
97,89,96,185
98,90,96,186
98,90,96,186
98,91,96,187
98,91,96,187
98,92,96,188
98,92,95,187
98,91,95,186
98,91,95,186
98,91,96,187
98,91,96,187
98,90,96,186
98,90,95,185
98,90,95,185
98,91,95,186
98,91,95,186
98,91,96,187
98,91,96,187
98,92,96,188
98,92,96,188
98,93,96,189
98,93,96,189
98,92,96,188
98,92,96,188
98,92,97,189
99,92,97,189
99,92,97,189
99,91,97,188
99,91,97,188
99,91,97,188
99,91,97,188
99,92,97,189
99,92,97,189
99,92,98,190
99,92,98,190
99,92,99,191
99,92,99,191
99,92,99,191
99,92,100,192
99,92,100,192
99,92,101,193
99,92,101,193
99,93,101,194
99,93,101,194
99,93,102,195
99,93,102,195
99,93,102,195
100,94,102,196
100,94,102,196
100,94,102,196
100,95,102,197
100,95,102,197
100,95,101,196
100,95,101,196
100,95,102,197
100,95,102,197
100,96,102,198
100,96,102,198
100,96,103,199
100,96,103,199
100,96,104,200
100,95,104,199
100,95,104,199
100,95,104,199
100,95,104,199
100,96,104,200
100,96,103,199
100,96,103,199
100,96,103,199
100,97,103,200
101,97,103,200
101,97,103,200
101,98,103,201
101,98,103,201
101,98,104,202
101,98,104,202
101,98,104,202
101,98,105,203
101,97,105,202
101,97,105,202
101,98,105,203
101,98,105,203
101,98,106,204
101,98,106,204
101,98,107,205
101,98,107,205
101,98,108,206
101,98,108,206
101,98,109,207
101,98,109,207
101,98,110,208
101,98,110,208
101,98,110,208
101,98,110,208
101,98,109,207
101,98,109,207
101,99,109,208
101,99,109,208
101,100,109,209
101,100,109,209
101,101,109,210
102,101,108,209
102,101,108,209
102,101,108,209
102,101,109,210
102,100,109,209
102,100,109,209
102,100,109,209
102,100,108,208
102,100,108,208
102,99,108,207
102,99,108,207
102,99,109,208
102,99,109,208
102,99,110,209
102,99,110,209
102,99,110,209
103,100,110,210
103,100,110,210
103,99,110,209
103,99,110,209
103,99,110,209
103,100,110,210
103,99,110,209
103,99,110,209
103,99,111,210
103,99,111,210
103,99,112,211
103,99,112,211
103,99,113,212
103,99,113,212
103,99,114,213
103,98,114,212
103,98,114,212
103,98,115,213
103,98,115,213
103,99,115,214
103,99,115,214
103,99,115,214
103,100,115,215
103,100,115,215
103,100,115,215
103,101,115,216
103,101,115,216
103,101,116,217
104,101,116,217
104,101,116,217
104,101,115,216
104,101,115,216
104,101,116,217
104,101,116,217
104,101,116,217
104,101,117,218
104,101,117,218
104,101,117,218
104,101,116,217
104,101,116,217
104,102,116,218
104,102,116,218
104,102,116,218
104,102,117,219
104,102,117,219
104,102,117,219
104,103,117,220
104,103,117,220
104,103,117,220
104,104,117,221
104,104,117,221
104,104,117,221
104,104,117,221
104,104,117,221
104,105,117,222
104,105,116,221
104,104,116,220
104,104,116,220
105,105,116,221
105,104,116,220
105,104,116,220
105,104,116,220
105,105,116,221
105,105,116,221
105,105,117,222
105,104,117,221
105,104,117,221
105,104,117,221
105,104,118,222
105,104,118,222
105,105,118,223
105,105,118,223
105,105,118,223
105,105,119,224
105,105,119,224
105,105,119,224
105,106,119,225
105,106,119,225
105,106,118,224
105,106,118,224
105,106,118,224
105,106,119,225
105,105,119,224
105,105,119,224
105,105,120,225
105,105,119,224
106,105,118,223
106,105,118,223
106,105,117,222
106,105,117,222
106,106,117,223
106,106,117,223
106,106,117,223
106,106,117,223
106,107,117,224
106,107,117,224
106,107,117,224
106,106,117,223
106,106,117,223
106,107,117,224
106,106,117,223
106,105,117,222
106,105,117,222
106,105,118,223
106,105,118,223
106,105,118,223
106,106,118,224
106,106,118,224
107,106,119,225
107,106,119,225
107,106,119,225
107,106,119,225
107,107,119,226
107,107,119,226
107,107,120,227
107,107,120,227
107,107,121,228
107,107,121,228
107,107,121,228
107,108,121,229
107,108,121,229
107,109,121,230
107,109,121,230
107,109,122,231
107,108,122,230
107,108,122,230
107,109,122,231
107,109,121,230
107,109,121,230
107,109,121,230
107,110,121,231
107,110,121,231
107,109,121,230
107,109,121,230
107,108,121,229
107,108,121,229
107,108,122,230
107,108,122,230
107,108,122,230
107,108,122,230
107,109,122,231
107,109,122,231
107,110,122,232
107,109,122,231
107,109,122,231
107,109,122,231
107,109,123,232
107,109,123,232
107,110,123,233
107,110,123,233
108,110,124,234
108,110,124,234
108,110,124,234
108,111,124,235
108,111,124,235
108,110,124,234
108,110,124,234
108,110,125,235
108,110,125,235
108,110,125,235
108,111,125,236
108,111,125,236
108,111,125,236
108,112,125,237
108,112,125,237
108,112,126,238
108,111,126,237
108,111,126,237
108,112,126,238
108,112,126,238
108,112,127,239
109,112,126,238
109,112,126,238
109,112,126,238
109,112,127,239
109,112,127,239
109,112,128,240
109,112,127,239
109,112,127,239
109,112,128,240
109,112,128,240
109,113,128,241
109,113,128,241
109,113,129,242
109,113,129,242
109,113,130,243
109,113,129,242
109,113,129,242
109,114,129,243
109,114,128,242
109,114,128,242
109,115,128,243
109,115,128,243
109,115,128,243
109,115,128,243
109,115,128,243
109,115,128,243
109,115,128,243
109,115,129,244
109,115,129,244
109,116,129,245
109,116,129,245
109,117,129,246
109,117,129,246
109,117,130,247
109,116,130,246
109,116,130,246
109,117,130,247
110,117,130,247
110,117,129,246
110,117,129,246
110,117,129,246
110,117,130,247
110,117,130,247
110,116,130,246
110,116,130,246
110,117,130,247
110,117,130,247
110,118,130,248
110,118,130,248
110,119,130,249
110,119,130,249
110,120,130,250
110,120,130,250
110,120,130,250
110,121,130,251
110,121,130,251
110,122,130,252
110,122,130,252
110,122,131,253
110,122,131,253
110,122,132,254
110,122,132,254
110,122,132,254
110,122,132,254
110,122,131,253
111,122,130,252
111,122,130,252
111,123,130,253
111,123,130,253
111,123,130,253
111,123,130,253
111,123,131,254
111,123,131,254
111,123,132,255
111,123,132,255
111,123,132,255
111,123,133,256
111,123,133,256
111,123,134,257
111,123,134,257
111,124,134,258
111,124,134,258
111,124,134,258
111,124,135,259
111,124,135,259
111,124,135,259
111,124,136,260
111,124,136,260
111,124,136,260
111,125,136,261
111,125,136,261
111,125,135,260
111,124,135,259
111,124,135,259
111,125,135,260
111,125,134,259
111,124,134,258
112,124,133,257
112,124,133,257
112,125,133,258
112,125,133,258
112,125,134,259
112,125,134,259
112,125,134,259
112,125,135,260
112,125,135,260
112,126,135,261
112,126,135,261
112,126,135,261
112,127,135,262
112,126,135,261
112,125,135,260
112,125,135,260
112,125,136,261
112,125,136,261
112,125,137,262
112,125,137,262
112,125,137,262
112,126,137,263
112,126,137,263
112,127,137,264
112,127,137,264
112,128,137,265
112,128,137,265
112,129,137,266
112,129,137,266
113,129,138,267
113,129,138,267
113,129,139,268
113,128,139,267
113,128,139,267
113,128,140,268
113,128,140,268
113,128,141,269
113,128,140,268
113,128,140,268
113,128,140,268
113,128,139,267
113,128,139,267
113,128,139,267
113,128,139,267
113,128,139,267
113,128,140,268
113,128,140,268
113,128,141,269
113,128,141,269
113,128,141,269
113,128,141,269
113,128,141,269
113,128,142,270
113,128,142,270
113,128,143,271
113,128,143,271
114,128,143,271
114,128,143,271
114,129,143,272
114,129,142,271
114,129,142,271
114,129,143,272
114,129,143,272
114,129,144,273
114,128,144,272
114,128,144,272
114,128,144,272
114,129,144,273
114,129,144,273
114,129,145,274
114,129,144,273
114,129,144,273
114,130,144,274
114,130,144,274
114,130,145,275
114,130,144,274
114,130,144,274
114,130,145,275
114,130,145,275
114,130,146,276
114,130,146,276
114,130,146,276
114,131,146,277
114,131,146,277
114,132,146,278
114,132,145,277
114,131,145,276
114,130,145,275
114,130,145,275
114,131,145,276
114,131,145,276
114,131,145,276
114,131,146,277
114,131,146,277
114,131,147,278
114,131,147,278
114,131,148,279
114,131,148,279
114,132,148,280
115,132,147,279
115,131,147,278
115,131,147,278
115,131,147,278
115,131,147,278
115,132,147,279
115,132,147,279
115,132,148,280
115,132,148,280
115,132,149,281
115,132,149,281
115,132,148,280
115,132,148,280
115,133,148,281
115,133,148,281
115,133,147,280
115,133,147,280
115,134,147,281
115,134,147,281
115,134,148,282
115,134,148,282
115,134,149,283
115,134,149,283
115,135,149,284
115,135,149,284
115,136,149,285
115,135,149,284
115,135,149,284
115,135,149,284
115,136,149,285
115,136,149,285
115,136,150,286
115,136,150,286
115,136,150,286
115,137,150,287
115,136,150,286
115,136,150,286
115,137,150,287
115,137,150,287
115,138,150,288
115,138,150,288
115,138,150,288
115,138,151,289
115,138,151,289
115,139,151,290
115,139,151,290
116,140,151,291
116,140,151,291
116,140,151,291
116,141,151,292
116,141,151,292
116,141,151,292
116,141,151,292
116,142,151,293
116,142,151,293
116,142,152,294
116,141,152,293
116,141,152,293
116,142,152,294
116,142,152,294
116,143,152,295
116,143,152,295
116,143,153,296
116,143,153,296
116,143,153,296
116,143,154,297
116,143,154,297
116,143,155,298
116,143,155,298
116,144,155,299
116,144,155,299
116,144,155,299
116,144,156,300
116,144,156,300
116,144,156,300
116,144,156,300
116,144,157,301
116,144,157,301
116,144,157,301
116,144,158,302
116,144,158,302
116,144,159,303
116,144,159,303
116,145,159,304
116,145,159,304
116,145,160,305
116,145,160,305
116,145,161,306
116,145,161,306
116,146,161,307
116,146,161,307
116,147,161,308
117,147,160,307
117,147,160,307
117,147,161,308
117,147,161,308
117,147,161,308
117,147,161,308
117,147,161,308
117,147,161,308
117,147,161,308
117,146,161,307
117,146,161,307
117,146,162,308
117,146,162,308
117,146,163,309
117,146,163,309
117,147,163,310
117,147,163,310
117,148,163,311
117,148,163,311
117,149,163,312
117,149,163,312
117,150,163,313
117,150,163,313
117,151,163,314
117,151,163,314
117,152,163,315
117,152,162,314
117,152,162,314
117,152,163,315
117,152,163,315
117,152,163,315
117,153,163,316
117,153,163,316
117,153,164,317
117,153,164,317
117,154,164,318
117,153,164,317
117,153,164,317
117,153,164,317
117,154,164,318
117,154,164,318
117,154,164,318
117,154,164,318
117,155,164,319
118,154,164,318
118,154,164,318
118,153,164,317
118,153,164,317
118,153,165,318
118,153,165,318
118,154,165,319
118,154,165,319
118,154,166,320
118,153,166,319
118,153,165,318
118,153,165,318
118,153,165,318
118,154,165,319
118,153,165,318
118,153,165,318
118,153,165,318
118,153,165,318
118,153,165,318
118,153,165,318
118,153,166,319
118,152,166,318
118,152,166,318
119,153,166,319
119,153,166,319
119,153,167,320
119,153,167,320
119,153,166,319
119,153,166,319
119,154,166,320
119,154,165,319
119,154,165,319
119,155,165,320
119,155,165,320
119,155,166,321
119,155,166,321
119,155,167,322
119,154,167,321
119,154,167,321
119,154,168,322
119,154,168,322
119,155,168,323
119,155,168,323
119,155,169,324
119,155,169,324
119,155,169,324
119,155,170,325
119,155,170,325
119,155,169,324
119,155,169,324
119,155,168,323
119,155,168,323
119,155,169,324
119,155,168,323
119,155,168,323
119,155,168,323
120,156,168,324
120,156,167,323
120,156,167,323
120,156,168,324
120,156,168,324
120,155,168,323
120,155,167,322
120,154,167,321
120,154,167,321
120,154,167,321
120,155,167,322
120,155,167,322
120,155,168,323
120,155,168,323
120,155,168,323
120,156,168,324
120,156,168,324
120,156,168,324
120,156,169,325
120,156,169,325
120,156,169,325
120,156,169,325
120,157,169,326
120,157,169,326
120,158,169,327
120,158,169,327
120,159,169,328
120,159,169,328
120,159,169,328
120,159,169,328
120,160,169,329
120,160,169,329
120,160,168,328
120,160,168,328
120,160,168,328
120,160,169,329
120,160,169,329
120,161,169,330
120,161,169,330
120,161,169,330
120,161,170,331
120,161,170,331
120,160,170,330
120,160,170,330
120,160,170,330
120,160,171,331
120,160,171,331
120,160,172,332
120,160,172,332
120,160,172,332
120,160,172,332
120,160,172,332
120,161,172,333
120,161,172,333
120,161,172,333
120,161,173,334
120,161,173,334
121,161,174,335
121,161,173,334
121,161,173,334
121,162,173,335
121,162,173,335
121,162,174,336
121,162,174,336
121,163,174,337
121,163,174,337
121,163,175,338
121,163,175,338
121,163,176,339
121,163,176,339
121,163,175,338
121,163,175,338
121,163,176,339
121,163,176,339
121,164,176,340
121,164,176,340
121,164,177,341
121,164,177,341
121,164,177,341
121,164,177,341
121,164,178,342
121,164,177,341
121,164,177,341
121,165,177,342
121,165,176,341
121,165,176,341
121,166,176,342
121,166,176,342
121,166,177,343
121,166,177,343
121,167,177,344
121,167,177,344
121,168,177,345
121,168,177,345
121,168,178,346
121,168,178,346
121,168,179,347
121,168,179,347
121,168,180,348
121,168,180,348
121,169,180,349
121,168,180,348
121,168,180,348
121,169,180,349
121,169,180,349
122,169,181,350
122,169,181,350
122,169,182,351
122,169,182,351
122,169,182,351
122,170,182,352
122,170,182,352
122,171,182,353
122,171,182,353
122,171,182,353
122,170,182,352
122,170,182,352
122,169,182,351
122,169,182,351
122,169,183,352
122,169,183,352
122,169,183,352
122,170,183,353
122,170,183,353
122,169,183,352
122,168,183,351
122,168,183,351
122,168,184,352
122,168,183,351
122,168,183,351
122,169,183,352
122,169,183,352
122,169,184,353
122,169,184,353
122,169,183,352
122,169,183,352
122,170,183,353
122,170,183,353
122,171,183,354
122,171,183,354
122,171,182,353
122,171,182,353
122,171,183,354
122,171,183,354
122,171,184,355
122,171,184,355
123,172,184,356
123,172,184,356
123,172,184,356
123,172,184,356
123,172,184,356
123,172,185,357
123,172,185,357
123,172,186,358
123,172,186,358
123,172,187,359
123,172,187,359
123,173,187,360
123,172,187,359
123,172,187,359
123,173,187,360
123,173,187,360
123,173,187,360
123,174,187,361
123,173,187,360
123,173,187,360
123,173,187,360
123,173,188,361
123,173,188,361
123,173,189,362
123,173,189,362
123,174,189,363
123,174,189,363
123,175,189,364
123,175,189,364
123,175,190,365
123,175,190,365
123,176,190,366
123,176,190,366
123,175,190,365
123,175,190,365
123,175,191,366
123,175,191,366
123,176,191,367
123,175,191,366
123,175,191,366
124,176,191,367
124,176,191,367
124,175,191,366
124,175,191,366
124,175,192,367
124,175,192,367
124,175,193,368
124,175,193,368
124,175,193,368
124,174,193,367
124,174,193,367
124,174,193,367
124,174,193,367
124,174,192,366
124,174,192,366
124,175,192,367
124,175,192,367
124,175,192,367
124,175,193,368
124,175,193,368
124,175,193,368
124,175,193,368
124,175,194,369
124,175,194,369
124,175,195,370
124,175,195,370
124,175,196,371
124,175,195,370
124,175,195,370
124,175,196,371
124,175,196,371
124,175,197,372
124,175,197,372
124,176,197,373
124,176,197,373
125,177,197,374
125,177,197,374
125,177,197,374
125,177,197,374
125,178,197,375
125,178,197,375
125,178,197,375
125,179,197,376
125,179,197,376
125,179,197,376
125,179,198,377
125,179,198,377
125,179,199,378
125,179,198,377
125,179,198,377
125,179,199,378
125,179,199,378
125,179,200,379
125,179,200,379
125,180,200,380
125,180,200,380
125,180,200,380
125,180,201,381
125,180,201,381
125,180,200,380
125,180,200,380
125,180,201,381
125,180,200,380
125,180,200,380
125,181,200,381
125,181,200,381
125,182,200,382
125,182,200,382
125,183,200,383
125,183,199,382
125,183,199,382
125,184,199,383
125,184,199,383
125,184,200,384
125,184,200,384
125,184,200,384
125,185,200,385
125,185,200,385
125,184,200,384
125,184,200,384
125,185,200,385
125,185,200,385
125,185,201,386
125,185,201,386
125,184,201,385
125,184,201,385
125,184,201,385
125,184,202,386
125,184,201,385
126,184,201,385
126,184,201,385
126,184,200,384
126,183,200,383
126,183,200,383
126,183,200,383
126,184,200,384
126,184,200,384
126,185,200,385
126,185,200,385
126,186,200,386
126,186,200,386
126,186,201,387
126,186,201,387
126,187,201,388
126,187,201,388
126,187,202,389
126,187,202,389
126,187,203,390
126,187,203,390
126,188,203,391
126,188,203,391
126,188,204,392
126,188,204,392
126,188,205,393
126,188,205,393
126,188,206,394
126,188,206,394
126,188,206,394
126,188,207,395
126,188,207,395
126,188,207,395
126,188,208,396
126,188,208,396
126,188,209,397
126,188,208,396
126,188,208,396
126,188,207,395
126,188,207,395
126,188,207,395
126,188,207,395
126,188,208,396
126,188,207,395
126,188,207,395
126,188,207,395
126,188,207,395
126,189,207,396
126,189,207,396
126,190,207,397
126,190,206,396
126,190,206,396
126,191,206,397
127,190,206,396
127,190,206,396
127,190,206,396
127,190,206,396
127,190,207,397
127,190,207,397
127,190,208,398
127,190,208,398
127,190,208,398
127,190,208,398
127,190,209,399
127,190,209,399
127,191,209,400
127,191,209,400
127,191,209,400
127,191,209,400
127,192,209,401
127,191,209,400
127,191,209,400
127,192,209,401
127,192,209,401
127,192,209,401
127,192,210,402
127,192,210,402
127,193,210,403
127,193,210,403
127,194,210,404
127,193,210,403
127,193,210,403
127,193,211,404
127,193,211,404
127,193,212,405
127,193,212,405
127,194,212,406
127,194,212,406
127,195,212,407
127,194,212,406
127,194,212,406
127,194,212,406
127,194,213,407
127,194,213,407
127,194,214,408
127,194,214,408
127,195,214,409
127,195,214,409
127,195,215,410
127,195,215,410
127,195,215,410
127,195,215,410
128,196,215,411
128,196,215,411
128,196,215,411
128,197,215,412
128,196,215,411
128,196,215,411
128,197,215,412
128,197,215,412
128,197,215,412
128,197,216,413
128,197,216,413
128,197,217,414
128,197,217,414
128,196,217,413
128,196,216,412
128,196,215,411
128,196,215,411
128,195,215,410
128,195,215,410
128,195,215,410
128,194,215,409
128,194,215,409
128,194,216,410
128,194,215,409
128,194,215,409
128,194,214,408
128,194,214,408
128,195,214,409
128,195,214,409
128,195,215,410
128,194,215,409
128,194,214,408
128,194,214,408
128,193,214,407
128,193,214,407
128,193,214,407
128,193,215,408
128,193,215,408
129,194,215,409
129,194,215,409
129,194,216,410
129,194,216,410
129,194,216,410
129,194,217,411
129,194,217,411
129,194,218,412
129,194,218,412
129,194,219,413
129,194,219,413
129,194,220,414
129,194,220,414
129,195,220,415
129,195,220,415
129,196,220,416
129,196,220,416
129,196,220,416
129,196,220,416
129,196,219,415
129,196,219,415
129,196,219,415
129,195,219,414
129,195,219,414
129,195,220,415
129,195,220,415
129,195,221,416
129,195,221,416
129,195,222,417
129,194,222,416
129,194,222,416
129,194,223,417
129,194,223,417
129,195,223,418
129,195,223,418
129,196,223,419
129,196,223,419
129,196,223,419
129,197,223,420
129,197,223,420
129,197,224,421
129,197,224,421
129,197,224,421
129,197,224,421
129,197,225,422
129,197,224,421
129,197,223,420
129,197,222,419
129,197,222,419
129,197,223,420
129,197,223,420
129,197,224,421
129,197,224,421
129,197,225,422
129,197,225,422
129,198,225,423
129,198,225,423
129,198,225,423
129,199,225,424
129,199,225,424
129,199,226,425
129,199,226,425
129,199,227,426
129,199,227,426
129,200,227,427
129,200,227,427
130,201,227,428
130,201,227,428
130,202,227,429
130,201,227,428
130,201,227,428
130,202,227,429
130,202,227,429
130,202,227,429
130,202,228,430
130,201,228,429
130,201,228,429
130,202,228,430
130,202,227,429
130,202,227,429
130,202,228,430
130,202,228,430
130,203,228,431
130,203,228,431
130,204,228,432
130,204,228,432
130,203,228,431
130,203,228,431
130,204,228,432
130,204,228,432
130,205,228,433
130,205,228,433
130,205,229,434
130,205,229,434
130,205,229,434
130,206,229,435
130,206,229,435
130,206,229,435
130,207,229,436
130,207,229,436
130,208,229,437
130,207,229,436
130,207,229,436
130,207,229,436
130,207,229,436
130,207,230,437
130,206,230,436
130,206,230,436
130,207,230,437
130,207,230,437
130,207,230,437
130,207,230,437
130,207,230,437
130,207,231,438
130,207,230,437
130,207,230,437
130,207,230,437
130,207,231,438
130,207,231,438
131,207,232,439
131,207,232,439
131,208,232,440
131,208,232,440
131,208,233,441
131,208,233,441
131,209,233,442
131,209,232,441
131,209,232,441
131,210,232,442
131,209,232,441
131,209,232,441
131,208,232,440
131,208,232,440
131,208,233,441
131,208,233,441
131,208,234,442
131,208,234,442
131,208,234,442
131,208,235,443
131,208,235,443
131,208,236,444
131,208,236,444
131,208,237,445
131,208,236,444
131,208,236,444
131,209,236,445
131,209,236,445
131,210,236,446
131,210,236,446
131,211,236,447
131,211,236,447
131,212,236,448
131,212,236,448
131,213,236,449
131,213,236,449
131,214,236,450
131,214,236,450
131,214,237,451
131,214,237,451
131,215,237,452
131,215,237,452
131,215,236,451
131,214,236,450
131,214,236,450
131,215,236,451
131,215,236,451
131,215,236,451
131,216,236,452
131,216,236,452
131,217,236,453
131,217,236,453
131,218,236,454
131,218,236,454
132,218,236,454
132,218,236,454
132,218,237,455
132,218,237,455
132,218,238,456
132,218,238,456
132,219,238,457
132,219,238,457
132,219,238,457
132,219,239,458
132,219,239,458
132,219,239,458
132,219,240,459
132,219,240,459
132,219,241,460
132,219,241,460
132,220,241,461
132,220,241,461
132,221,241,462
132,221,241,462
132,221,241,462
132,221,240,461
132,221,240,461
132,221,241,462
132,221,241,462
132,222,241,463
132,222,241,463
132,222,241,463
132,221,241,462
132,221,241,462
132,222,241,463
132,222,241,463
132,221,241,462
132,221,241,462
132,221,241,462
132,222,241,463
132,222,241,463
132,222,242,464
132,222,242,464
132,223,242,465
132,223,242,465
132,223,242,465
132,223,242,465
132,223,242,465
132,224,242,466
132,224,242,466
132,224,243,467
132,224,243,467
132,225,243,468
132,225,243,468
132,225,244,469
132,225,244,469
132,226,244,470
132,226,244,470
132,226,245,471
132,226,245,471
132,226,246,472
133,225,246,471
133,225,246,471
133,225,246,471
133,225,246,471
133,225,247,472
133,225,246,471
133,225,246,471
133,226,246,472
133,226,245,471
133,226,245,471
133,227,245,472
133,227,245,472
133,227,245,472
133,228,245,473
133,228,245,473
133,228,246,474
133,228,246,474
133,228,247,475
133,227,247,474
133,227,246,473
133,227,245,472
133,227,245,472
133,227,245,472
133,228,245,473
133,228,245,473
133,229,245,474
133,229,245,474
133,229,246,475
133,229,246,475
133,230,246,476
133,230,246,476
133,231,246,477
133,231,246,477
133,231,246,477
133,231,247,478
133,230,247,477
133,230,246,476
133,230,246,476
133,231,246,477
133,231,246,477
133,230,246,476
133,230,246,476
133,230,247,477
133,230,247,477
133,231,247,478
133,230,247,477
133,230,247,477
133,229,247,476
133,229,247,476
133,229,247,476
133,230,247,477
133,230,247,477
133,231,247,478
133,231,247,478
134,232,247,479
134,232,247,479
134,232,247,479
134,233,247,480
134,233,247,480
134,234,247,481
134,234,246,480
134,234,246,480
134,234,246,480
134,234,247,481
134,234,247,481
134,234,248,482
134,234,248,482
134,233,248,481
134,233,248,481
134,233,249,482
134,233,249,482
134,234,249,483
134,234,248,482
134,234,248,482
134,235,248,483
134,235,248,483
134,235,249,484
134,235,249,484
134,236,249,485
134,236,249,485
134,235,249,484
134,235,249,484
134,235,250,485
134,234,250,484
134,234,250,484
134,234,250,484
134,235,250,485
134,235,250,485
134,236,250,486
134,236,250,486
134,236,251,487
134,236,251,487
134,236,252,488
134,236,252,488
134,236,251,487
134,236,250,486
134,236,249,485
134,235,249,484
134,235,249,484
134,235,250,485
134,235,250,485
134,235,251,486
134,235,251,486
134,236,251,487
134,236,251,487
134,237,251,488
134,237,251,488
134,237,251,488
134,237,251,488
134,238,251,489
134,238,251,489
134,239,251,490
134,239,251,490
134,240,251,491
134,239,251,490
134,239,251,490
135,238,251,489
135,237,251,488
135,236,251,487
135,236,251,487
135,236,251,487
135,236,251,487
135,236,251,487
135,236,251,487
135,236,252,488
135,236,252,488
135,236,253,489
135,236,253,489
135,236,254,490
135,236,254,490
135,236,255,491
135,236,255,491
135,237,255,492
135,236,255,491
135,236,255,491
135,237,255,492
135,237,255,492
135,237,255,492
135,236,255,491
135,235,255,490
135,235,255,490
135,235,256,491
135,235,256,491
135,235,256,491
135,236,256,492
135,236,256,492
135,236,255,491
135,236,255,491
135,237,255,492
135,236,255,491
135,236,255,491
135,236,255,491
135,236,256,492
135,236,256,492
135,236,257,493
135,236,257,493
135,236,257,493
135,236,258,494
135,236,258,494
135,236,258,494
135,236,259,495
135,236,259,495
135,237,259,496
135,237,259,496
135,236,259,495
135,235,259,494
135,235,259,494
135,235,260,495
135,235,260,495
135,236,260,496
135,236,260,496
135,237,260,497
135,237,260,497
135,237,261,498
135,237,261,498
135,238,261,499
135,238,260,498
135,238,260,498
135,238,261,499
135,238,261,499
135,238,261,499
135,238,261,499
135,238,262,500
135,238,262,500
135,239,262,501
135,239,262,501
135,239,263,502
135,238,263,501
135,238,262,500
135,238,262,500
135,238,263,501
135,238,263,501
135,239,263,502
135,239,263,502
135,239,263,502
135,239,264,503
135,239,264,503
135,239,264,503
135,239,264,503
135,239,264,503
136,238,264,502
136,238,264,502
136,238,264,502
136,238,264,502
136,238,264,502
136,238,265,503
136,238,264,502
136,238,264,502
136,238,265,503
136,238,265,503
136,238,266,504
136,238,265,503
136,238,265,503
136,238,266,504
136,238,266,504
136,239,266,505
136,239,266,505
136,239,267,506
136,239,266,505
136,239,266,505
136,239,266,505
136,239,266,505
136,240,266,506
136,240,266,506
136,240,267,507
136,240,267,507
136,240,267,507
136,240,267,507
136,241,267,508
136,241,267,508
136,242,267,509
136,242,266,508
136,241,266,507
136,241,266,507
136,241,267,508
136,241,267,508
136,242,267,509
136,242,267,509
136,243,267,510
136,243,267,510
136,244,267,511
136,244,267,511
136,245,267,512
136,245,267,512
136,246,267,513
136,246,267,513
136,246,268,514
136,246,268,514
136,246,268,514
136,245,268,513
136,245,268,513
136,246,268,514
136,246,268,514
136,246,269,515
136,246,269,515
136,246,270,516
136,246,270,516
136,246,270,516
136,247,270,517
136,247,270,517
136,247,271,518
137,247,270,517
137,247,270,517
137,247,270,517
137,248,270,518
137,248,270,518
137,249,270,519
137,249,270,519
137,250,270,520
137,250,270,520
137,250,271,521
137,250,271,521
137,251,271,522
137,251,271,522
137,251,271,522
137,251,272,523
137,251,272,523
137,251,273,524
137,251,272,523
137,251,272,523
137,251,273,524
137,251,273,524
137,252,273,525
137,252,273,525
137,253,273,526
137,253,273,526
137,254,273,527
137,254,273,527
137,254,274,528
137,254,274,528
137,254,274,528
137,254,274,528
137,254,275,529
137,254,275,529
137,254,274,528
137,254,274,528
137,254,274,528
137,255,274,529
137,255,274,529
137,255,274,529
137,256,274,530
137,256,274,530
137,256,274,530
137,257,274,531
137,257,274,531
137,257,274,531
137,258,274,532
137,258,274,532
137,258,275,533
137,258,275,533
137,259,275,534
137,259,275,534
137,259,276,535
137,259,276,535
137,259,276,535
137,260,276,536
137,260,276,536
137,260,276,536
137,261,276,537
137,261,276,537
137,261,277,538
137,261,277,538
137,262,277,539
137,262,277,539
137,263,277,540
137,263,277,540
137,264,277,541
137,264,277,541
137,264,278,542
137,264,278,542
137,265,278,543
137,265,278,543
137,266,278,544
137,266,278,544
137,266,278,544
137,267,278,545
137,267,278,545
137,267,279,546
137,267,279,546
137,267,280,547
137,267,280,547
137,267,280,547
137,267,281,548
137,267,281,548
137,268,281,549
137,268,281,549
137,268,281,549
137,268,282,550
137,268,282,550
137,268,282,550
137,268,282,550
137,268,282,550
137,268,282,550
138,269,282,551
138,269,282,551
138,270,282,552
138,270,282,552
138,270,283,553
138,270,283,553
138,271,283,554
138,271,283,554
138,272,283,555
138,272,282,554
138,272,282,554
138,272,283,555
138,271,283,554
138,271,283,554
138,271,284,555
138,271,284,555
138,272,284,556
138,272,284,556
138,272,284,556
138,272,284,556
138,272,284,556
138,273,284,557
138,273,284,557
138,274,284,558
138,274,284,558
138,274,285,559
138,274,285,559
138,274,285,559
138,275,285,560
138,275,285,560
138,276,285,561
138,276,285,561
138,276,286,562
138,276,286,562
138,276,287,563
138,276,286,562
138,276,286,562
138,276,287,563
138,276,287,563
138,277,287,564
138,277,287,564
138,277,287,564
138,277,287,564
138,277,287,564
138,278,287,565
138,278,287,565
138,278,286,564
138,278,286,564
138,278,286,564
138,278,287,565
138,277,287,564
138,277,287,564
138,277,286,563
138,277,286,563
138,277,287,564
138,277,287,564
138,278,287,565
138,278,287,565
138,278,288,566
138,278,288,566
138,278,288,566
138,279,288,567
138,279,288,567
138,279,289,568
138,279,289,568
138,279,290,569
138,279,290,569
138,279,290,569
138,280,290,570
138,280,290,570
138,281,290,571
138,281,290,571
138,281,291,572
138,281,291,572
138,281,291,572
138,281,292,573
138,281,292,573
138,280,292,572
138,280,292,572
138,280,293,573
138,280,293,573
138,281,293,574
138,281,293,574
138,281,294,575
138,281,294,575
139,282,294,576
139,282,294,576
139,282,294,576
139,282,294,576
139,282,293,575
139,282,293,575
139,282,294,576
139,282,294,576
139,282,294,576
139,283,294,577
139,283,294,577
139,283,294,577
139,283,295,578
139,283,295,578
139,283,296,579
139,283,296,579
139,284,296,580
139,283,296,579
139,283,296,579
139,283,297,580
139,283,297,580
139,283,298,581
139,283,298,581
139,283,299,582
139,283,299,582
139,283,300,583
139,283,300,583
139,284,300,584
139,284,300,584
139,285,300,585
139,285,300,585
139,284,300,584
139,284,300,584
139,285,300,585
139,284,300,584
139,283,300,583
139,283,300,583
139,284,300,584
139,284,300,584
139,285,300,585
139,285,300,585
139,285,300,585
139,286,300,586
139,286,300,586
139,286,301,587
139,286,301,587
139,287,301,588
139,287,301,588
139,287,301,588
139,286,301,587
139,286,301,587
139,287,301,588
139,287,301,588
139,288,301,589
139,288,301,589
139,288,301,589
139,288,301,589
139,289,301,590
139,289,301,590
139,289,302,591
139,289,302,591
139,289,303,592
139,289,303,592
139,289,303,592
139,289,303,592
139,289,303,592
139,289,304,593
139,288,304,592
139,288,304,592
139,288,303,591
139,288,303,591
139,288,303,591
139,289,303,592
139,289,303,592
140,289,304,593
140,289,304,593
140,289,305,594
140,289,304,593
140,289,304,593
140,289,305,594
140,289,305,594
140,290,305,595
140,290,304,594
140,289,304,593
140,289,304,593
140,289,304,593
140,290,304,594
140,290,304,594
140,291,304,595
140,291,304,595
140,291,304,595
140,291,304,595
140,292,304,596
140,292,304,596
140,292,305,597
140,292,305,597
140,293,305,598
140,293,305,598
140,293,304,597
140,293,304,597
140,293,305,598
140,293,305,598
140,294,305,599
140,294,305,599
140,294,306,600
140,294,306,600
140,294,306,600
140,295,306,601
140,295,306,601
140,295,307,602
140,294,307,601
140,294,307,601
140,294,306,600
140,294,306,600
140,293,306,599
140,293,306,599
140,293,306,599
140,293,306,599
140,293,306,599
140,293,306,599
140,293,306,599
140,294,306,600
140,294,306,600
140,294,306,600
140,294,307,601
140,294,307,601
140,295,307,602
140,295,307,602
140,295,308,603
140,295,307,602
140,295,307,602
140,295,308,603
140,295,307,602
140,295,306,601
140,295,306,601
140,295,306,601
141,296,306,602
141,296,306,602
141,296,306,602
141,296,307,603
141,296,307,603
141,296,308,604
141,296,308,604
141,295,308,603
141,295,308,603
141,295,309,604
141,295,309,604
141,295,308,603
141,295,308,603
141,295,309,604
141,295,308,603
141,295,308,603
141,295,308,603
141,295,309,604
141,295,308,603
141,295,308,603
141,295,309,604
141,295,309,604
141,295,308,603
141,295,308,603
141,296,308,604
141,296,308,604
141,296,308,604
141,297,308,605
141,297,307,604
141,297,307,604
141,297,308,605
141,297,308,605
141,297,309,606
141,297,309,606
141,297,309,606
141,298,309,607
141,298,309,607
141,299,309,608
141,299,309,608
141,300,309,609
141,300,309,609
141,300,310,610
141,300,310,610
141,301,310,611
141,301,310,611
141,300,310,610
141,299,310,609
141,299,309,608
141,299,309,608
141,299,309,608
141,299,310,609
141,299,310,609
141,299,311,610
141,298,311,609
141,298,311,609
141,299,311,610
141,299,310,609
141,299,310,609
141,299,311,610
141,299,311,610
141,300,311,611
141,300,311,611
141,301,311,612
141,300,311,611
141,300,311,611
141,300,312,612
141,299,312,611
141,299,312,611
141,300,312,612
141,300,312,612
141,301,312,613
141,301,312,613
141,302,312,614
142,302,311,613
142,302,311,613
142,301,311,612
142,301,311,612
142,302,311,613
142,302,311,613
142,303,311,614
142,303,311,614
142,303,311,614
142,303,311,614
142,303,312,615
142,302,312,614
142,302,312,614
142,302,312,614
142,302,313,615
142,302,313,615
142,303,313,616
142,303,313,616
142,303,314,617
142,303,314,617
142,304,314,618
142,304,313,617
142,303,313,616
142,303,313,616
142,304,313,617
142,304,313,617
142,304,314,618
142,304,314,618
142,305,314,619
142,305,314,619
142,305,315,620
142,305,315,620
142,305,316,621
142,305,316,621
142,306,316,622
142,306,316,622
142,307,316,623
142,307,316,623
142,307,316,623
142,307,317,624
142,307,317,624
142,308,317,625
142,308,317,625
142,309,317,626
142,309,317,626
142,309,317,626
142,309,317,626
142,309,318,627
142,309,318,627
142,309,319,628
142,309,319,628
142,309,320,629
142,309,320,629
142,309,321,630
142,309,321,630
142,309,322,631
142,309,322,631
142,309,322,631
142,309,323,632
142,309,323,632
142,310,323,633
142,310,323,633
142,310,324,634
142,310,324,634
142,310,324,634
142,310,324,634
142,310,323,633
142,310,323,633
142,311,323,634
142,311,323,634
142,312,323,635
142,312,323,635
142,312,324,636
142,312,324,636
142,312,325,637
142,312,325,637
142,313,325,638
142,313,325,638
142,314,325,639
142,314,324,638
142,314,324,638
142,314,324,638
142,314,325,639
142,314,325,639
142,314,326,640
142,314,326,640
143,314,327,641
143,314,327,641
143,314,328,642
143,314,328,642
143,315,328,643
143,315,328,643
143,315,329,644
143,314,329,643
143,314,329,643
143,314,329,643
143,314,328,642
143,313,328,641
143,313,328,641
143,313,329,642
143,313,328,641
143,313,328,641
143,314,328,642
143,314,328,642
143,314,328,642
143,314,329,643
143,314,328,642
143,314,328,642
143,314,329,643
143,314,329,643
143,314,330,644
143,314,330,644
143,314,330,644
143,315,330,645
143,315,329,644
143,315,329,644
143,316,329,645
143,316,329,645
143,316,330,646
143,315,330,645
143,315,330,645
143,316,330,646
143,316,330,646
143,316,330,646
143,316,330,646
143,316,329,645
143,316,329,645
143,316,329,645
143,316,330,646
143,315,330,645
143,315,330,645
143,315,331,646
143,315,331,646
143,315,332,647
143,315,332,647
143,315,333,648
143,315,333,648
143,316,333,649
143,316,333,649
143,317,333,650
143,317,333,650
143,317,334,651
143,317,334,651
143,317,334,651
143,317,335,652
143,317,335,652
143,318,335,653
143,318,335,653
143,318,335,653
143,318,335,653
143,319,335,654
143,319,335,654
143,319,335,654
143,320,335,655
143,320,335,655
143,320,336,656
143,320,336,656
143,320,337,657
143,320,336,656
143,320,336,656
143,320,337,657
143,320,337,657
143,320,337,657
143,320,338,658
143,320,338,658
143,320,339,659
143,320,339,659
143,320,340,660
143,320,340,660
143,321,340,661
143,321,340,661
143,321,340,661
143,321,340,661
143,321,339,660
143,321,339,660
143,322,339,661
143,322,339,661
143,323,339,662
143,322,339,661
143,322,339,661
143,322,339,661
143,322,339,661
144,322,340,662
144,322,340,662
144,323,340,663
144,323,340,663
144,324,340,664
144,324,340,664
144,325,340,665
144,325,340,665
144,326,340,666
144,326,340,666
144,327,340,667
144,327,340,667
144,327,341,668
144,327,341,668
144,327,342,669
144,326,342,668
144,326,342,668
144,326,343,669
144,326,343,669
144,327,343,670
144,327,343,670
144,327,344,671
144,327,344,671
144,328,344,672
144,328,344,672
144,328,344,672
144,328,345,673
144,328,345,673
144,328,346,674
144,328,346,674
144,329,346,675
144,329,345,674
144,329,345,674
144,329,346,675
144,329,346,675
144,330,346,676
144,330,346,676
144,330,346,676
144,330,347,677
144,330,347,677
144,331,347,678
144,331,347,678
144,331,348,679
144,331,348,679
144,331,348,679
144,332,348,680
144,332,348,680
144,332,348,680
144,332,349,681
144,332,349,681
144,332,350,682
144,332,350,682
144,332,350,682
144,332,350,682
144,332,350,682
144,332,350,682
144,333,350,683
144,332,350,682
144,332,350,682
144,332,351,683
144,332,351,683
144,332,351,683
144,333,351,684
144,333,351,684
144,333,352,685
144,333,352,685
144,333,352,685
144,333,353,686
144,333,353,686
144,333,353,686
144,334,353,687
144,334,353,687
144,334,353,687
144,335,353,688
144,335,353,688
144,336,353,689
144,335,353,688
144,335,353,688
144,335,354,689
144,335,354,689
144,335,354,689
144,336,354,690
144,336,354,690
144,337,354,691
144,337,354,691
144,337,354,691
144,337,355,692
145,337,355,692
145,337,355,692
145,337,355,692
145,338,355,693
145,338,355,693
145,339,355,694
145,339,355,694
145,339,355,694
145,339,355,694
145,340,355,695
145,340,355,695
145,340,356,696
145,340,356,696
145,341,356,697
145,341,356,697
145,342,356,698
145,342,356,698
145,341,356,697
145,341,356,697
145,341,357,698
145,341,357,698
145,341,357,698
145,340,357,697
145,340,357,697
145,340,357,697
145,340,358,698
145,340,358,698
145,341,358,699
145,341,358,699
145,341,358,699
145,342,358,700
145,342,358,700
145,342,359,701
145,342,359,701
145,342,359,701
145,342,359,701
145,342,360,702
145,342,360,702
145,342,361,703
145,342,361,703
145,342,362,704
145,342,362,704
145,342,363,705
145,342,363,705
145,343,363,706
145,343,363,706
145,344,363,707
145,344,363,707
145,345,363,708
145,345,362,707
145,345,362,707
145,346,362,708
145,345,362,707
145,345,362,707
145,345,362,707
145,346,362,708
145,345,362,707
145,345,362,707
145,345,362,707
145,346,362,708
145,346,362,708
145,347,362,709
145,346,362,708
145,345,362,707
145,345,362,707
145,346,362,708
145,346,362,708
145,347,362,709
145,347,362,709
145,348,362,710
145,348,362,710
145,349,362,711
145,348,362,710
145,348,362,710
145,348,363,711
145,348,363,711
145,348,363,711
145,348,363,711
145,348,363,711
145,348,363,711
145,349,363,712
145,349,363,712
145,350,363,713
145,350,363,713
145,350,363,713
145,351,363,714
145,351,363,714
145,351,363,714
145,351,363,714
145,351,364,715
145,351,364,715
145,351,365,716
145,350,365,715
145,350,364,714
145,350,364,714
145,350,365,715
145,350,365,715
145,351,365,716
145,351,365,716
145,352,365,717
145,352,365,717
145,353,365,718
145,353,365,718
145,353,366,719
145,353,366,719
145,353,366,719
145,354,366,720
145,354,366,720
145,355,366,721
145,355,365,720
145,355,365,720
145,355,365,720
145,355,366,721
145,355,366,721
146,355,367,722
146,355,367,722
146,354,367,721
146,354,367,721
146,354,367,721
146,354,366,720
146,354,366,720
146,354,367,721
146,354,367,721
146,354,367,721
146,355,367,722
146,355,367,722
146,356,367,723
146,356,367,723
146,356,367,723
146,356,367,723
146,357,367,724
146,357,367,724
146,357,368,725
146,357,368,725
146,358,368,726
146,358,368,726
146,358,368,726
146,359,368,727
146,359,367,726
146,359,367,726
146,360,367,727
146,360,367,727
146,361,367,728
146,361,367,728
146,361,368,729
146,360,368,728
146,360,368,728
146,360,368,728
146,360,368,728
146,360,368,728
146,360,369,729
146,360,369,729
146,360,369,729
146,360,370,730
146,360,370,730
146,361,370,731
146,361,370,731
146,361,370,731
146,361,371,732
146,361,371,732
146,362,371,733
146,362,371,733
146,363,371,734
146,363,371,734
146,364,371,735
146,364,370,734
146,364,370,734
146,364,370,734
146,364,371,735
146,364,371,735
146,365,371,736
146,365,371,736
146,365,371,736
146,366,371,737
146,366,371,737
146,366,372,738
146,366,372,738
146,367,372,739
146,367,372,739
146,367,373,740
146,367,373,740
146,368,373,741
146,368,373,741
146,369,373,742
146,369,373,742
146,370,373,743
146,370,373,743
146,370,374,744
146,369,374,743
146,369,373,742
146,368,373,741
146,368,373,741
146,368,373,741
146,368,374,742
146,367,374,741
146,367,374,741
146,367,374,741
146,368,374,742
146,368,374,742
146,369,374,743
146,369,373,742
146,369,373,742
146,369,374,743
146,369,374,743
146,369,374,743
147,368,374,742
147,368,374,742
147,369,374,743
147,369,374,743
147,369,375,744
147,369,374,743
147,369,374,743
147,370,374,744
147,370,373,743
147,370,373,743
147,371,373,744
147,371,373,744
147,372,373,745
147,372,373,745
147,373,373,746
147,373,373,746
147,373,373,746
147,374,373,747
147,374,373,747
147,375,373,748
147,375,373,748
147,374,373,747
147,373,373,746
147,372,373,745
147,371,373,744
147,371,373,744
147,371,374,745
147,371,374,745
147,371,374,745
147,371,374,745
147,371,375,746
147,371,375,746
147,372,375,747
147,371,375,746
147,371,375,746
147,370,375,745
147,370,375,745
147,370,376,746
147,370,376,746
147,370,377,747
147,370,377,747
147,370,378,748
147,370,378,748
147,370,378,748
147,370,377,747
147,370,377,747
147,371,377,748
147,371,377,748
147,371,378,749
147,371,377,748
147,371,377,748
147,371,378,749
147,371,378,749
147,371,377,748
147,371,377,748
147,371,377,748
147,371,378,749
147,371,378,749
147,371,378,749
147,372,378,750
147,372,378,750
147,373,378,751
147,373,378,751
147,373,378,751
147,373,378,751
147,373,379,752
147,373,379,752
147,373,379,752
147,373,380,753
147,373,380,753
147,374,380,754
147,374,380,754
147,374,381,755
147,374,381,755
147,374,380,754
147,374,379,753
147,373,379,752
147,373,378,751
147,373,378,751
147,374,378,752
147,374,378,752
147,375,378,753
147,375,378,753
147,376,378,754
147,376,378,754
147,377,378,755
147,377,378,755
147,378,378,756
147,378,378,756
147,378,378,756
147,378,379,757
147,378,379,757
147,379,379,758
147,379,379,758
147,379,379,758
148,379,380,759
148,379,380,759
148,379,380,759
148,379,381,760
148,379,381,760
148,379,382,761
148,379,382,761
148,380,382,762
148,380,382,762
148,380,382,762
148,380,381,761
148,380,381,761
148,381,381,762
148,381,381,762
148,381,382,763
148,381,382,763
148,381,383,764
148,381,383,764
148,380,383,763
148,380,383,763
148,381,383,764
148,381,383,764
148,382,383,765
148,382,383,765
148,382,384,766
148,382,384,766
148,382,384,766
148,382,385,767
148,382,385,767
148,383,385,768
148,383,385,768
148,384,385,769
148,384,385,769
148,384,385,769
148,385,385,770
148,385,385,770
148,385,386,771
148,385,385,770
148,385,385,770
148,386,385,771
148,386,385,771
148,387,385,772
148,387,385,772
148,387,384,771
148,387,384,771
148,387,385,772
148,386,385,771
148,386,385,771
148,387,385,772
148,387,385,772
148,387,386,773
148,387,386,773
148,388,386,774
148,388,386,774
148,388,387,775
148,388,387,775
148,388,388,776
148,388,388,776
148,388,388,776
148,388,388,776
148,388,388,776
148,388,388,776
148,388,389,777
148,388,389,777
148,388,390,778
148,388,390,778
148,389,390,779
148,389,389,778
148,389,389,778
148,389,390,779
148,388,390,778
148,388,390,778
148,388,390,778
148,388,391,779
148,388,390,778
148,388,390,778
148,389,390,779
148,389,390,779
148,389,389,778
148,389,389,778
148,389,390,779
148,389,390,779
148,389,391,780
148,389,391,780
148,389,392,781
148,389,392,781
148,389,392,781
148,389,393,782
148,388,393,781
148,388,393,781
148,388,393,781
148,388,394,782
148,388,394,782
148,388,394,782
148,388,394,782
148,388,395,783
148,388,395,783
148,388,395,783
148,389,395,784
148,389,395,784
148,390,395,785
148,390,395,785
148,391,395,786
148,391,395,786
148,391,395,786
148,391,395,786
149,391,396,787
149,391,396,787
149,391,397,788
149,391,397,788
149,391,398,789
149,391,397,788
149,391,397,788
149,391,396,787
149,391,395,786
149,391,395,786
149,391,396,787
149,391,396,787
149,392,396,788
149,392,396,788
149,392,396,788
149,392,396,788
149,392,397,789
149,392,397,789
149,392,396,788
149,392,395,787
149,392,395,787
149,392,395,787
149,393,395,788
149,393,395,788
149,393,396,789
149,393,396,789
149,393,397,790
149,393,397,790
149,393,397,790
149,392,397,789
149,392,397,789
149,393,397,790
149,393,396,789
149,393,396,789
149,394,396,790
149,393,396,789
149,393,396,789
149,393,397,790
149,392,397,789
149,392,397,789
149,392,398,790
149,392,398,790
149,392,398,790
149,392,399,791
149,392,399,791
149,392,399,791
149,392,400,792
149,392,400,792
149,392,401,793
149,392,401,793
149,393,401,794
149,393,401,794
149,393,402,795
149,393,401,794
149,393,401,794
149,394,401,795
149,394,401,795
149,394,401,795
149,394,402,796
149,394,402,796
149,394,402,796
149,394,403,797
149,394,402,796
149,394,402,796
149,395,402,797
149,395,402,797
149,395,401,796
149,395,401,796
149,395,401,796
149,396,401,797
149,396,401,797
149,396,401,797
149,397,401,798
149,397,401,798
149,397,401,798
149,397,401,798
149,397,401,798
149,397,401,798
149,396,401,797
149,396,401,797
149,396,401,797
149,397,401,798
149,397,401,798
149,397,402,799
149,397,402,799
149,397,402,799
149,397,403,800
149,397,403,800
149,397,404,801
149,397,404,801
149,397,404,801
149,397,404,801
149,397,404,801
149,397,405,802
149,396,405,801
149,396,404,800
149,396,404,800
150,396,404,800
150,396,404,800
150,396,404,800
150,396,404,800
150,396,404,800
150,396,404,800
150,396,405,801
150,396,405,801
150,396,406,802
150,396,405,801
150,396,404,800
150,396,404,800
150,396,405,801
150,396,405,801
150,396,406,802
150,396,406,802
150,396,406,802
150,397,406,803
150,397,406,803
150,397,406,803
150,397,406,803
150,398,406,804
150,398,406,804
150,399,406,805
150,399,406,805
150,400,406,806
150,400,406,806
150,401,406,807
150,401,405,806
150,401,405,806
150,402,405,807
150,401,405,806
150,401,405,806
150,402,405,807
150,402,405,807
150,403,405,808
150,403,405,808
150,402,405,807
150,402,405,807
150,402,406,808
150,402,406,808
150,402,406,808
150,403,406,809
150,402,406,808
150,402,406,808
150,403,406,809
150,403,406,809
150,404,406,810
150,404,406,810
150,405,406,811
150,405,406,811
150,406,406,812
150,406,406,812
150,406,406,812
150,406,406,812
150,407,406,813
150,407,406,813
150,407,407,814
150,407,407,814
150,408,407,815
150,408,407,815
150,408,408,816
150,407,408,815
150,407,407,814
150,407,407,814
150,407,408,815
150,407,408,815
150,408,408,816
150,408,408,816
150,408,409,817
150,408,409,817
150,409,409,818
150,409,409,818
150,409,410,819
150,409,410,819
150,409,411,820
150,409,411,820
150,409,411,820
150,410,411,821
150,410,411,821
150,411,411,822
150,411,411,822
150,412,411,823
150,412,411,823
150,412,411,823
150,412,412,824
150,412,412,824
150,412,413,825
150,412,413,825
150,412,413,825
150,412,413,825
150,413,413,826
150,413,413,826
150,413,414,827
150,413,414,827
150,413,415,828
150,413,415,828
150,413,415,828
150,414,415,829
150,414,415,829
150,415,415,830
150,414,415,829
150,414,415,829
151,415,415,830
151,415,415,830
151,416,415,831
151,416,415,831
151,416,416,832
151,415,416,831
151,415,415,830
151,415,415,830
151,415,415,830
151,416,415,831
151,416,415,831
151,416,416,832
151,416,416,832
151,416,416,832
151,416,416,832
151,415,416,831
151,415,416,831
151,416,416,832
151,416,416,832
151,416,415,831
151,415,415,830
151,415,415,830
151,415,415,830
151,416,415,831
151,416,415,831
151,416,416,832
151,416,416,832
151,416,416,832
151,416,417,833
151,416,417,833
151,416,418,834
151,416,418,834
151,416,418,834
151,415,418,833
151,415,418,833
151,416,418,834
151,416,418,834
151,417,418,835
151,417,418,835
151,417,419,836
151,417,419,836
151,417,418,835
151,417,418,835
151,418,418,836
151,418,417,835
151,418,417,835
151,419,417,836
151,419,417,836
151,420,417,837
151,419,417,836
151,419,417,836
151,419,417,836
151,420,417,837
151,420,417,837
151,420,417,837
151,419,417,836
151,419,417,836
151,420,417,837
151,420,417,837
151,421,417,838
151,420,417,837
151,420,417,837
151,421,417,838
151,421,417,838
151,421,417,838
151,420,417,837
151,420,417,837
151,421,417,838
151,421,417,838
151,422,417,839
151,422,417,839
151,422,418,840
151,421,418,839
151,421,417,838
151,420,417,837
151,420,417,837
151,420,417,837
151,420,417,837
151,420,417,837
151,419,417,836
151,419,417,836
151,419,417,836
151,419,418,837
151,418,418,836
151,418,418,836
151,418,419,837
151,418,419,837
151,418,420,838
151,418,420,838
151,418,421,839
151,418,421,839
151,418,422,840
151,418,422,840
151,419,422,841
151,419,422,841
151,419,422,841
151,419,423,842
151,419,423,842
151,420,423,843
151,420,423,843
151,420,423,843
151,421,423,844
151,421,423,844
151,421,423,844
151,421,424,845
151,421,424,845
152,421,424,845
152,421,424,845
152,421,424,845
152,421,425,846
152,421,424,845
152,421,424,845
152,421,425,846
152,421,425,846
152,421,426,847
152,421,426,847
152,422,426,848
152,422,426,848
152,423,426,849
152,423,425,848
152,423,425,848
152,422,425,847
152,421,425,846
152,421,425,846
152,422,425,847
152,422,425,847
152,422,424,846
152,421,424,845
152,421,424,845
152,421,425,846
152,421,424,845
152,421,424,845
152,421,425,846
152,421,425,846
152,421,426,847
152,421,426,847
152,421,427,848
152,421,426,847
152,421,426,847
152,421,426,847
152,422,426,848
152,422,426,848
152,422,426,848
152,422,426,848
152,422,427,849
152,422,426,848
152,422,425,847
152,422,425,847
152,422,426,848
152,421,426,847
152,421,426,847
152,422,426,848
152,422,425,847
152,422,425,847
152,422,426,848
152,421,426,847
152,421,426,847
152,421,426,847
152,422,426,848
152,422,426,848
152,423,426,849
152,423,425,848
152,423,425,848
152,424,425,849
152,424,425,849
152,425,425,850
152,425,425,850
152,425,426,851
152,425,426,851
152,424,426,850
152,424,426,850
152,424,427,851
152,424,427,851
152,424,427,851
152,424,426,850
152,424,426,850
152,424,427,851
152,424,427,851
152,424,428,852
152,424,428,852
152,425,428,853
152,425,428,853
152,425,429,854
152,425,428,853
152,425,428,853
152,426,428,854
152,426,428,854
152,426,429,855
152,426,428,854
152,426,428,854
152,426,429,855
152,426,429,855
152,427,429,856
152,427,429,856
152,427,429,856
152,427,430,857
152,427,429,856
152,427,429,856
152,427,429,856
152,428,429,857
152,428,429,857
153,428,430,858
153,428,430,858
153,428,429,857
153,428,428,856
153,428,428,856
153,428,428,856
153,428,428,856
153,428,428,856
153,428,429,857
153,427,429,856
153,427,429,856
153,428,429,857
153,428,428,856
153,428,428,856
153,428,429,857
153,428,429,857
153,428,430,858
153,428,430,858
153,428,431,859
153,428,431,859
153,429,431,860
153,429,431,860
153,428,431,859
153,428,431,859
153,429,431,860
153,429,431,860
153,429,431,860
153,430,431,861
153,430,431,861
153,430,432,862
153,430,432,862
153,430,433,863
153,430,433,863
153,430,434,864
153,430,434,864
153,430,434,864
153,430,434,864
153,430,434,864
153,430,435,865
153,430,435,865
153,430,435,865
153,430,436,866
153,430,436,866
153,429,436,865
153,429,436,865
153,430,436,866
153,430,436,866
153,431,436,867
153,431,435,866
153,430,435,865
153,430,435,865
153,429,435,864
153,429,435,864
153,430,435,865
153,430,434,864
153,430,434,864
153,431,434,865
153,431,434,865
153,431,435,866
153,431,435,866
153,431,435,866
153,431,436,867
153,431,436,867
153,431,437,868
153,431,437,868
153,432,437,869
153,432,437,869
153,433,437,870
153,433,437,870
153,433,437,870
153,433,438,871
153,433,438,871
153,434,438,872
153,434,438,872
153,434,438,872
153,434,438,872
153,434,438,872
153,435,438,873
153,435,438,873
153,436,438,874
153,436,438,874
153,437,438,875
153,437,438,875
153,437,438,875
153,437,438,875
153,437,439,876
153,437,439,876
153,438,439,877
153,438,439,877
153,438,440,878
153,437,440,877
153,437,440,877
153,438,440,878
153,438,440,878
153,439,440,879
153,439,440,879
153,439,441,880
153,439,441,880
153,439,441,880
153,439,441,880
153,439,441,880
153,439,442,881
153,439,442,881
153,439,443,882
153,439,443,882
153,439,444,883
153,439,444,883
153,439,444,883
153,439,444,883
153,439,445,884
153,439,445,884
153,439,444,883
153,439,444,883
153,439,444,883
153,439,444,883
153,439,445,884
154,439,445,884
154,439,444,883
154,439,444,883
154,440,444,884
154,440,443,883
154,439,443,882
154,439,443,882
154,440,443,883
154,440,442,882
154,440,442,882
154,440,442,882
154,440,442,882
154,440,442,882
154,439,442,881
154,439,441,880
154,439,441,880
154,439,442,881
154,439,442,881
154,440,442,882
154,440,442,882
154,441,442,883
154,441,442,883
154,441,442,883
154,442,442,884
154,442,442,884
154,443,442,885
154,443,442,885
154,444,442,886
154,444,441,885
154,444,441,885
154,445,441,886
154,444,441,885
154,444,441,885
154,445,441,886
154,445,441,886
154,445,442,887
154,444,442,886
154,444,441,885
154,444,441,885
154,444,442,886
154,444,442,886
154,443,442,885
154,443,442,885
154,444,442,886
154,444,442,886
154,445,442,887
154,445,442,887
154,445,443,888
154,445,443,888
154,446,443,889
154,446,443,889
154,447,443,890
154,447,443,890
154,447,443,890
154,447,443,890
154,448,443,891
154,448,443,891
154,449,443,892
154,449,443,892
154,449,443,892
154,450,443,893
154,450,443,893
154,451,443,894
154,451,443,894
154,451,442,893
154,451,442,893
154,451,442,893
154,452,442,894
154,452,442,894
154,452,443,895
154,452,443,895
154,451,443,894
154,451,443,894
154,451,443,894
154,452,443,895
154,452,443,895
154,453,443,896
154,453,443,896
154,453,444,897
154,453,444,897
154,454,444,898
154,454,444,898
154,455,444,899
154,455,444,899
154,455,443,898
154,455,443,898
154,456,443,899
154,455,443,898
154,455,443,898
154,456,443,899
154,456,443,899
154,456,443,899
154,456,444,900
154,456,444,900
154,456,445,901
154,455,445,900
154,455,444,899
154,455,443,898
154,455,443,898
154,456,443,899
154,456,443,899
154,456,443,899
154,456,444,900
154,456,444,900
154,456,445,901
154,456,445,901
154,457,445,902
154,456,445,901
154,456,445,901
154,456,445,901
154,457,445,902
155,456,445,901
155,455,445,900
155,455,445,900
155,456,445,901
155,456,445,901
155,456,446,902
155,456,446,902
155,456,446,902
155,456,447,903
155,456,447,903
155,456,448,904
155,456,447,903
155,456,447,903
155,457,447,904
155,457,446,903
155,457,446,903
155,458,446,904
155,458,446,904
155,458,447,905
155,458,447,905
155,459,447,906
155,459,447,906
155,460,447,907
155,460,447,907
155,460,447,907
155,461,447,908
155,461,447,908
155,461,448,909
155,461,448,909
155,461,448,909
155,462,448,910
155,461,448,909
155,460,448,908
155,460,448,908
155,460,449,909
155,460,449,909
155,460,450,910
155,460,450,910
155,461,450,911
155,461,450,911
155,461,450,911
155,461,451,912
155,461,451,912
155,461,452,913
155,461,452,913
155,461,453,914
155,461,453,914
155,461,454,915
155,461,454,915
155,462,454,916
155,462,454,916
155,462,455,917
155,462,455,917
155,462,455,917
155,462,456,918
155,462,456,918
155,463,456,919
155,463,456,919
155,463,457,920
155,463,457,920
155,464,457,921
155,464,457,921
155,464,458,922
155,464,458,922
155,465,458,923
155,465,458,923
155,466,458,924
155,466,458,924
155,467,458,925
155,467,458,925
155,467,459,926
155,467,458,925
155,467,458,925
155,467,458,925
155,467,459,926
155,467,459,926
155,467,459,926
155,467,458,925
155,467,458,925
155,467,459,926
155,467,459,926
155,467,460,927
155,467,460,927
155,467,459,926
155,467,459,926
155,468,459,927
155,468,459,927
155,468,460,928
155,468,460,928
155,468,460,928
155,468,461,929
155,468,461,929
155,469,461,930
155,469,460,929
155,469,460,929
155,469,460,929
155,469,461,930
155,469,461,930
155,470,461,931
155,469,461,930
155,468,461,929
155,468,461,929
155,468,462,930
155,468,462,930
155,468,463,931
155,468,462,930
155,468,462,930
155,468,461,929
155,468,461,929
155,468,461,929
155,469,461,930
155,469,461,930
155,469,462,931
155,469,461,930
155,469,461,930
155,469,462,931
155,469,462,931
155,469,463,932
155,469,463,932
155,469,463,932
155,470,463,933
155,470,462,932
155,470,462,932
155,470,462,932
155,470,463,933
155,469,463,932
155,469,463,932
155,469,464,933
155,469,464,933
155,469,465,934
155,469,464,933
155,469,464,933
155,470,464,934
155,470,464,934
155,470,465,935
155,470,465,935
155,470,466,936
155,470,466,936
155,470,467,937
155,470,467,937
155,470,467,937
155,470,467,937
155,470,467,937
155,471,467,938
155,471,467,938
155,472,467,939
155,472,467,939
155,473,467,940
155,473,467,940
155,474,467,941
155,474,467,941
155,475,467,942
155,475,467,942
155,475,468,943
155,475,468,943
155,476,468,944
155,476,468,944
155,476,467,943
155,476,467,943
155,476,467,943
155,476,467,943
155,476,467,943
155,476,468,944
156,476,468,944
156,476,468,944
156,476,468,944
156,476,468,944
156,476,469,945
156,476,469,945
156,475,469,944
156,475,469,944
156,475,470,945
156,475,470,945
156,475,470,945
156,476,470,946
156,476,470,946
156,476,469,945
156,475,469,944
156,475,469,944
156,475,470,945
156,475,470,945
156,475,470,945
156,475,471,946
156,475,471,946
156,476,471,947
156,476,471,947
156,476,472,948
156,476,472,948
156,477,472,949
156,477,472,949
156,477,472,949
156,477,473,950
156,477,472,949
156,477,471,948
156,476,471,947
156,476,471,947
156,476,472,948
156,476,472,948
156,476,472,948
156,477,472,949
156,477,472,949
156,478,472,950
156,478,472,950
156,478,472,950
156,478,472,950
156,478,473,951
156,478,473,951
156,478,473,951
156,478,474,952
156,478,473,951
156,478,473,951
156,478,473,951
156,478,473,951
156,479,473,952
156,479,473,952
156,479,474,953
156,479,474,953
156,480,474,954
156,480,474,954
156,480,475,955
156,480,475,955
156,480,476,956
156,480,475,955
156,480,475,955
156,480,476,956
156,480,476,956
156,481,476,957
156,481,476,957
156,482,476,958
156,482,476,958
156,483,476,959
156,483,475,958
156,483,475,958
156,484,475,959
156,484,475,959
156,485,475,960
156,485,475,960
156,486,475,961
156,486,475,961
156,487,475,962
156,486,475,961
156,486,475,961
156,487,475,962
156,487,475,962
156,486,475,961
156,486,475,961
156,487,475,962
156,487,475,962
156,488,475,963
156,488,475,963
156,488,476,964
156,488,476,964
156,488,476,964
156,488,476,964
156,488,477,965
156,488,477,965
156,489,477,966
156,489,477,966
156,490,477,967
156,490,477,967
156,490,478,968
156,490,478,968
156,490,479,969
156,490,479,969
156,489,479,968
156,489,479,968
156,490,479,969
156,490,479,969
156,490,480,970
156,490,480,970
156,490,480,970
156,490,481,971
156,490,481,971
156,490,482,972
156,490,482,972
156,490,483,973
156,490,483,973
156,490,484,974
156,490,484,974
156,491,484,975
156,491,484,975
156,492,484,976
156,492,484,976
156,492,485,977
156,492,485,977
156,492,485,977
156,492,485,977
156,492,486,978
157,492,486,978
157,492,485,977
157,492,485,977
157,493,485,978
157,493,485,978
157,493,484,977
157,493,484,977
157,493,485,978
157,493,485,978
157,494,485,979
157,494,485,979
157,493,485,978
157,493,485,978
157,494,485,979
157,494,485,979
157,494,486,980
157,494,486,980
157,495,486,981
157,495,486,981
157,495,487,982
157,495,487,982
157,495,487,982
157,496,487,983
157,496,487,983
157,496,488,984
157,496,488,984
157,496,489,985
157,496,489,985
157,496,490,986
157,496,490,986
157,496,490,986
157,496,491,987
157,496,491,987
157,496,492,988
157,495,492,987
157,495,492,987
157,495,492,987
157,495,492,987
157,495,493,988
157,495,493,988
157,496,493,989
157,496,493,989
157,497,493,990
157,497,493,990
157,497,494,991
157,497,494,991
157,497,494,991
157,497,495,992
157,497,495,992
157,498,495,993
157,498,495,993
157,499,495,994
157,499,494,993
157,499,494,993
157,500,494,994
157,500,494,994
157,500,495,995
157,500,495,995
157,500,495,995
157,499,495,994
157,499,494,993
157,499,494,993
157,499,495,994
157,499,495,994
157,499,495,994
157,499,495,994
157,499,496,995
157,499,496,995
157,499,496,995
157,499,497,996
157,499,497,996
157,500,497,997
157,500,497,997
157,500,497,997
157,500,497,997
157,500,497,997
157,501,497,998
157,501,497,998
157,501,498,999
157,501,498,999
157,501,498,999
157,501,499,1000
157,501,499,1000
157,501,499,1000
157,502,499,1001
157,502,499,1001
157,503,499,1002
157,503,499,1002
157,503,499,1002
157,503,499,1002
157,503,500,1003
157,503,500,1003
157,503,500,1003
157,503,501,1004
157,502,501,1003
157,502,500,1002
157,502,500,1002
157,502,500,1002
157,502,500,1002
157,503,500,1003
157,503,500,1003
157,503,499,1002
157,503,499,1002
157,503,499,1002
157,503,500,1003
157,503,500,1003
157,503,501,1004
157,502,501,1003
157,502,501,1003
157,502,502,1004
157,502,502,1004
157,502,502,1004
157,502,503,1005
157,502,503,1005
157,503,503,1006
157,503,502,1005
157,503,502,1005
157,503,502,1005
157,503,502,1005
157,503,503,1006
157,503,503,1006
157,502,503,1005
157,502,503,1005
157,503,503,1006
157,503,502,1005
157,503,502,1005
157,504,502,1006
158,504,502,1006
158,504,502,1006
158,504,502,1006
158,505,502,1007
158,505,502,1007
158,505,503,1008
158,505,503,1008
158,506,503,1009
158,506,503,1009
158,506,504,1010
158,505,504,1009
158,505,504,1009
158,505,505,1010
158,505,504,1009
158,505,504,1009
158,506,504,1010
158,506,503,1009
158,506,503,1009
158,507,503,1010
158,507,503,1010
158,508,503,1011
158,508,503,1011
158,508,504,1012
158,508,504,1012
158,508,505,1013
158,508,505,1013
158,508,506,1014
158,508,506,1014
158,509,506,1015
158,509,506,1015
158,509,507,1016
158,509,507,1016
158,510,507,1017
158,510,507,1017
158,510,507,1017
158,511,507,1018
158,511,507,1018
158,510,507,1017
158,510,507,1017
158,510,507,1017
158,510,507,1017
158,510,508,1018
158,510,508,1018
158,510,509,1019
158,510,509,1019
158,510,510,1020
158,510,510,1020
158,511,510,1021
158,511,510,1021
158,512,510,1022
158,512,510,1022
158,512,511,1023
158,512,511,1023
158,511,511,1022
158,511,511,1022
158,511,511,1022
158,511,511,1022
158,511,510,1021
158,511,510,1021
158,511,511,1022
158,511,511,1022
158,512,511,1023
158,512,511,1023
158,512,512,1024
158,512,512,1024
158,512,513,1025
158,512,513,1025
158,512,514,1026
158,512,514,1026
158,512,514,1026
158,513,514,1027
158,513,514,1027
158,514,514,1028
158,514,514,1028
158,515,514,1029
158,515,514,1029
158,516,514,1030
158,516,514,1030
158,516,514,1030
158,516,514,1030
158,516,515,1031
158,516,515,1031
158,516,516,1032
158,515,516,1031
158,515,516,1031
158,515,516,1031
158,515,516,1031
158,515,517,1032
158,515,517,1032
158,516,517,1033
158,516,517,1033
158,517,517,1034
158,517,517,1034
158,517,517,1034
158,517,517,1034
158,518,517,1035
158,518,517,1035
158,518,518,1036
158,518,518,1036
158,518,518,1036
158,518,519,1037
158,518,519,1037
158,518,519,1037
159,518,520,1038
159,518,520,1038
159,519,520,1039
159,519,520,1039
159,520,520,1040
159,520,520,1040
159,520,520,1040
159,520,521,1041
159,520,521,1041
159,520,522,1042
159,520,522,1042
159,520,523,1043
159,520,523,1043
159,520,524,1044
159,520,524,1044
159,520,524,1044
159,521,524,1045
159,521,524,1045
159,522,524,1046
159,522,524,1046
159,522,524,1046
159,522,525,1047
159,522,525,1047
159,522,525,1047
159,523,525,1048
159,523,525,1048
159,523,525,1048
159,524,525,1049
159,524,525,1049
159,525,525,1050
159,525,525,1050
159,526,525,1051
159,526,525,1051
159,526,525,1051
159,526,524,1050
159,526,524,1050
159,525,524,1049
159,525,524,1049
159,524,524,1048
159,524,524,1048
159,523,524,1047
159,523,524,1047
159,524,524,1048
159,524,524,1048
159,525,524,1049
159,524,524,1048
159,524,524,1048
159,525,524,1049
159,525,524,1049
159,524,524,1048
159,524,524,1048
159,524,524,1048
159,525,524,1049
159,525,524,1049
159,525,524,1049
159,526,524,1050
159,525,524,1049
159,525,524,1049
159,526,524,1050
159,526,524,1050
159,525,524,1049
159,525,524,1049
159,526,524,1050
159,526,524,1050
159,526,525,1051
159,526,525,1051
159,527,525,1052
159,527,525,1052
159,527,526,1053
159,527,526,1053
159,527,527,1054
159,527,527,1054
159,527,527,1054
159,527,528,1055
159,527,528,1055
159,527,529,1056
159,527,529,1056
159,527,529,1056
159,527,530,1057
159,527,530,1057
159,528,530,1058
159,528,530,1058
159,528,530,1058
159,529,530,1059
159,529,530,1059
159,530,530,1060
159,530,530,1060
159,531,530,1061
159,531,530,1061
159,531,531,1062
159,531,531,1062
159,531,532,1063
159,531,532,1063
159,532,532,1064
159,531,532,1063
159,531,532,1063
159,532,532,1064
159,532,532,1064
159,532,532,1064
159,532,532,1064
159,532,533,1065
159,532,533,1065
159,532,533,1065
159,532,534,1066
159,532,534,1066
159,532,534,1066
159,532,535,1067
159,532,535,1067
159,533,535,1068
159,533,535,1068
159,534,535,1069
159,533,535,1068
159,533,535,1068
159,533,536,1069
159,533,536,1069
159,533,537,1070
159,533,537,1070
159,533,537,1070
159,533,538,1071
159,532,538,1070
159,532,538,1070
159,532,537,1069
159,532,537,1069
159,532,537,1069
159,532,538,1070
159,532,538,1070
159,533,538,1071
159,533,538,1071
159,533,539,1072
159,533,539,1072
159,533,539,1072
159,533,540,1073
159,533,540,1073
160,533,541,1074
160,533,541,1074
160,533,542,1075
160,533,542,1075
160,533,543,1076
160,533,543,1076
160,533,544,1077
160,533,544,1077
160,533,545,1078
160,533,545,1078
160,533,546,1079
160,533,545,1078
160,533,545,1078
160,533,546,1079
160,533,546,1079
160,533,547,1080
160,533,547,1080
160,533,547,1080
160,533,546,1079
160,533,546,1079
160,534,546,1080
160,534,546,1080
160,534,547,1081
160,534,546,1080
160,534,546,1080
160,534,546,1080
160,534,546,1080
160,534,546,1080
160,534,547,1081
160,534,547,1081
160,534,547,1081
160,534,547,1081
160,534,547,1081
160,535,547,1082
160,535,547,1082
160,536,547,1083
160,536,547,1083
160,536,546,1082
160,536,546,1082
160,536,546,1082
160,536,547,1083
160,535,547,1082
160,535,546,1081
160,534,546,1080
160,534,546,1080
160,535,546,1081
160,535,546,1081
160,535,546,1081
160,535,547,1082
160,535,547,1082
160,536,547,1083
160,536,546,1082
160,536,546,1082
160,536,546,1082
160,536,546,1082
160,537,546,1083
160,537,546,1083
160,538,546,1084
160,538,546,1084
160,538,547,1085
160,538,547,1085
160,539,547,1086
160,539,547,1086
160,539,547,1086
160,540,547,1087
160,540,547,1087
160,539,547,1086
160,539,547,1086
160,540,547,1087
160,540,547,1087
160,541,547,1088
160,541,547,1088
160,542,547,1089
160,542,547,1089
160,542,548,1090
160,542,548,1090
160,543,548,1091
160,543,548,1091
160,544,548,1092
160,544,548,1092
160,545,548,1093
160,545,548,1093
160,546,548,1094
160,546,548,1094
160,546,549,1095
160,546,549,1095
160,546,550,1096
160,546,550,1096
160,546,550,1096
160,546,551,1097
160,546,551,1097
160,546,551,1097
160,547,551,1098
160,547,551,1098
160,547,552,1099
160,547,552,1099
160,547,553,1100
160,547,553,1100
160,547,553,1100
160,547,553,1100
160,547,554,1101
160,547,554,1101
160,547,555,1102
160,547,555,1102
160,547,555,1102
160,547,555,1102
160,546,555,1101
160,546,554,1100
160,546,554,1100
160,547,554,1101
160,547,554,1101
160,547,555,1102
160,547,554,1101
160,547,554,1101
160,547,554,1101
160,548,554,1102
160,548,554,1102
160,549,554,1103
160,549,554,1103
160,549,554,1103
160,550,554,1104
160,550,553,1103
160,550,553,1103
160,550,554,1104
160,550,554,1104
160,550,555,1105
160,550,555,1105
160,551,555,1106
160,551,555,1106
160,551,555,1106
160,551,555,1106
160,552,555,1107
160,552,555,1107
160,552,556,1108
160,552,556,1108
160,553,556,1109
160,552,556,1108
160,552,556,1108
160,552,557,1109
160,552,557,1109
160,553,557,1110
160,553,557,1110
160,553,557,1110
160,553,558,1111
160,553,558,1111
160,552,558,1110
160,552,558,1110
160,552,559,1111
160,552,559,1111
160,552,560,1112
160,552,560,1112
160,552,560,1112
160,553,560,1113
160,553,560,1113
160,553,560,1113
160,554,560,1114
160,554,560,1114
160,554,561,1115
160,554,560,1114
160,554,560,1114
160,554,560,1114
160,555,560,1115
160,555,560,1115
160,556,560,1116
160,556,559,1115
160,556,559,1115
160,556,560,1116
160,556,560,1116
160,556,561,1117
160,556,561,1117
160,556,561,1117
160,556,562,1118
160,556,562,1118
160,556,563,1119
160,556,563,1119
160,556,563,1119
160,557,563,1120
160,557,563,1120
160,557,563,1120
160,557,564,1121
160,557,564,1121
161,558,564,1122
161,558,564,1122
161,559,564,1123
161,559,564,1123
161,559,565,1124
161,559,565,1124
161,559,565,1124
161,560,565,1125
161,560,565,1125
161,561,565,1126
161,560,565,1125
161,560,565,1125
161,560,566,1126
161,560,566,1126
161,560,566,1126
161,560,567,1127
161,560,567,1127
161,561,567,1128
161,561,567,1128
161,561,568,1129
161,561,568,1129
161,561,569,1130
161,561,569,1130
161,561,570,1131
161,561,570,1131
161,561,570,1131
161,561,570,1131
161,561,571,1132
161,561,571,1132
161,561,571,1132
161,562,571,1133
161,562,571,1133
161,562,572,1134
161,562,572,1134
161,562,572,1134
161,563,572,1135
161,563,572,1135
161,563,572,1135
161,563,572,1135
161,563,572,1135
161,563,572,1135
161,563,573,1136
161,563,573,1136
161,564,573,1137
161,564,573,1137
161,564,573,1137
161,564,574,1138
161,564,574,1138
161,565,574,1139
161,565,574,1139
161,566,574,1140
161,566,574,1140
161,567,574,1141
161,567,574,1141
161,566,574,1140
161,566,574,1140
161,567,574,1141
161,567,574,1141
161,568,574,1142
161,567,574,1141
161,567,574,1141
161,567,574,1141
161,568,574,1142
161,568,574,1142
161,568,574,1142
161,568,575,1143
161,567,575,1142
161,567,575,1142
161,567,575,1142
161,567,575,1142
161,568,575,1143
161,568,575,1143
161,568,576,1144
161,568,576,1144
161,568,576,1144
161,569,576,1145
161,569,576,1145
161,570,576,1146
161,570,576,1146
161,570,577,1147
161,570,576,1146
161,570,576,1146
161,570,576,1146
161,570,576,1146
161,570,577,1147
161,570,577,1147
161,571,577,1148
161,571,576,1147
161,571,576,1147
161,571,576,1147
161,571,576,1147
161,572,576,1148
161,572,576,1148
161,573,576,1149
161,572,576,1148
161,571,576,1147
161,571,576,1147
161,571,577,1148
161,571,577,1148
161,572,577,1149
161,572,577,1149
161,572,578,1150
161,572,578,1150
161,573,578,1151
161,573,578,1151
161,573,579,1152
161,573,579,1152
161,574,579,1153
161,574,579,1153
161,575,579,1154
161,574,579,1153
161,574,579,1153
161,575,579,1154
161,575,579,1154
161,575,579,1154
161,575,579,1154
162,575,580,1155
162,574,580,1154
162,574,580,1154
162,574,580,1154
162,574,580,1154
162,574,581,1155
162,574,581,1155
162,575,581,1156
162,575,581,1156
162,575,582,1157
162,575,582,1157
162,575,582,1157
162,575,583,1158
162,575,583,1158
162,576,583,1159
162,576,583,1159
162,577,583,1160
162,577,583,1160
162,577,583,1160
162,577,584,1161
162,577,584,1161
162,577,585,1162
162,577,585,1162
162,577,586,1163
162,577,586,1163
162,577,587,1164
162,577,587,1164
162,577,588,1165
162,577,587,1164
162,577,587,1164
162,578,587,1165
162,578,586,1164
162,578,586,1164
162,578,587,1165
162,578,587,1165
162,578,588,1166
162,578,588,1166
162,578,589,1167
162,578,589,1167
162,578,590,1168
162,578,590,1168
162,578,590,1168
162,578,591,1169
162,578,591,1169
162,578,592,1170
162,577,592,1169
162,577,592,1169
162,577,592,1169
162,577,592,1169
162,578,592,1170
162,578,592,1170
162,579,592,1171
162,579,592,1171
162,579,593,1172
162,579,593,1172
162,580,593,1173
162,580,592,1172
162,580,592,1172
162,581,592,1173
162,581,592,1173
162,581,593,1174
162,581,593,1174
162,581,593,1174
162,581,594,1175
162,581,594,1175
162,581,594,1175
162,581,595,1176
162,581,595,1176
162,582,595,1177
162,582,595,1177
162,582,596,1178
162,582,596,1178
162,582,596,1178
162,583,596,1179
162,583,596,1179
162,584,596,1180
162,584,596,1180
162,584,596,1180
162,585,596,1181
162,584,596,1180
162,584,596,1180
162,585,596,1181
162,584,596,1180
162,584,596,1180
162,584,597,1181
162,584,597,1181
162,585,597,1182
162,585,597,1182
162,585,598,1183
162,585,598,1183
162,585,599,1184
162,585,599,1184
162,585,599,1184
162,585,600,1185
162,585,600,1185
162,585,601,1186
162,585,601,1186
162,586,601,1187
162,586,601,1187
162,587,601,1188
162,587,601,1188
162,587,602,1189
162,586,602,1188
162,586,602,1188
162,587,602,1189
162,587,602,1189
162,587,603,1190
162,587,603,1190
162,587,602,1189
162,587,602,1189
162,588,602,1190
162,588,602,1190
162,588,602,1190
162,589,602,1191
162,589,602,1191
162,589,603,1192
162,589,603,1192
162,589,603,1192
162,590,603,1193
162,590,602,1192
162,590,602,1192
162,591,602,1193
162,591,602,1193
162,591,602,1193
162,592,602,1194
162,591,602,1193
162,590,602,1192
162,590,602,1192
162,589,602,1191
162,589,601,1190
162,589,601,1190
162,590,601,1191
162,590,601,1191
162,590,601,1191
162,590,602,1192
162,590,602,1192
162,590,603,1193
162,590,603,1193
162,590,604,1194
162,589,604,1193
162,589,604,1193
162,589,604,1193
162,589,604,1193
162,589,604,1193
162,589,603,1192
162,589,603,1192
162,590,603,1193
162,590,603,1193
162,591,603,1194
162,591,603,1194
162,591,604,1195
162,591,603,1194
162,591,602,1193
162,591,602,1193
162,591,603,1194
162,591,603,1194
162,591,604,1195
162,590,604,1194
162,590,604,1194
162,591,604,1195
162,591,604,1195
162,592,604,1196
162,592,604,1196
163,593,604,1197
163,593,603,1196
163,593,603,1196
163,593,603,1196
163,593,603,1196
163,593,603,1196
163,594,603,1197
163,593,603,1196
163,593,603,1196
163,592,603,1195
163,592,603,1195
163,593,603,1196
163,592,603,1195
163,591,603,1194
163,591,603,1194
163,591,604,1195
163,591,604,1195
163,591,604,1195
163,592,604,1196
163,591,604,1195
163,590,604,1194
163,590,604,1194
163,591,604,1195
163,591,604,1195
163,591,605,1196
163,591,605,1196
163,592,605,1197
163,592,605,1197
163,593,605,1198
163,593,604,1197
163,593,604,1197
163,594,604,1198
163,594,604,1198
163,594,605,1199
163,594,605,1199
163,595,605,1200
163,595,605,1200
163,595,606,1201
163,595,606,1201
163,596,606,1202
163,596,606,1202
163,596,607,1203
163,596,607,1203
163,595,607,1202
163,595,607,1202
163,596,607,1203
163,596,607,1203
163,597,607,1204
163,597,607,1204
163,598,607,1205
163,598,607,1205
163,599,607,1206
163,599,607,1206
163,599,607,1206
163,599,608,1207
163,599,608,1207
163,599,609,1208
163,599,609,1208
163,600,609,1209
163,600,609,1209
163,600,609,1209
163,600,609,1209
163,600,609,1209
163,600,608,1208
163,600,608,1208
163,600,608,1208
163,601,608,1209
163,601,608,1209
163,602,608,1210
163,602,608,1210
163,602,609,1211
163,602,609,1211
163,602,610,1212
163,602,610,1212
163,602,611,1213
163,602,611,1213
163,602,612,1214
163,601,612,1213
163,601,611,1212
163,601,610,1211
163,601,609,1210
163,601,609,1210
163,601,610,1211
163,601,610,1211
163,601,610,1211
163,601,611,1212
163,601,611,1212
163,601,610,1211
163,601,610,1211
163,601,611,1212
163,601,611,1212
163,601,612,1213
163,601,612,1213
163,601,612,1213
163,601,613,1214
163,601,613,1214
163,601,614,1215
163,601,613,1214
163,601,613,1214
163,601,614,1215
163,601,613,1214
163,601,613,1214
163,601,613,1214
163,601,613,1214
163,601,612,1213
163,601,612,1213
163,602,612,1214
163,602,612,1214
163,602,612,1214
163,602,612,1214
163,602,613,1215
163,602,613,1215
163,603,613,1216
163,603,613,1216
163,603,613,1216
163,604,613,1217
163,604,613,1217
163,604,614,1218
163,604,614,1218
163,604,614,1218
163,605,614,1219
163,605,613,1218
163,605,613,1218
163,605,613,1218
163,605,613,1218
163,605,614,1219
163,605,614,1219
163,606,614,1220
163,606,614,1220
163,607,614,1221
164,607,614,1221
164,607,614,1221
164,608,614,1222
164,608,614,1222
164,608,614,1222
164,609,614,1223
164,608,614,1222
164,608,614,1222
164,608,614,1222
164,608,614,1222
164,608,615,1223
164,608,615,1223
164,609,615,1224
164,609,615,1224
164,609,616,1225
164,608,616,1224
164,608,616,1224
164,608,617,1225
164,608,616,1224
164,608,616,1224
164,609,616,1225
164,609,615,1224
164,609,615,1224
164,609,615,1224
164,609,616,1225
164,609,616,1225
164,610,616,1226
164,610,616,1226
164,611,616,1227
164,611,616,1227
164,612,616,1228
164,612,616,1228
164,611,616,1227
164,611,616,1227
164,611,617,1228
164,611,617,1228
164,611,617,1228
164,611,618,1229
164,611,618,1229
164,611,618,1229
164,611,618,1229
164,611,618,1229
164,612,618,1230
164,612,618,1230
164,613,618,1231
164,613,618,1231
164,613,618,1231
164,613,619,1232
164,613,619,1232
164,613,620,1233
164,613,620,1233
164,614,620,1234
164,614,620,1234
164,615,620,1235
164,615,620,1235
164,615,620,1235
164,615,620,1235
164,615,621,1236
164,615,621,1236
164,616,621,1237
164,616,621,1237
164,615,621,1236
164,615,621,1236
164,616,621,1237
164,616,621,1237
164,617,621,1238
164,617,621,1238
164,617,621,1238
164,618,621,1239
164,618,621,1239
164,618,622,1240
164,618,622,1240
164,618,623,1241
164,618,623,1241
164,618,624,1242
164,618,624,1242
164,618,624,1242
164,618,624,1242
164,618,624,1242
164,619,624,1243
164,619,624,1243
164,619,624,1243
164,619,624,1243
164,619,625,1244
164,619,625,1244
164,619,625,1244
164,619,626,1245
164,619,626,1245
164,620,626,1246
164,619,626,1245
164,619,626,1245
164,620,626,1246
164,620,626,1246
164,620,626,1246
164,621,626,1247
164,621,626,1247
164,621,627,1248
164,621,627,1248
164,621,627,1248
164,622,627,1249
164,622,627,1249
164,623,627,1250
164,623,627,1250
164,623,627,1250
164,623,628,1251
164,622,628,1250
164,622,628,1250
164,622,628,1250
164,622,629,1251
164,622,629,1251
164,622,629,1251
164,622,630,1252
164,622,630,1252
164,622,630,1252
164,622,630,1252
164,622,630,1252
164,623,630,1253
164,623,630,1253
164,623,630,1253
164,623,631,1254
164,623,631,1254
164,623,632,1255
164,623,631,1254
164,623,631,1254
164,623,632,1255
164,623,631,1254
164,623,631,1254
164,623,632,1255
164,623,632,1255
164,623,633,1256
164,623,633,1256
164,623,633,1256
164,624,633,1257
164,624,633,1257
164,625,633,1258
164,625,633,1258
164,625,634,1259
164,625,634,1259
164,626,634,1260
164,626,634,1260
164,627,634,1261
164,627,634,1261
164,627,635,1262
164,627,635,1262
164,627,635,1262
164,627,636,1263
164,627,636,1263
164,628,636,1264
164,628,636,1264
164,629,636,1265
164,629,636,1265
164,629,636,1265
164,629,637,1266
164,629,637,1266
164,629,637,1266
165,629,638,1267
165,629,638,1267
165,630,638,1268
165,630,638,1268
165,630,639,1269
165,630,639,1269
165,630,639,1269
165,630,639,1269
165,630,638,1268
165,630,638,1268
165,630,638,1268
165,630,637,1267
165,630,637,1267
165,630,638,1268
165,630,638,1268
165,630,639,1269
165,629,639,1268
165,629,638,1267
165,629,637,1266
165,629,637,1266
165,629,637,1266
165,629,638,1267
165,629,638,1267
165,629,639,1268
165,629,639,1268
165,629,640,1269
165,629,640,1269
165,629,641,1270
165,629,641,1270
165,629,642,1271
165,629,642,1271
165,629,643,1272
165,629,643,1272
165,630,643,1273
165,630,643,1273
165,631,643,1274
165,631,642,1273
165,631,642,1273
165,631,642,1273
165,631,642,1273
165,631,643,1274
165,631,643,1274
165,631,644,1275
165,631,644,1275
165,631,644,1275
165,631,645,1276
165,631,645,1276
165,631,645,1276
165,631,646,1277
165,631,646,1277
165,631,647,1278
165,630,647,1277
165,630,647,1277
165,631,647,1278
165,631,647,1278
165,631,647,1278
165,631,648,1279
165,631,648,1279
165,631,649,1280
165,631,649,1280
165,632,649,1281
165,632,649,1281
165,632,649,1281
165,633,649,1282
165,633,648,1281
165,633,648,1281
165,633,648,1281
165,634,648,1282
165,634,648,1282
165,634,649,1283
165,633,649,1282
165,633,649,1282
165,633,649,1282
165,633,649,1282
165,634,649,1283
165,634,649,1283
165,634,650,1284
165,634,650,1284
165,635,650,1285
165,635,650,1285
165,636,650,1286
165,636,650,1286
165,636,649,1285
165,636,649,1285
165,636,650,1286
165,636,650,1286
165,637,650,1287
165,637,650,1287
165,638,650,1288
165,638,650,1288
165,639,650,1289
165,639,650,1289
165,638,650,1288
165,638,650,1288
165,638,650,1288
165,638,650,1288
165,638,651,1289
165,637,651,1288
165,637,651,1288
165,637,651,1288
165,638,651,1289
165,638,651,1289
165,639,651,1290
165,639,651,1290
165,639,650,1289
165,639,650,1289
165,640,650,1290
165,640,650,1290
165,641,650,1291
165,641,650,1291
165,642,650,1292
165,642,650,1292
165,642,651,1293
165,642,651,1293
165,642,651,1293
165,642,652,1294
165,642,652,1294
165,641,652,1293
165,641,652,1293
165,641,652,1293
165,641,652,1293
165,642,652,1294
165,642,652,1294
165,642,652,1294
165,643,652,1295
165,643,652,1295
165,644,652,1296
165,644,652,1296
165,644,652,1296
165,645,652,1297
165,645,652,1297
165,645,652,1297
165,645,651,1296
165,645,651,1296
166,645,652,1297
166,645,652,1297
166,644,652,1296
166,644,652,1296
166,644,653,1297
166,644,653,1297
166,645,653,1298
166,645,653,1298
166,646,653,1299
166,646,653,1299
166,647,653,1300
166,647,652,1299
166,647,652,1299
166,647,652,1299
166,647,653,1300
166,647,653,1300
166,647,654,1301
166,646,654,1300
166,646,653,1299
166,646,653,1299
166,646,654,1300
166,646,654,1300
166,646,654,1300
166,646,654,1300
166,647,654,1301
166,647,654,1301
166,647,654,1301
166,648,654,1302
166,648,654,1302
166,648,655,1303
166,648,655,1303
166,649,655,1304
166,649,655,1304
166,649,655,1304
166,650,655,1305
166,650,655,1305
166,651,655,1306
166,651,654,1305
166,651,654,1305
166,652,654,1306
166,652,654,1306
166,652,654,1306
166,652,655,1307
166,652,655,1307
166,653,655,1308
166,652,655,1307
166,651,655,1306
166,651,655,1306
166,652,655,1307
166,652,655,1307
166,652,656,1308
166,652,655,1307
166,652,655,1307
166,653,655,1308
166,653,655,1308
166,653,655,1308
166,653,656,1309
166,653,655,1308
166,653,655,1308
166,653,656,1309
166,653,656,1309
166,653,656,1309
166,653,656,1309
166,653,657,1310
166,653,656,1309
166,653,656,1309
166,653,655,1308
166,653,655,1308
166,653,656,1309
166,653,656,1309
166,653,656,1309
166,653,656,1309
166,654,656,1310
166,654,656,1310
166,654,657,1311
166,654,657,1311
166,655,657,1312
166,655,656,1311
166,655,656,1311
166,656,656,1312
166,656,656,1312
166,657,656,1313
166,657,656,1313
166,657,657,1314
166,657,657,1314
166,658,657,1315
166,658,657,1315
166,659,657,1316
166,659,657,1316
166,659,657,1316
166,658,657,1315
166,658,657,1315
166,658,657,1315
166,658,657,1315
166,658,658,1316
166,658,658,1316
166,659,658,1317
166,659,658,1317
166,660,658,1318
166,659,658,1317
166,659,658,1317
166,659,659,1318
166,659,659,1318
166,660,659,1319
166,660,659,1319
166,660,659,1319
166,660,660,1320
166,660,660,1320
166,660,660,1320
166,661,660,1321
166,661,660,1321
166,661,661,1322
166,661,661,1322
166,661,662,1323
166,660,662,1322
166,660,662,1322
166,660,662,1322
166,660,663,1323
166,660,663,1323
166,660,664,1324
166,660,664,1324
166,661,664,1325
166,661,664,1325
166,661,664,1325
166,662,664,1326
166,662,664,1326
166,662,663,1325
166,662,663,1325
166,662,664,1326
166,662,664,1326
166,662,664,1326
166,662,665,1327
166,662,665,1327
166,662,666,1328
166,662,666,1328
166,662,667,1329
166,662,667,1329
166,662,667,1329
166,662,667,1329
166,662,667,1329
166,662,667,1329
166,661,667,1328
166,661,667,1328
166,662,667,1329
166,662,666,1328
166,662,666,1328
166,663,666,1329
166,663,666,1329
166,663,667,1330
166,663,667,1330
166,664,667,1331
166,664,667,1331
166,665,667,1332
166,665,667,1332
166,665,668,1333
166,665,668,1333
166,665,668,1333
166,665,669,1334
166,665,669,1334
166,665,670,1335
166,665,670,1335
166,666,670,1336
166,666,670,1336
166,667,670,1337
166,667,670,1337
166,667,670,1337
166,667,671,1338
166,667,671,1338
166,667,672,1339
166,667,672,1339
166,667,673,1340
166,667,673,1340
166,668,673,1341
166,668,673,1341
166,669,673,1342
166,669,673,1342
166,670,673,1343
166,670,673,1343
166,671,673,1344
166,671,673,1344
166,671,673,1344
166,671,673,1344
166,671,674,1345
166,671,674,1345
167,670,674,1344
167,670,674,1344
167,670,675,1345
167,670,675,1345
167,670,675,1345
167,670,676,1346
167,670,676,1346
167,670,676,1346
167,671,676,1347
167,671,675,1346
167,671,675,1346
167,671,676,1347
167,670,676,1346
167,670,676,1346
167,670,677,1347
167,670,677,1347
167,670,678,1348
167,670,677,1347
167,670,677,1347
167,670,677,1347
167,671,677,1348
167,671,677,1348
167,671,678,1349
167,671,678,1349
167,671,678,1349
167,671,678,1349
167,671,677,1348
167,671,677,1348
167,671,676,1347
167,671,676,1347
167,672,676,1348
167,672,676,1348
167,671,676,1347
167,671,676,1347
167,671,677,1348
167,671,677,1348
167,672,677,1349
167,672,677,1349
167,672,678,1350
167,672,678,1350
167,673,678,1351
167,673,678,1351
167,673,679,1352
167,673,679,1352
167,672,679,1351
167,672,679,1351
167,672,679,1351
167,673,679,1352
167,673,679,1352
167,673,680,1353
167,673,680,1353
167,673,680,1353
167,674,680,1354
167,674,680,1354
167,674,680,1354
167,674,680,1354
167,674,681,1355
167,674,681,1355
167,674,681,1355
167,674,681,1355
167,674,681,1355
167,675,681,1356
167,675,681,1356
167,676,681,1357
167,676,681,1357
167,676,681,1357
167,676,682,1358
167,676,682,1358
167,676,682,1358
167,676,681,1357
167,676,681,1357
167,677,681,1358
167,677,680,1357
167,677,680,1357
167,677,680,1357
167,678,680,1358
167,678,680,1358
167,678,681,1359
167,677,681,1358
167,677,681,1358
167,678,681,1359
167,678,680,1358
167,678,680,1358
167,678,681,1359
167,677,681,1358
167,677,681,1358
167,677,682,1359
167,677,681,1358
167,677,681,1358
167,677,681,1358
167,677,681,1358
167,677,681,1358
167,677,681,1358
167,677,682,1359
167,677,682,1359
167,677,682,1359
167,677,682,1359
167,678,682,1360
167,678,682,1360
167,678,683,1361
167,678,683,1361
167,678,683,1361
167,678,683,1361
167,678,683,1361
167,678,683,1361
167,678,683,1361
167,679,683,1362
167,679,683,1362
167,679,682,1361
167,679,682,1361
167,679,683,1362
167,678,683,1361
167,678,683,1361
167,679,683,1362
167,679,683,1362
167,679,683,1362
167,679,684,1363
167,679,683,1362
167,679,683,1362
167,679,683,1362
167,679,683,1362
167,679,684,1363
167,679,683,1362
167,679,683,1362
167,679,682,1361
167,679,682,1361
167,679,683,1362
167,679,683,1362
167,679,683,1362
167,679,683,1362
167,679,684,1363
167,679,684,1363
167,679,684,1363
167,680,684,1364
167,680,684,1364
167,680,684,1364
167,681,684,1365
167,681,684,1365
168,681,684,1365
168,681,684,1365
168,681,685,1366
168,681,685,1366
168,681,685,1366
168,681,686,1367
168,681,686,1367
168,682,686,1368
168,682,686,1368
168,683,686,1369
168,683,686,1369
168,683,686,1369
168,684,686,1370
168,684,686,1370
168,684,687,1371
168,684,687,1371
168,685,687,1372
168,685,687,1372
168,685,687,1372
168,685,687,1372
168,685,687,1372
168,684,687,1371
168,683,687,1370
168,683,687,1370
168,684,687,1371
168,684,687,1371
168,684,686,1370
168,683,686,1369
168,683,686,1369
168,683,686,1369
168,683,687,1370
168,683,687,1370
168,683,687,1370
168,684,687,1371
168,684,687,1371
168,684,687,1371
168,684,687,1371
168,685,687,1372
168,685,687,1372
168,685,688,1373
168,684,688,1372
168,684,688,1372
168,684,689,1373
168,684,689,1373
168,684,690,1374
168,684,690,1374
168,684,691,1375
168,684,691,1375
168,684,692,1376
168,684,692,1376
168,684,693,1377
168,684,693,1377
168,685,693,1378
168,685,693,1378
168,686,693,1379
168,686,692,1378
168,686,692,1378
168,686,692,1378
168,686,693,1379
168,686,693,1379
168,686,693,1379
168,686,694,1380
168,686,694,1380
168,687,694,1381
168,686,694,1380
168,686,694,1380
168,686,694,1380
168,686,694,1380
168,686,695,1381
168,686,695,1381
168,686,695,1381
168,686,695,1381
168,686,696,1382
168,686,696,1382
168,685,696,1381
168,685,696,1381
168,685,696,1381
168,685,696,1381
168,686,696,1382
168,686,696,1382
168,686,696,1382
168,686,696,1382
168,686,696,1382
168,686,697,1383
168,686,697,1383
168,686,698,1384
168,686,698,1384
168,686,699,1385
168,686,699,1385
168,687,699,1386
168,687,699,1386
168,687,698,1385
168,686,698,1384
168,686,698,1384
168,686,698,1384
168,687,698,1385
168,687,698,1385
168,687,699,1386
168,687,699,1386
168,688,699,1387
168,688,699,1387
168,689,699,1388
168,689,698,1387
168,689,698,1387
168,689,699,1388
168,689,699,1388
168,689,700,1389
168,689,700,1389
168,688,700,1388
168,688,700,1388
168,688,701,1389
168,688,701,1389
168,688,701,1389
168,689,701,1390
168,689,701,1390
168,690,701,1391
168,690,701,1391
168,690,702,1392
168,690,702,1392
168,690,703,1393
168,690,703,1393
168,690,704,1394
168,690,704,1394
168,690,705,1395
168,690,705,1395
168,690,706,1396
168,690,706,1396
168,690,707,1397
168,690,707,1397
168,691,707,1398
168,691,707,1398
168,691,706,1397
168,691,706,1397
168,691,706,1397
168,691,707,1398
168,690,707,1397
168,690,707,1397
168,690,707,1397
168,690,707,1397
168,691,707,1398
168,691,707,1398
168,692,707,1399
168,692,707,1399
168,692,708,1400
168,692,708,1400
168,692,709,1401
168,692,709,1401
168,692,709,1401
168,693,709,1402
168,693,708,1401
168,693,708,1401
168,693,709,1402
168,693,709,1402
168,694,709,1403
168,694,709,1403
168,694,710,1404
168,694,710,1404
168,694,711,1405
168,693,711,1404
168,693,711,1404
168,693,711,1404
168,693,711,1404
168,693,712,1405
168,693,712,1405
168,693,712,1405
168,694,712,1406
168,694,712,1406
168,694,712,1406
168,695,712,1407
168,695,712,1407
168,696,712,1408
168,696,712,1408
168,697,712,1409
168,697,712,1409
168,698,712,1410
168,698,712,1410
168,698,712,1410
168,698,712,1410
168,698,713,1411
168,698,713,1411
168,699,713,1412
168,699,713,1412
168,700,713,1413
168,700,713,1413
168,700,712,1412
168,699,712,1411
168,699,712,1411
168,699,713,1412
168,699,713,1412
168,700,713,1413
168,700,713,1413
168,700,714,1414
168,700,714,1414
168,701,714,1415
168,700,714,1414
169,699,714,1413
169,699,713,1412
169,699,713,1412
169,700,713,1413
169,700,713,1413
169,700,714,1414
169,700,714,1414
169,700,715,1415
169,700,715,1415
169,701,715,1416
169,701,715,1416
169,701,716,1417
169,701,716,1417
169,701,716,1417
169,702,716,1418
169,702,716,1418
169,702,716,1418
169,702,717,1419
169,702,717,1419
169,702,718,1420
169,702,718,1420
169,703,718,1421
169,703,718,1421
169,704,718,1422
169,704,718,1422
169,705,718,1423
169,705,718,1423
169,705,719,1424
169,704,719,1423
169,704,718,1422
169,703,718,1421
169,703,718,1421
169,703,718,1421
169,703,719,1422
169,703,719,1422
169,703,719,1422
169,703,720,1423
169,703,720,1423
169,703,720,1423
169,704,720,1424
169,704,720,1424
169,705,720,1425
169,705,720,1425
169,705,721,1426
169,704,721,1425
169,704,721,1425
169,704,722,1426
169,704,722,1426
169,704,722,1426
169,704,723,1427
169,704,723,1427
169,704,724,1428
169,704,724,1428
169,705,724,1429
169,705,724,1429
169,705,725,1430
169,705,725,1430
169,706,725,1431
169,706,724,1430
169,706,724,1430
169,707,724,1431
169,707,724,1431
169,708,724,1432
169,708,724,1432
169,709,724,1433
169,709,724,1433
169,710,724,1434
169,710,724,1434
169,710,725,1435
169,710,725,1435
169,711,725,1436
169,711,725,1436
169,711,726,1437
169,711,726,1437
169,711,727,1438
169,711,727,1438
169,711,727,1438
169,710,727,1437
169,710,726,1436
169,710,726,1436
169,711,726,1437
169,711,726,1437
169,711,727,1438
169,711,727,1438
169,712,727,1439
169,712,727,1439
169,713,727,1440
169,713,727,1440
169,713,727,1440
169,713,727,1440
169,713,727,1440
169,713,728,1441
169,713,728,1441
169,713,729,1442
169,713,729,1442
169,713,728,1441
169,713,728,1441
169,713,729,1442
169,713,729,1442
169,714,729,1443
169,714,729,1443
169,714,729,1443
169,715,729,1444
169,715,729,1444
169,715,729,1444
169,715,730,1445
169,715,730,1445
169,715,730,1445
169,716,730,1446
169,716,730,1446
169,716,731,1447
169,716,730,1446
169,716,730,1446
169,716,730,1446
169,717,730,1447
169,717,730,1447
169,717,730,1447
169,717,731,1448
169,717,731,1448
169,717,732,1449
169,717,732,1449
169,718,732,1450
169,718,732,1450
169,718,731,1449
169,717,731,1448
169,717,731,1448
169,717,731,1448
169,717,732,1449
169,717,732,1449
169,718,732,1450
169,718,732,1450
169,718,732,1450
169,718,732,1450
169,719,732,1451
169,719,732,1451
169,719,732,1451
169,719,732,1451
169,719,732,1451
169,720,732,1452
169,720,732,1452
169,720,732,1452
169,720,732,1452
169,721,732,1453
169,721,732,1453
169,721,731,1452
169,721,731,1452
169,720,731,1451
169,720,731,1451
169,720,732,1452
169,720,732,1452
169,720,732,1452
169,720,733,1453
169,720,733,1453
169,720,734,1454
169,720,734,1454
169,720,735,1455
169,719,735,1454
169,719,734,1453
169,719,734,1453
169,719,735,1454
169,719,735,1454
169,719,736,1455
169,719,736,1455
169,719,736,1455
169,720,736,1456
169,720,736,1456
169,721,736,1457
169,721,736,1457
169,722,736,1458
169,722,736,1458
169,723,736,1459
169,723,735,1458
169,723,735,1458
169,724,735,1459
169,724,735,1459
169,724,735,1459
169,725,735,1460
169,724,735,1459
169,724,735,1459
170,724,736,1460
170,724,736,1460
170,724,737,1461
170,723,737,1460
170,723,737,1460
170,723,738,1461
170,723,738,1461
170,723,739,1462
170,723,739,1462
170,724,739,1463
170,724,739,1463
170,725,739,1464
170,725,739,1464
170,726,739,1465
170,726,739,1465
170,726,739,1465
170,727,739,1466
170,727,739,1466
170,727,740,1467
170,727,740,1467
170,727,740,1467
170,728,740,1468
170,728,740,1468
170,728,740,1468
170,728,741,1469
170,728,740,1468
170,728,740,1468
170,728,741,1469
170,728,740,1468
170,728,740,1468
170,728,741,1469
170,728,740,1468
170,728,740,1468
170,729,740,1469
170,729,740,1469
170,729,741,1470
170,729,741,1470
170,729,741,1470
170,729,741,1470
170,729,741,1470
170,729,741,1470
170,729,741,1470
170,729,741,1470
170,729,742,1471
170,729,742,1471
170,729,741,1470
170,729,741,1470
170,730,741,1471
170,730,741,1471
170,731,741,1472
170,731,741,1472
170,731,742,1473
170,731,742,1473
170,731,743,1474
170,731,743,1474
170,732,743,1475
170,732,743,1475
170,732,743,1475
170,733,743,1476
170,733,742,1475
170,733,742,1475
170,733,742,1475
170,733,743,1476
170,732,743,1475
170,732,743,1475
170,733,743,1476
170,733,743,1476
170,733,743,1476
170,733,744,1477
170,733,744,1477
170,734,744,1478
170,734,744,1478
170,735,744,1479
170,735,744,1479
170,735,744,1479
170,735,745,1480
170,735,745,1480
170,736,745,1481
170,736,745,1481
170,736,744,1480
170,735,744,1479
170,735,744,1479
170,736,744,1480
170,736,744,1480
170,737,744,1481
170,737,744,1481
170,738,744,1482
170,738,744,1482
170,738,745,1483
170,738,745,1483
170,738,745,1483
170,739,745,1484
170,739,745,1484
170,740,745,1485
170,740,745,1485
170,740,746,1486
170,740,746,1486
170,740,745,1485
170,740,745,1485
170,740,746,1486
170,740,745,1485
170,740,745,1485
170,740,746,1486
170,740,745,1485
170,740,745,1485
170,741,745,1486
170,741,745,1486
170,741,746,1487
170,741,746,1487
170,741,746,1487
170,741,747,1488
170,741,747,1488
170,741,747,1488
170,741,747,1488
170,742,747,1489
170,742,747,1489
170,742,748,1490
170,742,748,1490
170,743,748,1491
170,743,748,1491
170,743,748,1491
170,744,748,1492
170,744,748,1492
170,744,749,1493
170,744,749,1493
170,744,749,1493
170,744,750,1494
170,744,750,1494
170,744,751,1495
170,744,751,1495
170,745,751,1496
170,745,751,1496
170,745,752,1497
170,745,751,1496
170,745,750,1495
170,745,750,1495
170,746,750,1496
170,746,750,1496
170,747,750,1497
170,747,750,1497
170,747,750,1497
170,747,750,1497
170,748,750,1498
170,748,750,1498
170,748,750,1498
170,748,750,1498
170,749,750,1499
170,749,750,1499
170,749,750,1499
170,749,750,1499
170,749,751,1500
170,749,751,1500
170,749,752,1501
170,749,752,1501
170,750,752,1502
170,750,752,1502
170,750,752,1502
170,750,752,1502
170,751,752,1503
170,751,752,1503
170,752,752,1504
170,752,752,1504
170,752,753,1505
170,751,753,1504
170,751,753,1504
170,751,752,1503
170,751,752,1503
170,751,752,1503
170,751,752,1503
170,752,752,1504
170,751,752,1503
170,751,752,1503
170,752,752,1504
170,752,752,1504
170,753,752,1505
170,753,752,1505
170,753,752,1505
170,753,753,1506
170,753,753,1506
170,754,753,1507
170,753,753,1506
170,753,753,1506
170,754,753,1507
170,753,753,1506
170,753,753,1506
170,753,753,1506
170,753,753,1506
170,753,754,1507
170,753,754,1507
170,753,755,1508
170,753,755,1508
170,753,756,1509
170,753,756,1509
170,754,756,1510
170,754,756,1510
170,755,756,1511
171,754,756,1510
171,754,756,1510
171,755,756,1511
171,755,756,1511
171,756,756,1512
171,755,756,1511
171,755,756,1511
171,756,756,1512
171,756,756,1512
171,757,756,1513
171,757,756,1513
171,757,757,1514
171,756,757,1513
171,756,757,1513
171,757,757,1514
171,757,757,1514
171,758,757,1515
171,758,756,1514
171,758,756,1514
171,759,756,1515
171,759,756,1515
171,759,756,1515
171,760,756,1516
171,760,756,1516
171,760,756,1516
171,759,756,1515
171,759,756,1515
171,758,756,1514
171,758,756,1514
171,758,757,1515
171,757,757,1514
171,757,757,1514
171,757,757,1514
171,757,758,1515
171,757,757,1514
171,757,757,1514
171,757,758,1515
171,757,758,1515
171,757,757,1514
171,757,757,1514
171,757,758,1515
171,757,758,1515
171,758,758,1516
171,758,758,1516
171,758,759,1517
171,758,759,1517
171,758,760,1518
171,758,760,1518
171,758,760,1518
171,758,759,1517
171,758,759,1517
171,758,760,1518
171,758,760,1518
171,759,760,1519
171,759,759,1518
171,759,759,1518
171,758,759,1517
171,758,759,1517
171,759,759,1518
171,759,758,1517
171,759,758,1517
171,759,759,1518
171,759,759,1518
171,759,759,1518
171,759,759,1518
171,759,760,1519
171,758,760,1518
171,758,760,1518
171,759,760,1519
171,759,760,1519
171,759,760,1519
171,759,760,1519
171,760,760,1520
171,760,760,1520
171,760,761,1521
171,760,760,1520
171,760,759,1519
171,760,759,1519
171,760,760,1520
171,760,760,1520
171,760,761,1521
171,760,761,1521
171,760,762,1522
171,760,762,1522
171,759,762,1521
171,759,762,1521
171,759,762,1521
171,759,762,1521
171,759,763,1522
171,759,762,1521
171,759,762,1521
171,759,763,1522
171,759,762,1521
171,759,762,1521
171,759,763,1522
171,759,763,1522
171,759,763,1522
171,760,763,1523
171,760,763,1523
171,760,763,1523
171,760,763,1523
171,760,763,1523
171,760,763,1523
171,760,762,1522
171,760,762,1522
171,760,762,1522
171,760,762,1522
171,760,763,1523
171,760,763,1523
171,760,764,1524
171,760,764,1524
171,760,765,1525
171,760,765,1525
171,759,765,1524
171,759,764,1523
171,759,764,1523
171,759,764,1523
171,759,764,1523
171,760,764,1524
171,760,764,1524
171,761,764,1525
171,761,764,1525
171,762,764,1526
171,762,764,1526
171,763,764,1527
171,763,764,1527
171,764,764,1528
171,764,763,1527
171,764,763,1527
171,765,763,1528
171,764,763,1527
171,764,763,1527
171,764,764,1528
171,763,764,1527
171,763,764,1527
171,764,764,1528
171,764,764,1528
171,764,764,1528
171,764,765,1529
171,764,765,1529
171,765,765,1530
171,765,765,1530
171,765,766,1531
171,765,766,1531
171,765,767,1532
171,765,767,1532
171,765,768,1533
171,765,768,1533
171,766,768,1534
171,766,768,1534
171,766,768,1534
171,767,768,1535
171,767,767,1534
171,766,767,1533
171,765,767,1532
171,765,767,1532
171,765,767,1532
171,765,768,1533
171,765,767,1532
171,765,767,1532
172,766,767,1533
172,766,767,1533
172,766,768,1534
172,766,768,1534
172,767,768,1535
172,767,768,1535
172,767,769,1536
172,767,769,1536
172,767,770,1537
172,767,770,1537
172,767,771,1538
172,767,771,1538
172,768,771,1539
172,768,771,1539
172,768,772,1540
172,768,772,1540
172,768,773,1541
172,768,773,1541
172,768,773,1541
172,768,774,1542
172,768,774,1542
172,768,773,1541
172,768,773,1541
172,769,773,1542
172,769,772,1541
172,769,772,1541
172,769,772,1541
172,770,772,1542
172,770,772,1542
172,771,772,1543
172,771,772,1543
172,772,772,1544
172,772,772,1544
172,773,772,1545
172,773,772,1545
172,773,773,1546
172,773,773,1546
172,773,774,1547
172,772,774,1546
172,772,774,1546
172,772,775,1547
172,772,775,1547
172,773,775,1548
172,773,774,1547
172,773,774,1547
172,774,774,1548
172,774,774,1548
172,775,774,1549
172,775,774,1549
172,776,774,1550
172,776,774,1550
172,776,774,1550
172,777,774,1551
172,777,774,1551
172,777,775,1552
172,776,775,1551
172,776,775,1551
172,777,775,1552
172,777,775,1552
172,778,775,1553
172,778,775,1553
172,778,776,1554
172,778,776,1554
172,778,777,1555
172,778,777,1555
172,779,777,1556
172,779,777,1556
172,779,778,1557
172,779,778,1557
172,779,779,1558
172,779,779,1558
172,779,780,1559
172,779,780,1559
172,779,781,1560
172,779,781,1560
172,780,781,1561
172,780,781,1561
172,780,781,1561
172,781,781,1562
172,781,781,1562
172,781,780,1561
172,780,780,1560
172,779,780,1559
172,779,780,1559
172,780,780,1560
172,780,779,1559
172,780,779,1559
172,780,779,1559
172,781,779,1560
172,781,779,1560
172,781,779,1560
172,781,779,1560
172,781,779,1560
172,781,779,1560
172,782,779,1561
172,782,779,1561
172,783,779,1562
172,782,779,1561
172,782,779,1561
172,783,779,1562
172,783,779,1562
172,783,780,1563
172,782,780,1562
172,782,780,1562
172,783,780,1563
172,783,780,1563
172,783,780,1563
172,783,779,1562
172,782,779,1561
172,782,779,1561
172,782,779,1561
172,782,779,1561
172,783,779,1562
172,783,779,1562
172,783,779,1562
172,783,780,1563
172,783,780,1563
172,783,780,1563
172,783,781,1564
172,783,781,1564
172,782,781,1563
172,782,781,1563
172,782,781,1563
172,782,782,1564
172,782,782,1564
172,782,783,1565
172,782,783,1565
172,782,784,1566
172,782,784,1566
172,782,784,1566
172,782,785,1567
172,782,785,1567
172,783,785,1568
172,783,785,1568
172,784,785,1569
172,784,785,1569
172,785,785,1570
172,785,785,1570
172,785,786,1571
172,785,786,1571
172,786,786,1572
172,786,786,1572
172,787,786,1573
172,787,785,1572
172,786,785,1571
172,785,785,1570
172,785,785,1570
172,785,786,1571
172,785,785,1570
172,785,785,1570
172,785,785,1570
172,785,784,1569
172,785,784,1569
172,785,784,1569
172,785,785,1570
172,785,785,1570
172,785,785,1570
172,786,785,1571
172,786,785,1571
172,786,786,1572
172,785,786,1571
172,785,786,1571
172,785,786,1571
172,785,787,1572
172,785,787,1572
172,786,787,1573
172,786,786,1572
172,786,786,1572
172,786,786,1572
172,786,787,1573
173,786,787,1573
173,786,787,1573
173,785,787,1572
173,785,787,1572
173,786,787,1573
173,786,787,1573
173,786,787,1573
173,787,787,1574
173,787,787,1574
173,788,787,1575
173,788,787,1575
173,788,788,1576
173,788,787,1575
173,788,787,1575
173,788,788,1576
173,788,787,1575
173,788,787,1575
173,788,788,1576
173,788,788,1576
173,788,787,1575
173,788,786,1574
173,788,786,1574
173,788,787,1575
173,788,787,1575
173,788,787,1575
173,788,788,1576
173,788,788,1576
173,789,788,1577
173,788,788,1576
173,788,788,1576
173,788,788,1576
173,788,788,1576
173,789,788,1577
173,789,788,1577
173,789,789,1578
173,789,789,1578
173,790,789,1579
173,790,789,1579
173,791,789,1580
173,790,789,1579
173,790,789,1579
173,791,789,1580
173,791,789,1580
173,791,790,1581
173,791,790,1581
173,791,790,1581
173,790,790,1580
173,790,790,1580
173,790,790,1580
173,790,791,1581
173,790,791,1581
173,790,791,1581
173,790,792,1582
173,790,792,1582
173,790,792,1582
173,790,793,1583
173,790,792,1582
173,790,792,1582
173,791,792,1583
173,791,791,1582
173,791,791,1582
173,791,791,1582
173,791,792,1583
173,791,792,1583
173,791,792,1583
173,792,792,1584
173,791,792,1583
173,790,792,1582
173,790,791,1581
173,790,790,1580
173,790,790,1580
173,791,790,1581
173,791,790,1581
173,791,790,1581
173,791,789,1580
173,790,789,1579
173,790,789,1579
173,790,790,1580
173,789,790,1579
173,789,790,1579
173,790,790,1580
173,790,789,1579
173,790,789,1579
173,791,789,1580
173,791,789,1580
173,792,789,1581
173,792,789,1581
173,792,789,1581
173,792,789,1581
173,792,790,1582
173,792,790,1582
173,791,790,1581
173,791,789,1580
173,791,789,1580
173,791,790,1581
173,791,790,1581
173,791,790,1581
173,791,791,1582
173,791,791,1582
173,790,791,1581
173,790,791,1581
173,790,791,1581
173,790,791,1581
173,790,791,1581
173,790,792,1582
173,790,792,1582
173,790,791,1581
173,790,791,1581
173,791,791,1582
173,791,791,1582
173,791,792,1583
173,791,792,1583
173,792,792,1584
173,792,791,1583
173,792,791,1583
173,793,791,1584
173,793,791,1584
173,794,791,1585
173,794,791,1585
173,795,791,1586
173,794,791,1585
173,794,791,1585
173,794,792,1586
173,794,792,1586
173,794,792,1586
173,794,792,1586
173,795,792,1587
173,795,792,1587
173,796,792,1588
173,796,792,1588
173,797,792,1589
173,797,792,1589
173,797,792,1589
173,797,792,1589
173,797,793,1590
173,797,793,1590
173,798,793,1591
173,798,793,1591
173,798,793,1591
173,798,794,1592
173,798,794,1592
173,799,794,1593
173,798,794,1592
173,798,794,1592
173,799,794,1593
173,799,794,1593
173,799,795,1594
173,798,795,1593
173,798,795,1593
173,798,796,1594
173,798,795,1593
173,798,794,1592
173,797,794,1591
173,797,794,1591
173,797,793,1590
173,797,793,1590
173,798,793,1591
173,798,793,1591
173,798,794,1592
173,798,794,1592
173,799,794,1593
173,798,794,1592
173,798,794,1592
173,798,794,1592
173,798,794,1592
173,799,794,1593
173,799,794,1593
173,800,794,1594
173,800,794,1594
173,801,794,1595
173,801,794,1595
173,801,795,1596
173,800,795,1595
173,800,795,1595
173,800,794,1594
173,799,794,1593
173,799,794,1593
173,799,795,1594
173,799,795,1594
173,800,795,1595
173,800,795,1595
173,801,795,1596
173,801,795,1596
173,802,795,1597
173,802,795,1597
173,803,795,1598
173,803,795,1598
173,803,796,1599
173,803,796,1599
173,803,797,1600
173,803,797,1600
174,803,798,1601
174,803,798,1601
174,803,799,1602
174,803,799,1602
174,803,800,1603
174,803,800,1603
174,803,801,1604
174,803,801,1604
174,803,802,1605
174,802,802,1604
174,802,802,1604
174,803,802,1605
174,803,802,1605
174,804,802,1606
174,804,801,1605
174,804,801,1605
174,803,801,1604
174,803,801,1604
174,802,801,1603
174,802,801,1603
174,803,801,1604
174,803,800,1603
174,802,800,1602
174,802,800,1602
174,802,801,1603
174,802,801,1603
174,802,801,1603
174,802,801,1603
174,803,801,1604
174,803,800,1603
174,803,800,1603
174,804,800,1604
174,804,800,1604
174,804,801,1605
174,804,801,1605
174,804,801,1605
174,804,802,1606
174,804,802,1606
174,804,802,1606
174,804,803,1607
174,803,803,1606
174,803,803,1606
174,804,803,1607
174,804,803,1607
174,804,803,1607
174,804,803,1607
174,805,803,1608
174,805,803,1608
174,806,803,1609
174,806,803,1609
174,806,803,1609
174,806,803,1609
174,807,803,1610
174,807,803,1610
174,808,803,1611
174,808,802,1610
174,808,802,1610
174,809,802,1611
174,809,802,1611
174,809,802,1611
174,809,803,1612
174,809,803,1612
174,809,803,1612
174,810,803,1613
174,809,803,1612
174,809,803,1612
174,809,804,1613
174,809,804,1613
174,809,804,1613
174,809,804,1613
174,808,804,1612
174,808,804,1612
174,808,805,1613
174,808,805,1613
174,808,805,1613
174,808,805,1613
174,808,805,1613
174,808,805,1613
174,809,805,1614
174,809,805,1614
174,809,806,1615
174,809,806,1615
174,809,807,1616
174,809,807,1616
174,809,808,1617
174,809,808,1617
174,810,808,1618
174,810,808,1618
174,810,808,1618
174,811,808,1619
174,811,807,1618
174,811,807,1618
174,810,807,1617
174,809,807,1616
174,809,807,1616
174,809,808,1617
174,809,808,1617
174,810,808,1618
174,810,808,1618
174,810,808,1618
174,810,808,1618
174,810,808,1618
174,810,808,1618
174,810,808,1618
174,810,808,1618
174,810,809,1619
174,810,809,1619
174,810,810,1620
174,810,810,1620
174,811,810,1621
174,811,810,1621
174,811,811,1622
174,811,811,1622
174,811,811,1622
174,811,811,1622
174,811,812,1623
174,811,812,1623
174,812,812,1624
174,812,812,1624
174,812,812,1624
174,812,812,1624
174,812,812,1624
174,812,813,1625
174,812,812,1624
174,812,812,1624
174,812,812,1624
174,812,812,1624
174,812,812,1624
174,812,811,1623
174,812,811,1623
174,812,811,1623
174,813,811,1624
174,812,811,1623
174,812,811,1623
174,811,811,1622
174,811,811,1622
174,811,812,1623
174,811,811,1622
174,811,811,1622
174,811,811,1622
174,811,811,1622
174,812,811,1623
174,812,811,1623
174,812,811,1623
174,812,811,1623
174,812,812,1624
174,812,812,1624
174,813,812,1625
174,813,812,1625
174,814,812,1626
174,814,812,1626
174,814,813,1627
174,814,813,1627
174,815,813,1628
174,815,813,1628
174,815,812,1627
174,815,812,1627
174,815,813,1628
174,815,813,1628
174,815,814,1629
174,814,814,1628
174,814,814,1628
174,815,814,1629
174,815,814,1629
174,815,815,1630
174,815,815,1630
174,815,816,1631
174,815,816,1631
174,815,817,1632
174,815,817,1632
174,815,818,1633
174,815,817,1632
174,815,817,1632
174,815,816,1631
174,815,815,1630
174,815,815,1630
174,815,815,1630
174,816,815,1631
174,816,815,1631
174,816,816,1632
174,816,816,1632
174,816,817,1633
174,816,816,1632
174,816,816,1632
174,816,816,1632
174,816,817,1633
175,816,817,1633
175,816,817,1633
175,816,818,1634
175,816,818,1634
175,817,818,1635
175,817,818,1635
175,817,818,1635
175,817,818,1635
175,817,818,1635
175,817,819,1636
175,817,818,1635
175,817,817,1634
175,817,817,1634
175,818,817,1635
175,818,817,1635
175,819,817,1636
175,818,817,1635
175,818,817,1635
175,818,818,1636
175,818,818,1636
175,818,818,1636
175,818,818,1636
175,818,818,1636
175,818,819,1637
175,818,819,1637
175,819,819,1638
175,819,819,1638
175,819,819,1638
175,820,819,1639
175,820,819,1639
175,820,819,1639
175,820,819,1639
175,820,819,1639
175,820,819,1639
175,821,819,1640
175,821,819,1640
175,821,820,1641
175,820,820,1640
175,820,820,1640
175,820,820,1640
175,820,820,1640
175,821,820,1641
175,821,820,1641
175,822,820,1642
175,822,820,1642
175,822,819,1641
175,822,819,1641
175,822,819,1641
175,822,820,1642
175,822,820,1642
175,822,820,1642
175,822,820,1642
175,822,821,1643
175,822,821,1643
175,822,821,1643
175,822,822,1644
175,822,822,1644
175,821,822,1643
175,821,822,1643
175,822,822,1644
175,822,822,1644
175,822,821,1643
175,822,821,1643
175,822,821,1643
175,823,821,1644
175,822,821,1643
175,822,821,1643
175,822,821,1643
175,822,821,1643
175,822,821,1643
175,822,822,1644
175,822,822,1644
175,822,823,1645
175,822,823,1645
175,823,823,1646
175,823,823,1646
175,822,823,1645
175,821,823,1644
175,821,822,1643
175,821,822,1643
175,821,822,1643
175,821,823,1644
175,821,823,1644
175,821,823,1644
175,821,824,1645
175,821,824,1645
175,821,825,1646
175,821,825,1646
175,821,825,1646
175,821,825,1646
175,821,826,1647
175,821,826,1647
175,822,826,1648
175,822,826,1648
175,822,827,1649
175,822,826,1648
175,822,826,1648
175,822,826,1648
175,823,826,1649
175,823,826,1649
175,824,826,1650
175,824,826,1650
175,824,827,1651
175,824,827,1651
175,824,828,1652
175,824,828,1652
175,824,829,1653
175,824,828,1652
175,824,828,1652
175,824,829,1653
175,824,828,1652
175,824,828,1652
175,825,828,1653
175,825,828,1653
175,825,829,1654
175,825,828,1653
175,825,828,1653
175,825,829,1654
175,825,829,1654
175,825,830,1655
175,825,830,1655
175,825,831,1656
175,825,831,1656
175,825,832,1657
175,825,832,1657
175,825,832,1657
175,826,832,1658
175,826,832,1658
175,826,833,1659
175,826,833,1659
175,827,833,1660
175,827,832,1659
175,827,832,1659
175,827,832,1659
175,827,833,1660
175,827,833,1660
175,827,834,1661
175,827,834,1661
175,828,834,1662
175,828,834,1662
175,829,834,1663
175,829,834,1663
175,828,834,1662
175,828,834,1662
175,828,835,1663
175,827,835,1662
175,827,834,1661
175,827,834,1661
175,828,834,1662
175,828,834,1662
175,827,834,1661
175,827,834,1661
175,827,834,1661
175,828,834,1662
175,828,834,1662
175,829,834,1663
175,829,834,1663
175,829,835,1664
175,829,835,1664
175,830,835,1665
175,829,835,1664
175,829,835,1664
175,829,836,1665
175,829,836,1665
175,830,836,1666
175,830,836,1666
175,830,836,1666
175,831,836,1667
175,830,836,1666
175,830,836,1666
175,829,836,1665
175,828,836,1664
175,828,836,1664
175,828,837,1665
175,828,837,1665
175,829,837,1666
175,829,837,1666
175,829,838,1667
175,829,838,1667
175,829,838,1667
175,829,838,1667
175,829,838,1667
175,829,839,1668
175,829,839,1668
175,829,838,1667
175,829,838,1667
175,829,838,1667
175,829,838,1667
176,829,839,1668
176,829,839,1668
176,830,839,1669
176,830,839,1669
176,831,839,1670
176,831,839,1670
176,831,840,1671
176,831,840,1671
176,831,840,1671
176,831,841,1672
176,831,840,1671
176,831,840,1671
176,831,840,1671
176,831,840,1671
176,831,841,1672
176,831,841,1672
176,831,842,1673
176,831,841,1672
176,831,841,1672
176,832,841,1673
176,832,841,1673
176,833,841,1674
176,833,840,1673
176,833,840,1673
176,832,840,1672
176,832,840,1672
176,833,840,1673
176,833,840,1673
176,833,841,1674
176,832,841,1673
176,832,841,1673
176,833,841,1674
176,833,840,1673
176,833,840,1673
176,834,840,1674
176,834,840,1674
176,835,840,1675
176,834,840,1674
176,834,840,1674
176,834,840,1674
176,834,840,1674
176,834,840,1674
176,835,840,1675
176,834,840,1674
176,834,840,1674
176,835,840,1675
176,834,840,1674
176,834,840,1674
176,834,841,1675
176,833,841,1674
176,833,841,1674
176,834,841,1675
176,834,841,1675
176,835,841,1676
176,835,841,1676
176,836,841,1677
176,836,841,1677
176,837,841,1678
176,837,841,1678
176,838,841,1679
176,838,841,1679
176,838,841,1679
176,839,841,1680
176,839,841,1680
176,839,842,1681
176,839,842,1681
176,839,843,1682
176,839,842,1681
176,839,842,1681
176,839,843,1682
176,839,843,1682
176,839,842,1681
176,839,842,1681
176,840,842,1682
176,840,841,1681
176,840,841,1681
176,840,841,1681
176,840,841,1681
176,840,841,1681
176,840,842,1682
176,840,842,1682
176,840,843,1683
176,840,843,1683
176,840,844,1684
176,840,844,1684
176,841,844,1685
176,841,844,1685
176,841,844,1685
176,841,845,1686
176,841,845,1686
176,842,845,1687
176,842,845,1687
176,843,845,1688
176,843,845,1688
176,842,845,1687
176,842,845,1687
176,842,845,1687
176,842,846,1688
176,842,846,1688
176,843,846,1689
176,843,846,1689
176,843,847,1690
176,843,847,1690
176,843,847,1690
176,842,847,1689
176,842,847,1689
176,843,847,1690
176,843,847,1690
176,843,847,1690
176,844,847,1691
176,844,847,1691
176,845,847,1692
176,845,847,1692
176,845,847,1692
176,845,848,1693
176,845,848,1693
176,845,849,1694
176,845,849,1694
176,845,849,1694
176,846,849,1695
176,846,849,1695
176,846,849,1695
176,846,849,1695
176,846,850,1696
176,846,850,1696
176,847,850,1697
176,847,849,1696
176,846,849,1695
176,846,849,1695
176,846,850,1696
176,846,850,1696
176,846,850,1696
176,846,850,1696
176,847,850,1697
176,847,850,1697
176,848,850,1698
176,848,849,1697
176,848,849,1697
176,848,850,1698
176,848,850,1698
176,848,850,1698
176,848,850,1698
176,848,851,1699
176,847,851,1698
176,847,851,1698
176,847,851,1698
176,848,851,1699
176,848,850,1698
176,848,850,1698
176,847,850,1697
176,847,850,1697
176,848,850,1698
176,848,850,1698
176,848,850,1698
176,848,850,1698
176,848,849,1697
176,848,849,1697
176,848,849,1697
176,848,849,1697
176,848,850,1698
176,848,850,1698
176,848,851,1699
176,848,851,1699
176,849,851,1700
176,849,851,1700
176,849,851,1700
176,850,851,1701
176,850,851,1701
176,850,852,1702
176,850,852,1702
176,851,852,1703
176,851,852,1703
176,851,853,1704
176,851,853,1704
176,851,854,1705
176,851,854,1705
176,851,854,1705
176,851,854,1705
176,851,855,1706
176,850,855,1705
176,850,855,1705
176,850,855,1705
176,850,854,1704
176,850,853,1703
176,850,853,1703
176,851,853,1704
176,851,852,1703
176,851,852,1703
176,851,853,1704
176,851,853,1704
176,851,853,1704
176,851,853,1704
176,851,853,1704
176,852,853,1705
176,852,853,1705
176,852,854,1706
176,852,854,1706
176,852,855,1707
176,852,855,1707
176,853,855,1708
176,852,855,1707
176,852,855,1707
176,852,855,1707
176,852,856,1708
176,852,856,1708
176,853,856,1709
176,853,856,1709
176,853,857,1710
176,852,857,1709
176,852,857,1709
176,853,857,1710
176,853,857,1710
176,853,857,1710
177,854,857,1711
177,854,857,1711
177,854,858,1712
177,854,858,1712
177,855,858,1713
177,855,858,1713
177,856,858,1714
177,856,858,1714
177,856,859,1715
177,856,859,1715
177,857,859,1716
177,857,859,1716
177,857,859,1716
177,857,860,1717
177,857,859,1716
177,857,859,1716
177,858,859,1717
177,858,859,1717
177,858,859,1717
177,858,860,1718
177,858,860,1718
177,859,860,1719
177,859,860,1719
177,859,860,1719
177,859,860,1719
177,860,860,1720
177,860,860,1720
177,860,861,1721
177,860,861,1721
177,860,861,1721
177,860,860,1720
177,860,860,1720
177,860,861,1721
177,860,861,1721
177,860,862,1722
177,860,861,1721
177,860,861,1721
177,860,861,1721
177,861,861,1722
177,861,861,1722
177,862,861,1723
177,862,861,1723
177,863,861,1724
177,863,861,1724
177,863,861,1724
177,863,860,1723
177,863,860,1723
177,864,860,1724
177,864,860,1724
177,865,860,1725
177,865,860,1725
177,865,861,1726
177,864,861,1725
177,864,861,1725
177,864,861,1725
177,865,861,1726
177,865,860,1725
177,865,860,1725
177,865,861,1726
177,865,861,1726
177,866,861,1727
177,866,861,1727
177,866,861,1727
177,867,861,1728
177,867,861,1728
177,868,861,1729
177,868,861,1729
177,869,861,1730
177,869,861,1730
177,869,862,1731
177,869,862,1731
177,869,862,1731
177,869,862,1731
177,869,862,1731
177,868,862,1730
177,868,862,1730
177,869,862,1731
177,869,862,1731
177,869,862,1731
177,869,862,1731
177,870,862,1732
177,870,862,1732
177,870,862,1732
177,870,863,1733
177,870,863,1733
177,870,864,1734
177,870,864,1734
177,871,864,1735
177,871,863,1734
177,871,863,1734
177,872,863,1735
177,872,863,1735
177,871,863,1734
177,870,863,1733
177,870,863,1733
177,871,863,1734
177,871,863,1734
177,872,863,1735
177,872,862,1734
177,872,862,1734
177,872,862,1734
177,872,862,1734
177,872,862,1734
177,872,863,1735
177,871,863,1734
177,871,863,1734
177,872,863,1735
177,872,863,1735
177,872,862,1734
177,872,862,1734
177,872,863,1735
177,872,863,1735
177,873,863,1736
177,873,863,1736
177,874,863,1737
177,874,863,1737
177,874,863,1737
177,874,863,1737
177,875,863,1738
177,875,863,1738
177,875,864,1739
177,875,864,1739
177,876,864,1740
177,876,864,1740
177,877,864,1741
177,877,864,1741
177,876,864,1740
177,876,864,1740
177,876,865,1741
177,876,865,1741
177,876,866,1742
177,875,866,1741
177,875,866,1741
177,876,866,1742
177,876,865,1741
177,876,865,1741
177,876,866,1742
177,876,866,1742
177,877,866,1743
177,877,866,1743
177,878,866,1744
177,878,866,1744
177,879,866,1745
177,879,866,1745
177,879,866,1745
177,879,866,1745
177,879,866,1745
177,879,867,1746
177,879,867,1746
177,879,868,1747
177,879,868,1747
177,879,869,1748
177,879,869,1748
177,879,869,1748
177,880,869,1749
177,879,869,1748
177,879,869,1748
177,880,869,1749
177,880,869,1749
177,879,869,1748
177,879,869,1748
177,879,870,1749
177,878,870,1748
177,878,869,1747
177,878,869,1747
177,878,870,1748
177,878,870,1748
177,879,870,1749
177,879,870,1749
177,879,871,1750
177,879,871,1750
177,879,872,1751
177,879,872,1751
177,879,872,1751
177,879,873,1752
177,879,873,1752
177,880,873,1753
177,880,873,1753
177,881,873,1754
177,881,872,1753
177,881,872,1753
177,881,873,1754
177,881,873,1754
177,880,873,1753
177,880,873,1753
177,881,873,1754
177,881,873,1754
177,881,873,1754
177,882,873,1755
177,882,873,1755
177,882,874,1756
177,882,874,1756
177,882,873,1755
177,882,872,1754
177,881,872,1753
177,880,872,1752
177,880,872,1752
177,880,873,1753
177,879,873,1752
177,879,873,1752
177,879,874,1753
177,879,874,1753
177,879,875,1754
177,879,875,1754
177,879,875,1754
177,879,875,1754
177,879,876,1755
177,879,875,1754
177,879,875,1754
177,879,876,1755
177,879,875,1754
177,879,875,1754
178,880,875,1755
178,880,875,1755
178,880,876,1756
178,880,876,1756
178,881,876,1757
178,881,876,1757
178,881,877,1758
178,881,877,1758
178,881,878,1759
178,881,877,1758
178,881,877,1758
178,881,877,1758
178,881,876,1757
178,881,876,1757
178,881,876,1757
178,881,877,1758
178,881,877,1758
178,881,877,1758
178,881,876,1757
178,881,876,1757
178,881,877,1758
178,881,877,1758
178,881,878,1759
178,881,878,1759
178,882,878,1760
178,882,877,1759
178,882,877,1759
178,883,877,1760
178,883,877,1760
178,883,877,1760
178,882,877,1759
178,882,877,1759
178,883,877,1760
178,883,877,1760
178,883,878,1761
178,883,878,1761
178,884,878,1762
178,884,878,1762
178,885,878,1763
178,885,878,1763
178,885,879,1764
178,885,879,1764
178,885,880,1765
178,884,880,1764
178,884,880,1764
178,884,881,1765
178,884,881,1765
178,884,882,1766
178,884,882,1766
178,884,883,1767
178,884,882,1766
178,884,881,1765
178,884,881,1765
178,884,881,1765
178,885,881,1766
178,885,881,1766
178,885,881,1766
178,885,881,1766
178,886,881,1767
178,886,881,1767
178,887,881,1768
178,887,881,1768
178,887,882,1769
178,887,882,1769
178,887,882,1769
178,888,882,1770
178,888,881,1769
178,888,881,1769
178,889,881,1770
178,889,881,1770
178,889,881,1770
178,890,881,1771
178,890,881,1771
178,891,881,1772
178,891,881,1772
178,891,881,1772
178,892,881,1773
178,892,881,1773
178,892,882,1774
178,892,882,1774
178,892,883,1775
178,892,883,1775
178,892,884,1776
178,892,884,1776
178,893,884,1777
178,893,884,1777
178,893,884,1777
178,893,885,1778
178,893,885,1778
178,893,886,1779
178,893,886,1779
178,893,887,1780
178,893,887,1780
178,893,887,1780
178,894,887,1781
178,894,887,1781
178,895,887,1782
178,895,887,1782
178,896,887,1783
178,895,887,1782
178,895,887,1782
178,896,887,1783
178,896,887,1783
178,897,887,1784
178,897,887,1784
178,897,888,1785
178,897,888,1785
178,898,888,1786
178,898,888,1786
178,899,888,1787
178,899,888,1787
178,899,889,1788
178,899,889,1788
178,900,889,1789
178,899,889,1788
178,898,889,1787
178,898,889,1787
178,899,889,1788
178,899,889,1788
178,899,889,1788
178,899,889,1788
178,899,890,1789
178,899,890,1789
178,899,890,1789
178,899,890,1789
178,900,890,1790
178,900,890,1790
178,900,890,1790
178,901,890,1791
178,901,890,1791
178,901,890,1791
178,901,891,1792
178,901,891,1792
178,901,892,1793
178,901,892,1793
178,901,892,1793
178,902,892,1794
178,902,892,1794
178,902,893,1795
178,902,892,1794
178,902,892,1794
178,903,892,1795
178,903,892,1795
178,903,893,1796
178,903,893,1796
178,903,893,1796
178,903,893,1796
178,903,894,1797
178,903,893,1796
178,903,892,1795
178,903,892,1795
178,903,892,1795
178,903,892,1795
178,904,892,1796
178,904,892,1796
178,904,892,1796
178,904,893,1797
178,904,893,1797
178,904,892,1796
178,904,892,1796
178,904,893,1797
178,904,893,1797
178,905,893,1798
178,905,893,1798
178,905,893,1798
178,905,893,1798
178,905,894,1799
178,905,894,1799
178,905,895,1800
178,905,894,1799
178,905,894,1799
178,905,894,1799
178,905,894,1799
178,906,894,1800
178,906,894,1800
178,907,894,1801
178,907,893,1800
178,907,893,1800
178,908,893,1801
178,908,893,1801
178,908,893,1801
178,909,893,1802
178,909,893,1802
178,910,893,1803
178,910,893,1803
178,910,894,1804
178,910,894,1804
178,910,895,1805
178,910,895,1805
178,911,895,1806
178,911,895,1806
178,912,895,1807
179,912,895,1807
179,912,895,1807
179,912,895,1807
179,912,895,1807
179,912,896,1808
179,912,896,1808
179,912,897,1809
179,912,897,1809
179,913,897,1810
179,912,897,1809
179,912,897,1809
179,912,898,1810
179,912,898,1810
179,912,898,1810
179,911,898,1809
179,911,898,1809
179,911,898,1809
179,911,898,1809
179,911,898,1809
179,911,899,1810
179,911,899,1810
179,911,900,1811
179,911,900,1811
179,912,900,1812
179,912,900,1812
179,912,900,1812
179,912,900,1812
179,912,901,1813
179,912,900,1812
179,912,900,1812
179,912,900,1812
179,912,900,1812
179,912,900,1812
179,912,900,1812
179,912,901,1813
179,912,901,1813
179,912,902,1814
179,912,902,1814
179,913,902,1815
179,913,902,1815
179,913,903,1816
179,913,903,1816
179,913,904,1817
179,913,904,1817
179,913,905,1818
179,913,905,1818
179,913,905,1818
179,913,906,1819
179,913,906,1819
179,913,906,1819
179,913,906,1819
179,913,906,1819
179,913,906,1819
179,913,907,1820
179,913,906,1819
179,913,906,1819
179,913,907,1820
179,913,907,1820
179,913,908,1821
179,913,908,1821
179,913,909,1822
179,913,909,1822
179,913,910,1823
179,913,910,1823
179,913,910,1823
179,914,910,1824
179,914,909,1823
179,914,909,1823
179,915,909,1824
179,914,909,1823
179,914,909,1823
179,914,909,1823
179,915,909,1824
179,915,909,1824
179,916,909,1825
179,916,909,1825
179,917,909,1826
179,916,909,1825
179,916,909,1825
179,916,910,1826
179,916,910,1826
179,916,910,1826
179,915,910,1825
179,915,910,1825
179,916,910,1826
179,916,909,1825
179,915,909,1824
179,915,909,1824
179,915,910,1825
179,915,910,1825
179,915,910,1825
179,915,910,1825
179,915,911,1826
179,915,911,1826
179,916,911,1827
179,916,911,1827
179,917,911,1828
179,916,911,1827
179,916,911,1827
179,917,911,1828
179,917,911,1828
179,917,911,1828
179,917,912,1829
179,916,912,1828
179,916,912,1828
179,917,912,1829
179,917,912,1829
179,917,912,1829
179,917,913,1830
179,917,913,1830
179,918,913,1831
179,918,913,1831
179,918,913,1831
179,918,914,1832
179,918,913,1831
179,918,912,1830
179,918,912,1830
179,918,912,1830
179,917,912,1829
179,917,912,1829
179,918,912,1830
179,918,912,1830
179,918,912,1830
179,918,912,1830
179,919,912,1831
179,919,911,1830
179,919,911,1830
179,920,911,1831
179,919,911,1830
179,919,911,1830
179,919,912,1831
179,919,912,1831
179,920,912,1832
179,919,912,1831
179,919,912,1831
179,920,912,1832
179,920,912,1832
179,920,912,1832
179,919,912,1831
179,918,912,1830
179,918,912,1830
179,918,912,1830
179,918,911,1829
179,918,911,1829
179,919,911,1830
179,919,911,1830
179,919,911,1830
179,918,911,1829
179,918,911,1829
179,918,911,1829
179,919,911,1830
179,918,911,1829
179,917,911,1828
179,917,911,1828
179,917,911,1828
179,918,911,1829
179,918,911,1829
179,918,912,1830
179,917,912,1829
179,917,912,1829
179,918,912,1830
179,918,912,1830
179,919,912,1831
180,919,912,1831
180,919,912,1831
180,919,913,1832
180,919,913,1832
180,920,913,1833
180,920,913,1833
180,920,913,1833
180,920,913,1833
180,921,913,1834
180,921,912,1833
180,921,912,1833
180,920,912,1832
180,920,912,1832
180,921,912,1833
180,920,912,1832
180,920,912,1832
180,921,912,1833
180,921,912,1833
180,921,912,1833
180,922,912,1834
180,922,912,1834
180,922,913,1835
180,922,913,1835
180,922,913,1835
180,923,913,1836
180,923,913,1836
180,923,913,1836
180,923,913,1836
180,923,914,1837
180,923,914,1837
180,924,914,1838
180,924,914,1838
180,925,914,1839
180,925,914,1839
180,926,914,1840
180,926,914,1840
180,926,914,1840
180,926,914,1840
180,926,914,1840
180,926,915,1841
180,926,915,1841
180,925,915,1840
180,925,914,1839
180,925,914,1839
180,925,915,1840
180,925,915,1840
180,924,915,1839
180,924,915,1839
180,925,915,1840
180,925,915,1840
180,925,915,1840
180,925,915,1840
180,926,915,1841
180,926,915,1841
180,926,916,1842
180,926,916,1842
180,926,917,1843
180,926,916,1842
180,926,916,1842
180,927,916,1843
180,927,915,1842
180,926,915,1841
180,926,915,1841
180,927,915,1842
180,927,915,1842
180,927,915,1842
180,927,914,1841
180,927,914,1841
180,927,914,1841
180,926,914,1840
180,925,914,1839
180,925,914,1839
180,926,914,1840
180,926,914,1840
180,927,914,1841
180,927,914,1841
180,927,915,1842
180,927,915,1842
180,927,916,1843
180,926,916,1842
180,926,915,1841
180,926,915,1841
180,927,915,1842
180,927,915,1842
180,928,915,1843
180,928,915,1843
180,928,915,1843
180,928,916,1844
180,928,915,1843
180,928,914,1842
180,928,914,1842
180,928,915,1843
180,928,915,1843
180,928,915,1843
180,929,915,1844
180,929,915,1844
180,929,916,1845
180,929,916,1845
180,929,917,1846
180,929,917,1846
180,929,918,1847
180,929,918,1847
180,930,918,1848
180,930,918,1848
180,930,918,1848
180,931,918,1849
180,930,918,1848
180,930,918,1848
180,931,918,1849
180,931,918,1849
180,931,918,1849
180,932,918,1850
180,932,918,1850
180,933,918,1851
180,933,918,1851
180,933,918,1851
180,934,918,1852
180,934,918,1852
180,934,919,1853
180,934,919,1853
180,935,919,1854
180,935,919,1854
180,935,920,1855
180,934,920,1854
180,934,920,1854
180,934,921,1855
180,934,921,1855
180,934,922,1856
180,934,922,1856
180,934,923,1857
180,934,923,1857
180,934,923,1857
180,934,922,1856
180,934,922,1856
180,934,923,1857
180,934,922,1856
180,934,922,1856
180,934,922,1856
180,934,923,1857
180,934,922,1856
180,934,922,1856
180,934,922,1856
180,935,922,1857
180,935,921,1856
180,935,921,1856
180,935,922,1857
180,935,922,1857
180,936,922,1858
180,936,922,1858
180,937,922,1859
180,937,922,1859
180,937,923,1860
180,936,923,1859
180,936,923,1859
180,937,923,1860
180,937,923,1860
180,937,922,1859
180,936,922,1858
180,936,922,1858
180,936,923,1859
180,936,923,1859
180,936,924,1860
180,936,924,1860
180,937,924,1861
180,936,924,1860
180,936,924,1860
180,937,924,1861
180,937,924,1861
180,937,925,1862
180,937,925,1862
180,938,925,1863
180,938,925,1863
180,939,925,1864
180,938,925,1863
180,938,925,1863
180,939,925,1864
180,939,925,1864
180,939,925,1864
180,939,926,1865
180,939,926,1865
180,939,927,1866
180,939,927,1866
180,940,927,1867
180,940,927,1867
180,940,928,1868
180,940,928,1868
180,940,929,1869
180,940,929,1869
180,941,929,1870
180,941,929,1870
180,942,929,1871
180,942,929,1871
180,941,929,1870
180,941,929,1870
180,942,929,1871
180,942,929,1871
180,943,929,1872
180,943,929,1872
180,943,930,1873
180,943,930,1873
180,943,931,1874
180,942,931,1873
180,942,931,1873
180,943,931,1874
180,943,931,1874
180,944,931,1875
180,944,931,1875
180,945,931,1876
180,945,931,1876
180,946,931,1877
180,946,931,1877
180,947,931,1878
180,947,931,1878
180,948,931,1879
180,948,931,1879
180,948,931,1879
180,948,931,1879
180,948,931,1879
180,948,931,1879
180,949,931,1880
180,949,931,1880
180,950,931,1881
180,950,931,1881
180,950,932,1882
180,950,932,1882
180,950,933,1883
180,950,933,1883
180,950,934,1884
180,950,934,1884
180,951,934,1885
180,951,934,1885
180,951,934,1885
180,951,935,1886
180,951,934,1885
180,951,934,1885
180,951,935,1886
180,951,935,1886
180,952,935,1887
180,952,935,1887
180,953,935,1888
180,953,935,1888
180,953,936,1889
180,953,935,1888
180,953,935,1888
180,953,934,1887
180,953,934,1887
180,953,934,1887
180,954,934,1888
180,954,934,1888
180,954,934,1888
180,954,935,1889
180,954,935,1889
180,954,936,1890
180,954,936,1890
180,955,936,1891
180,955,936,1891
180,955,936,1891
180,955,937,1892
180,955,937,1892
180,956,937,1893
180,956,937,1893
180,957,937,1894
180,957,937,1894
180,958,937,1895
180,958,937,1895
180,959,937,1896
180,958,937,1895
181,958,937,1895
181,958,937,1895
181,958,937,1895
181,958,938,1896
181,958,938,1896
181,958,939,1897
181,958,939,1897
181,958,940,1898
181,958,940,1898
181,958,940,1898
181,958,941,1899
181,958,941,1899
181,959,941,1900
181,958,941,1899
181,958,941,1899
181,959,941,1900
181,959,941,1900
181,959,942,1901
181,958,942,1900
181,958,941,1899
181,958,941,1899
181,959,941,1900
181,959,941,1900
181,959,942,1901
181,959,942,1901
181,959,942,1901
181,959,942,1901
181,959,942,1901
181,959,942,1901
181,960,942,1902
181,960,942,1902
181,959,942,1901
181,958,942,1900
181,958,942,1900
181,959,942,1901
181,959,942,1901
181,960,942,1902
181,960,942,1902
181,960,942,1902
181,960,942,1902
181,960,943,1903
181,960,943,1903
181,961,943,1904
181,961,943,1904
181,962,943,1905
181,962,943,1905
181,962,944,1906
181,962,944,1906
181,962,945,1907
181,962,945,1907
181,962,945,1907
181,962,945,1907
181,962,945,1907
181,962,946,1908
181,962,946,1908
181,963,946,1909
181,963,946,1909
181,963,947,1910
181,963,946,1909
181,963,946,1909
181,963,946,1909
181,964,946,1910
181,964,946,1910
181,964,947,1911
181,964,947,1911
181,964,948,1912
181,964,948,1912
181,964,949,1913
181,964,949,1913
181,964,950,1914
181,964,950,1914
181,964,950,1914
181,965,950,1915
181,965,950,1915
181,965,951,1916
181,965,951,1916
181,966,951,1917
181,966,951,1917
181,966,951,1917
181,966,952,1918
181,966,951,1917
181,966,951,1917
181,966,951,1917
181,966,951,1917
181,966,952,1918
181,966,952,1918
181,966,953,1919
181,966,952,1918
181,966,952,1918
181,966,953,1919
181,966,953,1919
181,966,953,1919
181,967,953,1920
181,967,953,1920
181,967,954,1921
181,967,954,1921
181,968,954,1922
181,968,954,1922
181,969,954,1923
181,969,954,1923
181,969,954,1923
181,969,955,1924
181,969,955,1924
181,970,955,1925
181,970,955,1925
181,970,956,1926
181,970,956,1926
181,970,957,1927
181,970,957,1927
181,971,957,1928
181,971,957,1928
181,972,957,1929
181,972,956,1928
181,972,956,1928
181,972,956,1928
181,972,956,1928
181,973,956,1929
181,973,956,1929
181,973,957,1930
181,973,957,1930
181,974,957,1931
181,974,957,1931
181,974,957,1931
181,974,958,1932
181,974,958,1932
181,974,959,1933
181,974,959,1933
181,974,960,1934
181,974,960,1934
181,974,961,1935
181,974,961,1935
181,974,962,1936
181,974,962,1936
181,975,962,1937
181,975,962,1937
181,975,963,1938
181,975,963,1938
181,975,963,1938
181,975,963,1938
181,975,963,1938
181,975,963,1938
181,976,963,1939
181,976,963,1939
181,976,963,1939
181,976,964,1940
181,976,964,1940
181,975,964,1939
181,975,964,1939
181,975,965,1940
181,975,965,1940
181,976,965,1941
181,976,964,1940
181,975,964,1939
181,975,964,1939
181,976,964,1940
181,976,964,1940
181,976,965,1941
181,976,965,1941
181,977,965,1942
181,977,965,1942
181,978,965,1943
181,978,965,1943
181,978,966,1944
181,978,966,1944
181,978,966,1944
181,978,966,1944
181,978,967,1945
181,978,967,1945
181,978,968,1946
181,978,968,1946
181,979,968,1947
181,979,968,1947
181,979,968,1947
181,979,968,1947
181,979,969,1948
181,979,968,1947
181,979,968,1947
181,979,968,1947
181,980,968,1948
181,980,968,1948
181,980,967,1947
181,980,967,1947
181,980,967,1947
181,981,967,1948
181,981,967,1948
181,982,967,1949
181,982,967,1949
181,982,967,1949
181,983,967,1950
181,983,967,1950
181,983,968,1951
181,983,968,1951
181,984,968,1952
181,983,968,1951
181,982,968,1950
181,982,968,1950
181,983,968,1951
181,983,968,1951
181,984,968,1952
181,984,968,1952
181,985,968,1953
181,985,968,1953
181,985,969,1954
181,985,969,1954
181,985,970,1955
181,985,970,1955
181,985,970,1955
181,985,970,1955
181,985,970,1955
181,985,970,1955
181,985,971,1956
181,985,971,1956
181,986,971,1957
181,986,970,1956
181,986,970,1956
181,986,970,1956
181,987,970,1957
181,986,970,1956
181,986,970,1956
181,986,971,1957
181,986,971,1957
181,987,971,1958
181,987,971,1958
181,987,972,1959
181,987,972,1959
181,987,972,1959
181,988,972,1960
181,988,972,1960
181,988,973,1961
181,988,973,1961
181,988,973,1961
181,987,973,1960
181,987,972,1959
181,986,972,1958
181,986,972,1958
181,986,972,1958
181,986,972,1958
181,987,972,1959
181,987,972,1959
181,988,972,1960
181,988,972,1960
181,989,972,1961
181,989,971,1960
181,988,971,1959
181,988,971,1959
181,989,971,1960
181,989,971,1960
181,989,972,1961
181,989,972,1961
181,989,973,1962
181,989,973,1962
181,989,974,1963
182,989,974,1963
182,989,974,1963
182,989,974,1963
182,989,974,1963
182,989,974,1963
182,989,974,1963
182,988,974,1962
182,988,973,1961
182,988,973,1961
182,989,973,1962
182,989,973,1962
182,989,972,1961
182,989,972,1961
182,989,972,1961
182,989,972,1961
182,990,972,1962
182,990,972,1962
182,990,973,1963
182,990,973,1963
182,991,973,1964
182,991,973,1964
182,990,973,1963
182,990,973,1963
182,991,973,1964
182,990,973,1963
182,990,973,1963
182,991,973,1964
182,991,973,1964
182,991,974,1965
182,991,974,1965
182,992,974,1966
182,992,974,1966
182,993,974,1967
182,993,974,1967
182,993,974,1967
182,994,974,1968
182,993,974,1967
182,992,974,1966
182,992,974,1966
182,992,974,1966
182,992,974,1966
182,993,974,1967
182,992,974,1966
182,992,974,1966
182,992,974,1966
182,992,975,1967
182,992,975,1967
182,991,975,1966
182,991,975,1966
182,992,975,1967
182,992,975,1967
182,993,975,1968
182,993,975,1968
182,993,976,1969
182,993,976,1969
182,993,977,1970
182,993,977,1970
182,993,978,1971
182,993,978,1971
182,993,979,1972
182,993,979,1972
182,993,980,1973
182,993,980,1973
182,993,981,1974
182,993,981,1974
182,993,982,1975
182,993,982,1975
182,994,982,1976
182,994,982,1976
182,994,983,1977
182,994,983,1977
182,995,983,1978
182,995,983,1978
182,995,983,1978
182,996,983,1979
182,996,983,1979
182,996,983,1979
182,996,983,1979
182,996,984,1980
182,996,984,1980
182,997,984,1981
182,997,984,1981
182,998,984,1982
182,998,984,1982
182,999,984,1983
182,999,984,1983
182,1000,984,1984
182,1000,983,1983
182,1000,983,1983
182,1000,983,1983
182,1000,984,1984
182,1000,984,1984
182,1000,984,1984
182,1001,984,1985
182,1001,984,1985
182,1000,984,1984
182,999,984,1983
182,999,984,1983
182,999,983,1982
182,998,983,1981
182,997,983,1980
182,997,983,1980
182,998,983,1981
182,997,983,1980
182,997,983,1980
182,997,983,1980
182,997,984,1981
182,997,984,1981
182,997,985,1982
182,997,985,1982
182,996,985,1981
182,996,985,1981
182,997,985,1982
182,997,985,1982
182,997,986,1983
182,997,986,1983
182,997,986,1983
182,997,986,1983
182,998,986,1984
182,998,985,1983
182,998,985,1983
182,998,986,1984
182,998,986,1984
182,998,986,1984
182,998,986,1984
182,998,986,1984
182,998,986,1984
182,999,986,1985
182,999,986,1985
182,1000,986,1986
182,1000,986,1986
182,1001,986,1987
182,1001,986,1987
182,1001,986,1987
182,1001,987,1988
182,1001,987,1988
182,1002,987,1989
182,1002,987,1989
182,1003,987,1990
182,1003,987,1990
182,1004,987,1991
182,1004,987,1991
182,1004,988,1992
182,1004,988,1992
182,1004,989,1993
182,1004,989,1993
182,1005,989,1994
182,1005,989,1994
182,1006,989,1995
182,1006,989,1995
182,1006,990,1996
182,1006,990,1996
182,1006,990,1996
182,1007,990,1997
182,1007,990,1997
182,1007,991,1998
182,1007,991,1998
182,1008,991,1999
182,1007,991,1998
182,1006,991,1997
182,1006,991,1997
182,1006,991,1997
182,1006,992,1998
182,1006,992,1998
182,1007,992,1999
182,1007,991,1998
182,1007,991,1998
182,1008,991,1999
182,1007,991,1998
182,1006,991,1997
182,1006,991,1997
182,1006,992,1998
182,1006,991,1997
182,1006,991,1997
182,1006,992,1998
182,1006,992,1998
182,1007,992,1999
182,1007,991,1998
182,1007,991,1998
182,1007,992,1999
182,1007,992,1999
182,1007,993,2000
182,1007,993,2000
182,1008,993,2001
182,1008,993,2001
182,1008,994,2002
182,1008,994,2002
182,1007,994,2001
182,1007,994,2001
182,1008,994,2002
182,1008,994,2002
182,1008,994,2002
182,1009,994,2003
182,1009,994,2003
182,1010,994,2004
182,1010,994,2004
182,1010,995,2005
182,1010,995,2005
182,1010,996,2006
182,1010,996,2006
182,1010,997,2007
182,1010,997,2007
182,1011,997,2008
182,1011,997,2008
182,1011,997,2008
182,1012,997,2009
182,1012,997,2009
182,1012,998,2010
182,1012,998,2010
182,1012,998,2010
182,1013,998,2011
182,1013,997,2010
182,1013,997,2010
182,1014,997,2011
182,1013,997,2010
182,1012,997,2009
182,1012,997,2009
182,1013,997,2010
182,1013,997,2010
182,1013,998,2011
182,1013,998,2011
182,1013,999,2012
182,1013,999,2012
182,1013,999,2012
182,1013,999,2012
182,1014,999,2013
182,1014,999,2013
182,1014,1000,2014
182,1014,1000,2014
182,1014,1001,2015
182,1014,1001,2015
182,1015,1001,2016
183,1015,1001,2016
183,1015,1001,2016
183,1015,1001,2016
183,1015,1002,2017
183,1015,1001,2016
183,1015,1001,2016
183,1015,1000,2015
183,1015,1000,2015
183,1016,1000,2016
183,1016,1000,2016
183,1017,1000,2017
183,1017,1000,2017
183,1017,1001,2018
183,1017,1001,2018
183,1017,1002,2019
183,1017,1002,2019
183,1017,1003,2020
183,1017,1003,2020
183,1018,1003,2021
183,1018,1003,2021
183,1019,1003,2022
183,1019,1003,2022
183,1019,1004,2023
183,1019,1004,2023
183,1019,1004,2023
183,1019,1005,2024
183,1019,1005,2024
183,1019,1005,2024
183,1020,1005,2025
183,1020,1005,2025
183,1021,1005,2026
183,1021,1005,2026
183,1021,1005,2026
183,1021,1006,2027
183,1021,1006,2027
183,1021,1007,2028
183,1021,1007,2028
183,1022,1007,2029
183,1022,1007,2029
183,1021,1007,2028
183,1021,1007,2028
183,1022,1007,2029
183,1022,1007,2029
183,1023,1007,2030
183,1023,1007,2030
183,1024,1007,2031
183,1024,1007,2031
183,1024,1008,2032
183,1024,1008,2032
183,1024,1008,2032
183,1025,1008,2033
183,1025,1008,2033
183,1025,1008,2033
183,1024,1008,2032
183,1024,1008,2032
183,1025,1008,2033
183,1025,1008,2033
183,1025,1009,2034
183,1024,1009,2033
183,1024,1009,2033
183,1024,1009,2033
183,1024,1009,2033
183,1024,1010,2034
183,1024,1010,2034
183,1024,1011,2035
183,1024,1011,2035
183,1024,1011,2035
183,1024,1011,2035
183,1024,1012,2036
183,1024,1012,2036
183,1024,1013,2037
183,1024,1013,2037
183,1025,1013,2038
183,1025,1013,2038
183,1025,1013,2038
183,1025,1014,2039
183,1025,1014,2039
183,1025,1015,2040
183,1025,1015,2040
183,1026,1015,2041
183,1026,1015,2041
183,1026,1016,2042
183,1026,1015,2041
183,1026,1015,2041
183,1026,1016,2042
183,1026,1016,2042
183,1026,1017,2043
183,1026,1017,2043
183,1027,1017,2044
183,1027,1017,2044
183,1027,1018,2045
183,1027,1017,2044
183,1027,1016,2043
183,1027,1016,2043
183,1027,1016,2043
183,1028,1016,2044
183,1028,1016,2044
183,1029,1016,2045
183,1029,1016,2045
183,1029,1017,2046
183,1029,1017,2046
183,1029,1018,2047
183,1029,1018,2047
183,1029,1019,2048
183,1029,1019,2048
183,1029,1020,2049
183,1029,1020,2049
183,1029,1021,2050
183,1029,1021,2050
183,1029,1022,2051
183,1029,1022,2051
183,1028,1022,2050
183,1028,1022,2050
183,1028,1023,2051
183,1028,1023,2051
183,1029,1023,2052
183,1029,1022,2051
183,1029,1022,2051
183,1029,1022,2051
183,1030,1022,2052
183,1030,1022,2052
183,1030,1023,2053
183,1029,1023,2052
183,1029,1023,2052
183,1030,1023,2053
183,1030,1023,2053
183,1031,1023,2054
183,1031,1023,2054
183,1031,1022,2053
183,1031,1022,2053
183,1031,1023,2054
183,1031,1023,2054
183,1032,1023,2055
183,1032,1023,2055
183,1033,1023,2056
183,1033,1023,2056
183,1034,1023,2057
183,1034,1023,2057
183,1034,1023,2057
183,1034,1024,2058
183,1034,1024,2058
183,1035,1024,2059
183,1035,1024,2059
183,1035,1024,2059
183,1035,1025,2060
183,1035,1025,2060
183,1036,1025,2061
183,1036,1025,2061
183,1036,1025,2061
183,1036,1026,2062
183,1036,1026,2062
183,1036,1026,2062
183,1037,1026,2063
183,1037,1026,2063
183,1037,1027,2064
183,1037,1027,2064
183,1038,1027,2065
183,1038,1027,2065
183,1038,1028,2066
183,1038,1028,2066
183,1038,1029,2067
183,1038,1029,2067
183,1038,1030,2068
183,1038,1030,2068
183,1039,1030,2069
183,1038,1030,2068
183,1038,1030,2068
183,1039,1030,2069
183,1038,1030,2068
183,1038,1030,2068
183,1039,1030,2069
183,1039,1030,2069
183,1039,1031,2070
183,1039,1031,2070
183,1040,1031,2071
183,1039,1031,2070
183,1039,1031,2070
183,1040,1031,2071
183,1040,1031,2071
183,1039,1031,2070
183,1038,1031,2069
183,1038,1031,2069
183,1038,1032,2070
183,1038,1032,2070
183,1039,1032,2071
183,1039,1032,2071
183,1039,1033,2072
183,1039,1033,2072
183,1040,1033,2073
183,1040,1033,2073
183,1040,1032,2072
183,1039,1032,2071
183,1039,1032,2071
183,1040,1032,2072
183,1040,1032,2072
183,1040,1032,2072
183,1040,1033,2073
183,1040,1033,2073
183,1041,1033,2074
183,1041,1033,2074
183,1041,1033,2074
183,1042,1033,2075
183,1042,1033,2075
183,1043,1033,2076
183,1043,1033,2076
183,1043,1034,2077
183,1043,1034,2077
183,1043,1035,2078
183,1043,1035,2078
183,1043,1034,2077
183,1043,1033,2076
183,1043,1033,2076
183,1044,1033,2077
183,1044,1033,2077
183,1045,1033,2078
183,1045,1033,2078
183,1045,1033,2078
183,1045,1032,2077
183,1045,1032,2077
183,1045,1033,2078
183,1044,1033,2077
183,1044,1032,2076
183,1044,1032,2076
183,1045,1032,2077
183,1045,1032,2077
183,1046,1032,2078
183,1046,1032,2078
183,1046,1033,2079
183,1046,1033,2079
183,1047,1033,2080
183,1047,1033,2080
183,1047,1034,2081
183,1047,1034,2081
183,1048,1034,2082
183,1048,1034,2082
183,1048,1034,2082
183,1049,1034,2083
183,1049,1034,2083
183,1049,1034,2083
183,1049,1035,2084
183,1049,1035,2084
183,1050,1035,2085
183,1050,1035,2085
183,1050,1036,2086
183,1050,1036,2086
183,1050,1036,2086
183,1050,1036,2086
183,1051,1036,2087
183,1051,1036,2087
183,1052,1036,2088
183,1052,1036,2088
183,1053,1036,2089
183,1053,1036,2089
183,1054,1036,2090
183,1054,1036,2090
183,1055,1036,2091
183,1055,1036,2091
183,1055,1036,2091
183,1055,1036,2091
183,1055,1037,2092
183,1055,1037,2092
184,1055,1037,2092
184,1055,1037,2092
184,1055,1038,2093
184,1055,1038,2093
184,1055,1038,2093
184,1055,1039,2094
184,1055,1039,2094
184,1056,1039,2095
184,1056,1039,2095
184,1056,1039,2095
184,1055,1039,2094
184,1055,1039,2094
184,1056,1039,2095
184,1056,1039,2095
184,1056,1039,2095
184,1057,1039,2096
184,1057,1039,2096
184,1057,1039,2096
184,1058,1039,2097
184,1058,1039,2097
184,1058,1040,2098
184,1058,1040,2098
184,1059,1040,2099
184,1059,1040,2099
184,1059,1041,2100
184,1058,1041,2099
184,1058,1041,2099
184,1059,1041,2100
184,1059,1041,2100
184,1059,1042,2101
184,1059,1042,2101
184,1059,1043,2102
184,1059,1042,2101
184,1059,1042,2101
184,1060,1042,2102
184,1060,1042,2102
184,1060,1041,2101
184,1060,1041,2101
184,1060,1042,2102
184,1060,1042,2102
184,1060,1042,2102
184,1061,1042,2103
184,1061,1042,2103
184,1061,1042,2103
184,1061,1043,2104
184,1061,1043,2104
184,1061,1043,2104
184,1061,1044,2105
184,1061,1044,2105
184,1062,1044,2106
184,1062,1044,2106
184,1063,1044,2107
184,1063,1044,2107
184,1062,1044,2106
184,1062,1044,2106
184,1062,1045,2107
184,1062,1045,2107
184,1063,1045,2108
184,1063,1045,2108
184,1063,1045,2108
184,1063,1046,2109
184,1062,1046,2108
184,1062,1046,2108
184,1062,1046,2108
184,1063,1046,2109
184,1063,1046,2109
184,1063,1047,2110
184,1063,1046,2109
184,1063,1046,2109
184,1063,1047,2110
184,1063,1047,2110
184,1063,1048,2111
184,1063,1047,2110
184,1063,1047,2110
184,1063,1048,2111
184,1063,1047,2110
184,1063,1047,2110
184,1063,1047,2110
184,1064,1047,2111
184,1064,1046,2110
184,1064,1046,2110
184,1064,1046,2110
184,1064,1047,2111
184,1064,1047,2111
184,1065,1047,2112
184,1065,1047,2112
184,1066,1047,2113
184,1066,1047,2113
184,1067,1047,2114
184,1067,1047,2114
184,1066,1047,2113
184,1066,1047,2113
184,1066,1047,2113
184,1067,1047,2114
184,1067,1047,2114
184,1067,1047,2114
184,1066,1047,2113
184,1066,1047,2113
184,1066,1048,2114
184,1066,1048,2114
184,1067,1048,2115
184,1067,1048,2115
184,1068,1048,2116
184,1068,1048,2116
184,1069,1048,2117
184,1069,1048,2117
184,1069,1049,2118
184,1069,1049,2118
184,1069,1049,2118
184,1069,1049,2118
184,1070,1049,2119
184,1069,1049,2118
184,1069,1049,2118
184,1069,1050,2119
184,1069,1050,2119
184,1070,1050,2120
184,1070,1050,2120
184,1071,1050,2121
184,1071,1050,2121
184,1071,1051,2122
184,1071,1051,2122
184,1071,1051,2122
184,1071,1052,2123
184,1071,1052,2123
184,1071,1052,2123
184,1071,1053,2124
184,1071,1053,2124
184,1072,1053,2125
184,1072,1053,2125
184,1071,1053,2124
184,1071,1053,2124
184,1071,1054,2125
184,1070,1054,2124
184,1070,1054,2124
184,1070,1054,2124
184,1070,1053,2123
184,1070,1053,2123
184,1070,1053,2123
184,1070,1054,2124
184,1070,1053,2123
184,1070,1053,2123
184,1070,1054,2124
184,1070,1053,2123
184,1070,1053,2123
184,1070,1053,2123
184,1070,1054,2124
184,1070,1054,2124
184,1070,1054,2124
184,1071,1054,2125
184,1071,1053,2124
184,1071,1053,2124
184,1071,1054,2125
184,1071,1054,2125
184,1071,1054,2125
184,1071,1054,2125
184,1071,1054,2125
184,1071,1055,2126
184,1071,1055,2126
184,1071,1055,2126
184,1071,1055,2126
184,1071,1056,2127
184,1071,1056,2127
184,1071,1056,2127
184,1071,1057,2128
184,1071,1057,2128
184,1071,1057,2128
184,1072,1057,2129
184,1072,1057,2129
184,1073,1057,2130
184,1073,1057,2130
184,1074,1057,2131
184,1074,1057,2131
184,1075,1057,2132
184,1075,1057,2132
184,1076,1057,2133
184,1076,1057,2133
184,1077,1057,2134
184,1077,1057,2134
184,1077,1058,2135
184,1077,1058,2135
184,1077,1059,2136
184,1077,1059,2136
184,1078,1059,2137
184,1078,1059,2137
184,1078,1059,2137
184,1078,1059,2137
184,1078,1059,2137
184,1079,1059,2138
184,1079,1059,2138
184,1080,1059,2139
184,1080,1059,2139
184,1081,1059,2140
184,1081,1059,2140
184,1081,1060,2141
184,1081,1060,2141
184,1081,1061,2142
184,1081,1061,2142
184,1082,1061,2143
184,1082,1061,2143
184,1082,1062,2144
184,1081,1062,2143
184,1081,1062,2143
184,1081,1062,2143
184,1081,1063,2144
184,1081,1062,2143
184,1081,1062,2143
184,1082,1062,2144
184,1082,1062,2144
184,1083,1062,2145
184,1083,1062,2145
184,1084,1062,2146
184,1084,1062,2146
184,1085,1062,2147
184,1085,1062,2147
184,1085,1062,2147
184,1085,1062,2147
184,1085,1063,2148
184,1085,1062,2147
184,1085,1062,2147
184,1085,1063,2148
184,1085,1063,2148
184,1085,1064,2149
184,1085,1064,2149
184,1085,1064,2149
184,1086,1064,2150
184,1086,1064,2150
184,1086,1065,2151
184,1086,1064,2150
184,1086,1064,2150
184,1087,1064,2151
184,1087,1063,2150
184,1086,1063,2149
184,1086,1063,2149
184,1086,1064,2150
184,1086,1064,2150
184,1086,1065,2151
184,1086,1065,2151
184,1087,1065,2152
184,1086,1065,2151
184,1086,1065,2151
184,1086,1066,2152
184,1086,1066,2152
184,1086,1067,2153
184,1086,1067,2153
184,1086,1067,2153
184,1086,1068,2154
184,1085,1068,2153
184,1085,1068,2153
184,1086,1068,2154
184,1086,1068,2154
184,1086,1068,2154
184,1086,1069,2155
184,1086,1069,2155
184,1086,1069,2155
184,1087,1069,2156
184,1087,1069,2156
184,1087,1069,2156
184,1088,1069,2157
184,1088,1068,2156
184,1088,1068,2156
184,1088,1068,2156
184,1088,1069,2157
184,1088,1069,2157
185,1088,1069,2157
185,1088,1069,2157
185,1089,1069,2158
185,1089,1069,2158
185,1089,1070,2159
185,1089,1070,2159
185,1090,1070,2160
185,1090,1070,2160
185,1090,1070,2160
185,1090,1071,2161
185,1090,1071,2161
185,1090,1072,2162
185,1090,1072,2162
185,1091,1072,2163
185,1091,1072,2163
185,1091,1073,2164
185,1090,1073,2163
185,1090,1073,2163
185,1090,1074,2164
185,1090,1074,2164
185,1090,1074,2164
185,1090,1075,2165
185,1090,1075,2165
185,1090,1076,2166
185,1090,1076,2166
185,1091,1076,2167
185,1091,1076,2167
185,1091,1077,2168
185,1091,1077,2168
185,1091,1076,2167
185,1091,1075,2166
185,1091,1075,2166
185,1091,1075,2166
185,1091,1076,2167
185,1091,1076,2167
185,1091,1077,2168
185,1091,1077,2168
185,1091,1078,2169
185,1091,1078,2169
185,1092,1078,2170
185,1092,1078,2170
185,1092,1079,2171
185,1092,1079,2171
185,1093,1079,2172
185,1093,1079,2172
185,1094,1079,2173
185,1094,1079,2173
185,1095,1079,2174
185,1095,1079,2174
185,1095,1079,2174
185,1095,1079,2174
185,1095,1080,2175
185,1095,1080,2175
185,1095,1081,2176
185,1095,1081,2176
185,1095,1082,2177
185,1095,1082,2177
185,1095,1083,2178
185,1095,1083,2178
185,1095,1084,2179
185,1095,1084,2179
185,1095,1085,2180
185,1095,1085,2180
185,1094,1085,2179
185,1094,1085,2179
185,1094,1086,2180
185,1094,1086,2180
185,1095,1086,2181
185,1095,1086,2181
185,1095,1087,2182
185,1095,1087,2182
185,1096,1087,2183
185,1096,1087,2183
185,1097,1087,2184
185,1097,1087,2184
185,1098,1087,2185
185,1098,1086,2184
185,1098,1086,2184
185,1098,1087,2185
185,1098,1087,2185
185,1099,1087,2186
185,1099,1087,2186
185,1099,1087,2186
185,1099,1087,2186
185,1100,1087,2187
185,1100,1087,2187
185,1100,1088,2188
185,1100,1088,2188
185,1099,1088,2187
185,1099,1088,2187
185,1099,1088,2187
185,1100,1088,2188
185,1100,1088,2188
185,1100,1088,2188
185,1100,1088,2188
185,1101,1088,2189
185,1101,1088,2189
185,1102,1088,2190
185,1102,1088,2190
185,1102,1089,2191
185,1102,1088,2190
185,1102,1088,2190
185,1102,1087,2189
185,1102,1087,2189
185,1102,1087,2189
185,1102,1087,2189
185,1101,1087,2188
185,1100,1087,2187
185,1100,1087,2187
185,1100,1088,2188
185,1100,1088,2188
185,1101,1088,2189
185,1101,1088,2189
185,1101,1088,2189
185,1101,1089,2190
185,1101,1089,2190
185,1101,1090,2191
185,1101,1090,2191
185,1101,1091,2192
185,1100,1091,2191
185,1100,1091,2191
185,1100,1092,2192
185,1100,1092,2192
185,1100,1093,2193
185,1100,1093,2193
185,1100,1094,2194
185,1100,1093,2193
185,1100,1093,2193
185,1100,1093,2193
185,1100,1092,2192
185,1100,1092,2192
185,1100,1092,2192
185,1100,1093,2193
185,1100,1093,2193
185,1101,1093,2194
185,1101,1093,2194
185,1101,1093,2194
185,1102,1093,2195
185,1102,1093,2195
185,1102,1093,2195
185,1102,1094,2196
185,1102,1093,2195
185,1102,1093,2195
185,1102,1092,2194
185,1102,1092,2194
185,1102,1093,2195
185,1102,1093,2195
185,1102,1093,2195
185,1102,1094,2196
185,1102,1094,2196
185,1102,1095,2197
185,1102,1095,2197
185,1101,1095,2196
185,1101,1094,2195
185,1101,1094,2195
185,1101,1094,2195
185,1101,1095,2196
185,1101,1095,2196
185,1101,1095,2196
185,1101,1096,2197
185,1101,1096,2197
185,1101,1097,2198
185,1101,1097,2198
185,1102,1097,2199
185,1102,1097,2199
185,1103,1097,2200
185,1103,1096,2199
185,1103,1096,2199
185,1103,1096,2199
185,1103,1096,2199
185,1104,1096,2200
185,1104,1096,2200
185,1105,1096,2201
185,1105,1096,2201
185,1105,1097,2202
185,1105,1097,2202
185,1105,1097,2202
185,1105,1097,2202
185,1105,1098,2203
185,1104,1098,2202
185,1104,1097,2201
185,1104,1097,2201
185,1105,1097,2202
185,1105,1097,2202
185,1105,1097,2202
185,1106,1097,2203
185,1106,1097,2203
185,1107,1097,2204
185,1107,1097,2204
185,1107,1097,2204
185,1107,1097,2204
185,1107,1098,2205
185,1107,1098,2205
185,1107,1099,2206
185,1107,1098,2205
185,1107,1098,2205
185,1108,1098,2206
185,1108,1098,2206
185,1108,1098,2206
185,1108,1098,2206
185,1109,1098,2207
185,1109,1098,2207
185,1109,1099,2208
185,1109,1098,2207
185,1109,1098,2207
185,1110,1098,2208
185,1110,1097,2207
185,1110,1097,2207
185,1111,1097,2208
185,1111,1097,2208
185,1111,1098,2209
185,1111,1098,2209
185,1110,1098,2208
185,1110,1098,2208
185,1110,1099,2209
185,1110,1098,2208
185,1110,1098,2208
185,1110,1099,2209
185,1110,1099,2209
185,1111,1099,2210
185,1111,1098,2209
185,1111,1098,2209
185,1112,1098,2210
185,1112,1098,2210
185,1112,1099,2211
185,1112,1099,2211
185,1113,1099,2212
185,1113,1099,2212
185,1114,1099,2213
185,1113,1099,2212
185,1113,1099,2212
185,1113,1100,2213
185,1113,1100,2213
185,1113,1100,2213
185,1114,1100,2214
185,1114,1100,2214
185,1114,1101,2215
185,1114,1101,2215
185,1115,1101,2216
185,1115,1101,2216
185,1115,1101,2216
185,1116,1101,2217
185,1116,1101,2217
185,1116,1101,2217
185,1116,1102,2218
185,1116,1102,2218
185,1116,1103,2219
185,1116,1103,2219
185,1116,1104,2220
185,1115,1104,2219
185,1115,1103,2218
185,1115,1103,2218
185,1116,1103,2219
185,1116,1102,2218
185,1116,1102,2218
185,1116,1103,2219
185,1116,1103,2219
185,1117,1103,2220
185,1117,1103,2220
185,1117,1103,2220
185,1117,1104,2221
185,1117,1104,2221
185,1117,1105,2222
185,1117,1105,2222
185,1117,1105,2222
185,1117,1106,2223
185,1116,1106,2222
185,1116,1106,2222
185,1117,1106,2223
185,1117,1105,2222
185,1116,1105,2221
185,1116,1105,2221
185,1117,1105,2222
185,1117,1104,2221
185,1117,1104,2221
185,1118,1104,2222
185,1118,1104,2222
185,1119,1104,2223
185,1119,1104,2223
185,1119,1105,2224
185,1119,1105,2224
185,1119,1105,2224
185,1120,1105,2225
185,1120,1105,2225
185,1121,1105,2226
185,1121,1105,2226
185,1121,1106,2227
185,1121,1106,2227
185,1122,1106,2228
185,1121,1106,2227
185,1120,1106,2226
185,1120,1106,2226
185,1121,1106,2227
185,1121,1106,2227
186,1122,1106,2228
186,1122,1106,2228
186,1123,1106,2229
186,1123,1106,2229
186,1124,1106,2230
186,1124,1106,2230
186,1124,1107,2231
186,1124,1107,2231
186,1125,1107,2232
186,1125,1106,2231
186,1125,1106,2231
186,1125,1106,2231
186,1125,1106,2231
186,1125,1106,2231
186,1125,1106,2231
186,1125,1106,2231
186,1125,1106,2231
186,1124,1106,2230
186,1124,1106,2230
186,1124,1107,2231
186,1124,1107,2231
186,1125,1107,2232
186,1125,1107,2232
186,1125,1107,2232
186,1125,1107,2232
186,1125,1108,2233
186,1125,1108,2233
186,1125,1108,2233
186,1126,1108,2234
186,1126,1108,2234
186,1126,1109,2235
186,1126,1109,2235
186,1126,1110,2236
186,1126,1110,2236
186,1126,1109,2235
186,1126,1109,2235
186,1126,1109,2235
186,1127,1109,2236
186,1127,1109,2236
186,1127,1110,2237
186,1127,1110,2237
186,1127,1110,2237
186,1128,1110,2238
186,1128,1109,2237
186,1128,1109,2237
186,1128,1109,2237
186,1129,1109,2238
186,1129,1109,2238
186,1130,1109,2239
186,1130,1109,2239
186,1131,1109,2240
186,1131,1109,2240
186,1131,1110,2241
186,1131,1110,2241
186,1131,1111,2242
186,1131,1111,2242
186,1131,1111,2242
186,1131,1112,2243
186,1130,1112,2242
186,1130,1112,2242
186,1130,1113,2243
186,1130,1113,2243
186,1131,1113,2244
186,1131,1112,2243
186,1131,1112,2243
186,1131,1113,2244
186,1131,1113,2244
186,1131,1113,2244
186,1131,1113,2244
186,1130,1113,2243
186,1130,1113,2243
186,1131,1113,2244
186,1131,1113,2244
186,1131,1112,2243
186,1131,1112,2243
186,1131,1112,2243
186,1132,1112,2244
186,1132,1112,2244
186,1133,1112,2245
186,1132,1112,2244
186,1132,1112,2244
186,1133,1112,2245
186,1133,1112,2245
186,1133,1112,2245
186,1133,1112,2245
186,1134,1112,2246
186,1134,1112,2246
186,1135,1112,2247
186,1135,1112,2247
186,1135,1113,2248
186,1135,1113,2248
186,1135,1113,2248
186,1135,1113,2248
186,1135,1114,2249
186,1135,1114,2249
186,1135,1115,2250
186,1134,1115,2249
186,1134,1115,2249
186,1134,1116,2250
186,1134,1116,2250
186,1134,1116,2250
186,1135,1116,2251
186,1135,1116,2251
186,1135,1117,2252
186,1135,1116,2251
186,1135,1116,2251
186,1135,1117,2252
186,1135,1117,2252
186,1135,1118,2253
186,1135,1118,2253
186,1136,1118,2254
186,1136,1117,2253
186,1135,1117,2252
186,1135,1117,2252
186,1136,1117,2253
186,1136,1117,2253
186,1136,1118,2254
186,1136,1118,2254
186,1136,1118,2254
186,1136,1119,2255
186,1136,1118,2254
186,1136,1117,2253
186,1136,1117,2253
186,1136,1117,2253
186,1136,1118,2254
186,1136,1118,2254
186,1137,1118,2255
186,1137,1118,2255
186,1137,1118,2255
186,1137,1119,2256
186,1137,1119,2256
186,1137,1120,2257
186,1137,1120,2257
186,1138,1120,2258
186,1138,1119,2257
186,1137,1119,2256
186,1137,1119,2256
186,1137,1119,2256
186,1137,1120,2257
186,1137,1120,2257
186,1137,1121,2258
186,1137,1121,2258
186,1137,1122,2259
186,1137,1121,2258
186,1137,1120,2257
186,1137,1120,2257
186,1137,1120,2257
186,1138,1120,2258
186,1138,1120,2258
186,1138,1121,2259
186,1138,1120,2258
186,1138,1120,2258
186,1139,1120,2259
186,1139,1120,2259
186,1139,1120,2259
186,1139,1119,2258
186,1139,1119,2258
186,1139,1120,2259
186,1139,1120,2259
186,1139,1120,2259
186,1139,1121,2260
186,1139,1121,2260
186,1139,1121,2260
186,1139,1121,2260
186,1139,1122,2261
186,1139,1122,2261
186,1139,1123,2262
186,1139,1123,2262
186,1140,1123,2263
186,1140,1123,2263
186,1140,1124,2264
186,1140,1124,2264
186,1140,1124,2264
186,1140,1124,2264
186,1141,1124,2265
186,1141,1124,2265
186,1142,1124,2266
186,1142,1124,2266
186,1142,1125,2267
186,1142,1125,2267
186,1142,1125,2267
186,1142,1126,2268
186,1141,1126,2267
186,1141,1126,2267
186,1142,1126,2268
186,1142,1126,2268
186,1143,1126,2269
186,1143,1125,2268
186,1143,1125,2268
186,1144,1125,2269
186,1144,1125,2269
186,1144,1126,2270
186,1144,1126,2270
186,1144,1127,2271
186,1143,1127,2270
186,1143,1127,2270
186,1143,1127,2270
186,1143,1128,2271
186,1143,1128,2271
186,1143,1129,2272
186,1143,1129,2272
186,1143,1130,2273
186,1143,1130,2273
186,1143,1131,2274
186,1143,1131,2274
186,1143,1132,2275
186,1143,1132,2275
186,1143,1133,2276
186,1143,1133,2276
186,1144,1133,2277
186,1144,1133,2277
186,1144,1134,2278
186,1144,1134,2278
186,1144,1134,2278
186,1144,1134,2278
186,1144,1135,2279
186,1144,1135,2279
186,1144,1136,2280
186,1144,1135,2279
186,1144,1135,2279
186,1144,1136,2280
186,1144,1136,2280
186,1144,1135,2279
186,1144,1135,2279
186,1145,1135,2280
186,1145,1135,2280
186,1145,1135,2280
186,1145,1136,2281
186,1145,1136,2281
186,1146,1136,2282
186,1146,1136,2282
186,1146,1135,2281
186,1146,1135,2281
186,1146,1135,2281
186,1147,1135,2282
186,1147,1135,2282
186,1146,1135,2281
186,1146,1135,2281
186,1147,1135,2282
186,1147,1135,2282
186,1146,1135,2281
186,1146,1135,2281
186,1146,1136,2282
186,1145,1136,2281
186,1145,1136,2281
186,1145,1137,2282
186,1145,1137,2282
186,1145,1137,2282
186,1145,1137,2282
186,1145,1138,2283
186,1145,1138,2283
186,1145,1139,2284
186,1145,1139,2284
186,1145,1140,2285
186,1145,1140,2285
186,1145,1140,2285
186,1146,1140,2286
186,1146,1139,2285
186,1146,1139,2285
186,1146,1139,2285
186,1145,1139,2284
186,1145,1139,2284
186,1145,1140,2285
186,1145,1140,2285
186,1145,1141,2286
186,1145,1141,2286
186,1145,1141,2286
186,1145,1141,2286
186,1146,1141,2287
186,1146,1141,2287
186,1146,1141,2287
186,1147,1141,2288
186,1147,1141,2288
186,1148,1141,2289
186,1148,1141,2289
186,1149,1141,2290
186,1149,1141,2290
186,1150,1141,2291
186,1150,1141,2291
186,1150,1140,2290
186,1150,1140,2290
186,1150,1140,2290
186,1150,1141,2291
186,1150,1141,2291
186,1151,1141,2292
186,1150,1141,2291
186,1150,1141,2291
186,1150,1141,2291
186,1150,1142,2292
186,1150,1142,2292
186,1150,1142,2292
186,1151,1142,2293
186,1151,1142,2293
186,1151,1143,2294
186,1151,1143,2294
186,1152,1143,2295
186,1152,1143,2295
186,1152,1143,2295
186,1152,1143,2295
186,1153,1143,2296
186,1153,1143,2296
187,1153,1143,2296
187,1153,1143,2296
187,1152,1143,2295
187,1152,1143,2295
187,1152,1143,2295
187,1152,1144,2296
187,1152,1144,2296
187,1152,1144,2296
187,1153,1144,2297
187,1153,1144,2297
187,1153,1144,2297
187,1154,1144,2298
187,1154,1144,2298
187,1154,1144,2298
187,1154,1144,2298
187,1154,1145,2299
187,1154,1145,2299
187,1154,1146,2300
187,1154,1146,2300
187,1155,1146,2301
187,1155,1146,2301
187,1156,1146,2302
187,1156,1146,2302
187,1156,1147,2303
187,1155,1147,2302
187,1155,1147,2302
187,1155,1148,2303
187,1155,1148,2303
187,1155,1148,2303
187,1156,1148,2304
187,1156,1148,2304
187,1156,1149,2305
187,1156,1148,2304
187,1156,1148,2304
187,1157,1148,2305
187,1157,1148,2305
187,1158,1148,2306
187,1158,1148,2306
187,1158,1147,2305
187,1158,1147,2305
187,1158,1148,2306
187,1157,1148,2305
187,1157,1148,2305
187,1157,1149,2306
187,1157,1149,2306
187,1158,1149,2307
187,1158,1149,2307
187,1158,1149,2307
187,1158,1150,2308
187,1158,1150,2308
187,1158,1151,2309
187,1158,1151,2309
187,1159,1151,2310
187,1159,1151,2310
187,1160,1151,2311
187,1160,1151,2311
187,1161,1151,2312
187,1161,1150,2311
187,1161,1150,2311
187,1161,1150,2311
187,1161,1150,2311
187,1160,1150,2310
187,1160,1150,2310
187,1160,1150,2310
187,1160,1150,2310
187,1161,1150,2311
187,1160,1150,2310
187,1160,1150,2310
187,1160,1150,2310
187,1161,1150,2311
187,1160,1150,2310
187,1159,1150,2309
187,1159,1150,2309
187,1160,1150,2310
187,1160,1150,2310
187,1161,1150,2311
187,1160,1150,2310
187,1160,1150,2310
187,1160,1150,2310
187,1160,1151,2311
187,1160,1151,2311
187,1161,1151,2312
187,1161,1151,2312
187,1162,1151,2313
187,1162,1151,2313
187,1162,1152,2314
187,1161,1152,2313
187,1161,1152,2313
187,1161,1153,2314
187,1161,1153,2314
187,1161,1152,2313
187,1161,1152,2313
187,1161,1152,2313
187,1161,1151,2312
187,1160,1151,2311
187,1160,1151,2311
187,1161,1151,2312
187,1161,1151,2312
187,1161,1151,2312
187,1162,1151,2313
187,1162,1151,2313
187,1162,1152,2314
187,1162,1152,2314
187,1163,1152,2315
187,1163,1152,2315
187,1163,1153,2316
187,1163,1153,2316
187,1163,1154,2317
187,1163,1154,2317
187,1164,1154,2318
187,1164,1154,2318
187,1164,1154,2318
187,1165,1154,2319
187,1165,1154,2319
187,1165,1155,2320
187,1164,1155,2319
187,1164,1155,2319
187,1164,1155,2319
187,1165,1155,2320
187,1165,1155,2320
187,1165,1155,2320
187,1165,1156,2321
187,1165,1156,2321
187,1165,1157,2322
187,1165,1157,2322
187,1166,1157,2323
187,1166,1156,2322
187,1166,1156,2322
187,1167,1156,2323
187,1167,1156,2323
187,1167,1156,2323
187,1168,1156,2324
187,1167,1156,2323
187,1167,1156,2323
187,1167,1157,2324
187,1167,1157,2324
187,1167,1158,2325
187,1167,1158,2325
187,1167,1158,2325
187,1167,1158,2325
187,1167,1159,2326
187,1167,1159,2326
187,1167,1160,2327
187,1167,1160,2327
187,1168,1160,2328
187,1168,1160,2328
187,1168,1161,2329
187,1168,1161,2329
187,1169,1161,2330
187,1169,1161,2330
187,1169,1161,2330
187,1170,1161,2331
187,1170,1161,2331
187,1170,1162,2332
187,1170,1162,2332
187,1170,1163,2333
187,1170,1163,2333
187,1170,1163,2333
187,1170,1163,2333
187,1170,1164,2334
187,1170,1164,2334
187,1170,1165,2335
187,1169,1165,2334
187,1169,1165,2334
187,1169,1166,2335
187,1169,1166,2335
187,1170,1166,2336
187,1170,1166,2336
187,1170,1166,2336
187,1170,1166,2336
187,1170,1166,2336
187,1171,1166,2337
187,1171,1166,2337
187,1172,1166,2338
187,1172,1166,2338
187,1173,1166,2339
187,1173,1165,2338
187,1173,1165,2338
187,1173,1165,2338
187,1174,1165,2339
187,1173,1165,2338
187,1173,1165,2338
187,1174,1165,2339
187,1174,1165,2339
187,1174,1165,2339
187,1174,1166,2340
187,1174,1166,2340
187,1174,1166,2340
187,1174,1167,2341
187,1174,1167,2341
187,1174,1167,2341
187,1174,1167,2341
187,1174,1168,2342
187,1174,1168,2342
187,1174,1168,2342
187,1175,1168,2343
187,1175,1168,2343
187,1176,1168,2344
187,1176,1168,2344
187,1176,1168,2344
187,1176,1168,2344
187,1176,1169,2345
187,1176,1169,2345
187,1176,1170,2346
187,1175,1170,2345
187,1175,1170,2345
187,1175,1170,2345
187,1175,1170,2345
187,1175,1171,2346
187,1175,1171,2346
187,1175,1171,2346
187,1176,1171,2347
187,1176,1171,2347
187,1177,1171,2348
187,1177,1171,2348
187,1177,1171,2348
187,1177,1171,2348
187,1177,1171,2348
187,1178,1171,2349
187,1178,1170,2348
187,1178,1170,2348
187,1178,1171,2349
187,1178,1171,2349
187,1177,1171,2348
187,1177,1171,2348
187,1177,1171,2348
187,1177,1170,2347
187,1176,1170,2346
187,1175,1170,2345
187,1175,1169,2344
187,1175,1169,2344
187,1176,1169,2345
187,1176,1169,2345
187,1176,1170,2346
187,1176,1169,2345
187,1176,1169,2345
187,1176,1170,2346
187,1176,1169,2345
187,1176,1169,2345
187,1176,1169,2345
187,1176,1170,2346
187,1176,1170,2346
187,1177,1170,2347
187,1177,1170,2347
187,1178,1170,2348
187,1178,1170,2348
187,1178,1171,2349
187,1178,1171,2349
187,1178,1171,2349
187,1179,1171,2350
187,1179,1171,2350
187,1179,1171,2350
187,1179,1172,2351
187,1179,1172,2351
188,1179,1173,2352
188,1179,1173,2352
188,1180,1173,2353
188,1180,1173,2353
188,1180,1173,2353
188,1180,1173,2353
188,1180,1174,2354
188,1180,1173,2353
188,1180,1173,2353
188,1181,1173,2354
188,1181,1172,2353
188,1181,1172,2353
188,1182,1172,2354
188,1182,1172,2354
188,1183,1172,2355
188,1183,1172,2355
188,1184,1172,2356
188,1184,1172,2356
188,1184,1172,2356
188,1184,1173,2357
188,1184,1173,2357
188,1185,1173,2358
188,1185,1173,2358
188,1186,1173,2359
188,1186,1173,2359
188,1187,1173,2360
188,1187,1173,2360
188,1187,1173,2360
188,1188,1173,2361
188,1188,1173,2361
188,1189,1173,2362
188,1189,1173,2362
188,1189,1173,2362
188,1188,1173,2361
188,1188,1173,2361
188,1188,1174,2362
188,1187,1174,2361
188,1187,1174,2361
188,1188,1174,2362
188,1188,1174,2362
188,1188,1174,2362
188,1188,1175,2363
188,1188,1175,2363
188,1188,1176,2364
188,1188,1176,2364
188,1189,1176,2365
188,1189,1176,2365
188,1189,1177,2366
188,1189,1176,2365
188,1189,1175,2364
188,1189,1175,2364
188,1189,1176,2365
188,1189,1176,2365
188,1190,1176,2366
188,1190,1176,2366
188,1190,1177,2367
188,1190,1177,2367
188,1190,1177,2367
188,1190,1178,2368
188,1190,1178,2368
188,1190,1178,2368
188,1190,1178,2368
188,1190,1179,2369
188,1189,1179,2368
188,1189,1179,2368
188,1190,1179,2369
188,1190,1179,2369
188,1190,1180,2370
188,1190,1179,2369
188,1190,1178,2368
188,1190,1178,2368
188,1190,1178,2368
188,1190,1179,2369
188,1189,1179,2368
188,1189,1179,2368
188,1190,1179,2369
188,1190,1178,2368
188,1190,1178,2368
188,1190,1179,2369
188,1190,1179,2369
188,1190,1179,2369
188,1190,1180,2370
188,1190,1180,2370
188,1191,1180,2371
188,1191,1180,2371
188,1191,1180,2371
188,1191,1181,2372
188,1191,1181,2372
188,1191,1181,2372
188,1191,1181,2372
188,1192,1181,2373
188,1192,1181,2373
188,1192,1181,2373
188,1192,1181,2373
188,1192,1182,2374
188,1192,1182,2374
188,1192,1183,2375
188,1192,1183,2375
188,1192,1184,2376
188,1192,1184,2376
188,1193,1184,2377
188,1193,1184,2377
188,1193,1185,2378
188,1193,1185,2378
188,1194,1185,2379
188,1194,1185,2379
188,1194,1186,2380
188,1194,1186,2380
188,1195,1186,2381
188,1195,1186,2381
188,1195,1186,2381
188,1195,1187,2382
188,1195,1187,2382
188,1196,1187,2383
188,1196,1187,2383
188,1196,1188,2384
188,1196,1188,2384
188,1196,1189,2385
188,1196,1189,2385
188,1197,1189,2386
188,1197,1189,2386
188,1197,1190,2387
188,1197,1190,2387
188,1197,1190,2387
188,1197,1190,2387
188,1198,1190,2388
188,1198,1190,2388
188,1198,1190,2388
188,1198,1190,2388
188,1198,1191,2389
188,1198,1191,2389
188,1199,1191,2390
188,1199,1191,2390
188,1200,1191,2391
188,1200,1191,2391
188,1200,1192,2392
188,1200,1192,2392
188,1200,1192,2392
188,1199,1192,2391
188,1199,1191,2390
188,1199,1191,2390
188,1199,1192,2391
188,1199,1192,2391
188,1199,1192,2391
188,1199,1192,2391
188,1199,1193,2392
188,1199,1193,2392
188,1200,1193,2393
188,1200,1193,2393
188,1201,1193,2394
188,1200,1193,2393
188,1200,1193,2393
188,1201,1193,2394
188,1200,1193,2393
188,1199,1193,2392
188,1199,1193,2392
188,1198,1193,2391
188,1198,1193,2391
188,1198,1192,2390
188,1198,1192,2390
188,1198,1193,2391
188,1198,1193,2391
188,1198,1193,2391
188,1198,1193,2391
188,1198,1194,2392
188,1198,1194,2392
188,1198,1194,2392
188,1198,1195,2393
188,1198,1195,2393
188,1199,1195,2394
188,1199,1194,2393
188,1199,1194,2393
188,1199,1194,2393
188,1198,1194,2392
188,1198,1194,2392
188,1199,1194,2393
188,1199,1194,2393
188,1199,1195,2394
188,1199,1195,2394
188,1199,1195,2394
188,1199,1196,2395
188,1199,1196,2395
188,1199,1197,2396
188,1199,1197,2396
188,1199,1197,2396
188,1200,1197,2397
188,1200,1196,2396
188,1200,1196,2396
188,1200,1197,2397
188,1200,1197,2397
188,1200,1198,2398
188,1199,1198,2397
188,1199,1198,2397
188,1199,1198,2397
188,1199,1199,2398
188,1199,1199,2398
188,1199,1198,2397
188,1199,1197,2396
188,1199,1197,2396
188,1200,1197,2397
188,1200,1196,2396
188,1200,1196,2396
188,1200,1197,2397
188,1200,1197,2397
188,1200,1197,2397
188,1200,1197,2397
188,1200,1198,2398
188,1200,1198,2398
188,1201,1198,2399
188,1201,1198,2399
188,1201,1198,2399
188,1201,1198,2399
188,1201,1198,2399
188,1201,1198,2399
188,1202,1198,2400
188,1201,1198,2399
188,1201,1198,2399
188,1201,1199,2400
188,1201,1199,2400
188,1202,1199,2401
188,1202,1199,2401
188,1202,1199,2401
188,1203,1199,2402
188,1203,1199,2402
188,1203,1200,2403
188,1202,1200,2402
188,1202,1200,2402
188,1202,1199,2401
188,1201,1199,2400
188,1201,1199,2400
188,1201,1199,2400
188,1202,1199,2401
188,1202,1199,2401
188,1202,1199,2401
188,1202,1200,2402
188,1202,1200,2402
188,1202,1201,2403
188,1201,1201,2402
188,1201,1201,2402
188,1201,1202,2403
188,1201,1202,2403
188,1202,1202,2404
188,1202,1202,2404
188,1202,1202,2404
188,1202,1201,2403
188,1202,1201,2403
188,1202,1201,2403
188,1202,1202,2404
188,1202,1202,2404
188,1202,1203,2405
188,1202,1203,2405
188,1202,1203,2405
188,1202,1204,2406
188,1202,1204,2406
188,1203,1204,2407
188,1203,1204,2407
188,1203,1204,2407
188,1203,1205,2408
188,1202,1205,2407
188,1202,1205,2407
188,1202,1206,2408
188,1202,1206,2408
188,1202,1207,2409
188,1202,1207,2409
188,1202,1208,2410
188,1202,1207,2409
188,1202,1207,2409
188,1203,1207,2410
188,1203,1207,2410
188,1204,1207,2411
188,1204,1206,2410
188,1204,1206,2410
188,1204,1207,2411
188,1204,1207,2411
188,1205,1207,2412
188,1205,1207,2412
188,1206,1207,2413
188,1206,1207,2413
188,1207,1207,2414
188,1207,1207,2414
188,1207,1207,2414
188,1207,1208,2415
188,1207,1208,2415
188,1208,1208,2416
188,1208,1208,2416
188,1209,1208,2417
188,1209,1208,2417
188,1209,1208,2417
188,1210,1208,2418
188,1210,1208,2418
188,1210,1209,2419
188,1210,1209,2419
189,1210,1210,2420
189,1209,1210,2419
189,1209,1210,2419
189,1209,1210,2419
189,1209,1211,2420
189,1209,1211,2420
189,1210,1211,2421
189,1210,1211,2421
189,1210,1212,2422
189,1210,1212,2422
189,1210,1212,2422
189,1210,1212,2422
189,1210,1213,2423
189,1210,1213,2423
189,1210,1214,2424
189,1210,1214,2424
189,1210,1215,2425
189,1210,1215,2425
189,1210,1215,2425
189,1210,1215,2425
189,1211,1215,2426
189,1211,1215,2426
189,1211,1215,2426
189,1211,1215,2426
189,1211,1214,2425
189,1211,1214,2425
189,1211,1214,2425
189,1211,1214,2425
189,1211,1215,2426
189,1211,1215,2426
189,1211,1216,2427
189,1211,1216,2427
189,1212,1216,2428
189,1212,1216,2428
189,1212,1217,2429
189,1212,1217,2429
189,1212,1217,2429
189,1212,1218,2430
189,1211,1218,2429
189,1211,1218,2429
189,1211,1218,2429
189,1212,1218,2430
189,1212,1218,2430
189,1212,1218,2430
189,1212,1218,2430
189,1212,1219,2431
189,1212,1218,2430
189,1212,1218,2430
189,1212,1219,2431
189,1212,1219,2431
189,1213,1219,2432
189,1213,1219,2432
189,1213,1219,2432
189,1214,1219,2433
189,1214,1219,2433
189,1215,1219,2434
189,1215,1218,2433
189,1215,1218,2433
189,1216,1218,2434
189,1216,1218,2434
189,1217,1218,2435
189,1217,1218,2435
189,1217,1219,2436
189,1217,1219,2436
189,1217,1220,2437
189,1217,1220,2437
189,1218,1220,2438
189,1218,1220,2438
189,1219,1220,2439
189,1219,1220,2439
189,1219,1221,2440
189,1219,1221,2440
189,1219,1221,2440
189,1219,1221,2440
189,1219,1222,2441
189,1219,1222,2441
189,1219,1222,2441
189,1218,1222,2440
189,1218,1222,2440
189,1218,1222,2440
189,1218,1222,2440
189,1219,1222,2441
189,1219,1222,2441
189,1219,1222,2441
189,1220,1222,2442
189,1220,1222,2442
189,1221,1222,2443
189,1221,1222,2443
189,1221,1222,2443
189,1222,1222,2444
189,1222,1221,2443
189,1222,1221,2443
189,1223,1221,2444
189,1222,1221,2443
189,1222,1221,2443
189,1222,1221,2443
189,1222,1222,2444
189,1222,1222,2444
189,1223,1222,2445
189,1223,1222,2445
189,1224,1222,2446
189,1224,1222,2446
189,1224,1223,2447
189,1224,1223,2447
189,1224,1223,2447
189,1224,1224,2448
189,1223,1224,2447
189,1223,1224,2447
189,1224,1224,2448
189,1224,1223,2447
189,1223,1223,2446
189,1223,1223,2446
189,1224,1223,2447
189,1224,1223,2447
189,1225,1223,2448
189,1225,1223,2448
189,1225,1223,2448
189,1225,1224,2449
189,1225,1224,2449
189,1225,1225,2450
189,1225,1225,2450
189,1226,1225,2451
189,1226,1225,2451
189,1226,1226,2452
189,1226,1226,2452
189,1227,1226,2453
189,1227,1226,2453
189,1227,1227,2454
189,1227,1227,2454
189,1228,1227,2455
189,1228,1227,2455
189,1229,1227,2456
189,1229,1227,2456
189,1229,1228,2457
189,1229,1228,2457
189,1229,1229,2458
189,1229,1229,2458
189,1230,1229,2459
189,1230,1228,2458
189,1230,1228,2458
189,1230,1229,2459
189,1230,1229,2459
189,1231,1229,2460
189,1231,1229,2460
189,1232,1229,2461
189,1232,1229,2461
189,1232,1229,2461
189,1232,1230,2462
189,1231,1230,2461
189,1231,1230,2461
189,1232,1230,2462
189,1232,1230,2462
189,1232,1231,2463
189,1232,1231,2463
189,1232,1231,2463
189,1232,1232,2464
189,1232,1232,2464
189,1233,1232,2465
189,1233,1232,2465
189,1233,1233,2466
189,1233,1232,2465
189,1233,1232,2465
189,1233,1232,2465
189,1234,1232,2466
189,1234,1232,2466
189,1234,1232,2466
189,1234,1232,2466
189,1235,1232,2467
189,1235,1231,2466
189,1235,1231,2466
189,1235,1231,2466
189,1235,1232,2467
189,1235,1232,2467
189,1235,1232,2467
189,1235,1233,2468
189,1235,1233,2468
189,1236,1233,2469
189,1236,1233,2469
189,1236,1233,2469
189,1236,1233,2469
189,1236,1233,2469
189,1237,1233,2470
189,1237,1233,2470
189,1237,1234,2471
189,1237,1234,2471
189,1238,1234,2472
189,1238,1234,2472
189,1238,1235,2473
189,1237,1235,2472
189,1237,1234,2471
189,1237,1234,2471
189,1237,1234,2471
189,1237,1234,2471
189,1237,1235,2472
189,1237,1235,2472
189,1236,1235,2471
189,1236,1235,2471
189,1236,1235,2471
189,1236,1236,2472
189,1236,1236,2472
189,1236,1237,2473
189,1236,1236,2472
189,1236,1236,2472
189,1236,1236,2472
189,1236,1236,2472
189,1236,1237,2473
189,1236,1237,2473
189,1236,1237,2473
189,1236,1237,2473
189,1237,1237,2474
189,1237,1237,2474
189,1238,1237,2475
189,1238,1236,2474
189,1238,1236,2474
189,1238,1236,2474
189,1238,1237,2475
189,1238,1237,2475
189,1238,1238,2476
189,1238,1238,2476
189,1238,1238,2476
189,1238,1239,2477
189,1238,1239,2477
189,1237,1239,2476
189,1237,1239,2476
189,1237,1238,2475
189,1237,1238,2475
189,1237,1237,2474
189,1237,1237,2474
189,1238,1237,2475
189,1238,1237,2475
189,1238,1236,2474
189,1238,1236,2474
189,1239,1236,2475
189,1239,1236,2475
189,1240,1236,2476
189,1239,1236,2475
189,1239,1236,2475
189,1240,1236,2476
189,1240,1236,2476
189,1240,1237,2477
189,1239,1237,2476
189,1239,1237,2476
189,1239,1238,2477
189,1239,1238,2477
189,1239,1239,2478
189,1239,1238,2477
189,1239,1238,2477
189,1239,1237,2476
189,1239,1237,2476
189,1239,1237,2476
189,1239,1238,2477
189,1239,1238,2477
189,1239,1239,2478
189,1239,1239,2478
189,1239,1240,2479
189,1239,1239,2478
189,1239,1239,2478
189,1239,1238,2477
189,1239,1238,2477
189,1240,1238,2478
189,1240,1238,2478
189,1241,1238,2479
189,1241,1238,2479
189,1241,1238,2479
189,1241,1238,2479
189,1241,1239,2480
189,1241,1239,2480
189,1241,1239,2480
189,1242,1239,2481
189,1242,1239,2481
189,1242,1240,2482
189,1242,1240,2482
189,1243,1240,2483
189,1243,1239,2482
189,1243,1239,2482
190,1243,1240,2483
190,1243,1240,2483
190,1244,1240,2484
190,1244,1240,2484
190,1243,1240,2483
190,1243,1240,2483
190,1242,1240,2482
190,1242,1240,2482
190,1243,1240,2483
190,1243,1240,2483
190,1243,1241,2484
190,1243,1241,2484
190,1243,1242,2485
190,1243,1242,2485
190,1244,1242,2486
190,1244,1241,2485
190,1244,1241,2485
190,1245,1241,2486
190,1245,1241,2486
190,1245,1242,2487
190,1244,1242,2486
190,1244,1242,2486
190,1245,1242,2487
190,1245,1242,2487
190,1245,1242,2487
190,1245,1243,2488
190,1245,1243,2488
190,1245,1244,2489
190,1245,1244,2489
190,1245,1244,2489
190,1246,1244,2490
190,1246,1243,2489
190,1246,1243,2489
190,1247,1243,2490
190,1247,1243,2490
190,1246,1243,2489
190,1246,1243,2489
190,1246,1243,2489
190,1246,1244,2490
190,1246,1244,2490
190,1247,1244,2491
190,1247,1244,2491
190,1247,1245,2492
190,1247,1245,2492
190,1247,1245,2492
190,1247,1246,2493
190,1247,1246,2493
190,1247,1246,2493
190,1247,1246,2493
190,1247,1247,2494
190,1246,1247,2493
190,1246,1247,2493
190,1246,1248,2494
190,1246,1247,2493
190,1246,1247,2493
190,1246,1248,2494
190,1246,1248,2494
190,1246,1249,2495
190,1246,1249,2495
190,1246,1250,2496
190,1246,1250,2496
190,1246,1251,2497
190,1246,1251,2497
190,1246,1251,2497
190,1246,1251,2497
190,1246,1252,2498
190,1246,1252,2498
190,1246,1252,2498
190,1247,1252,2499
190,1247,1252,2499
190,1247,1252,2499
190,1247,1252,2499
190,1247,1253,2500
190,1247,1253,2500
190,1247,1254,2501
190,1247,1254,2501
190,1247,1254,2501
190,1247,1255,2502
190,1247,1255,2502
190,1247,1256,2503
190,1247,1256,2503
190,1247,1256,2503
190,1247,1256,2503
190,1248,1256,2504
190,1248,1256,2504
190,1248,1257,2505
190,1248,1257,2505
190,1249,1257,2506
190,1249,1256,2505
190,1248,1256,2504
190,1248,1256,2504
190,1249,1256,2505
190,1249,1255,2504
190,1249,1255,2504
190,1249,1255,2504
190,1249,1256,2505
190,1249,1256,2505
190,1248,1256,2504
190,1248,1256,2504
190,1248,1256,2504
190,1248,1256,2504
190,1248,1256,2504
190,1249,1256,2505
190,1249,1256,2505
190,1250,1256,2506
190,1250,1256,2506
190,1250,1256,2506
190,1250,1256,2506
190,1250,1257,2507
190,1250,1257,2507
190,1251,1257,2508
190,1251,1257,2508
190,1252,1257,2509
190,1252,1257,2509
190,1252,1258,2510
190,1252,1258,2510
190,1252,1259,2511
190,1252,1258,2510
190,1252,1258,2510
190,1253,1258,2511
190,1253,1257,2510
190,1253,1257,2510
190,1254,1257,2511
190,1254,1257,2511
190,1255,1257,2512
190,1255,1257,2512
190,1255,1258,2513
190,1255,1258,2513
190,1255,1259,2514
190,1255,1259,2514
190,1256,1259,2515
190,1256,1259,2515
190,1256,1260,2516
190,1256,1260,2516
190,1257,1260,2517
190,1257,1260,2517
190,1257,1260,2517
190,1257,1260,2517
190,1257,1260,2517
190,1258,1260,2518
190,1258,1260,2518
190,1258,1260,2518
190,1258,1261,2519
190,1257,1261,2518
190,1257,1260,2517
190,1257,1260,2517
190,1257,1260,2517
190,1258,1260,2518
190,1258,1260,2518
190,1258,1261,2519
190,1258,1261,2519
190,1259,1261,2520
190,1259,1261,2520
190,1259,1262,2521
190,1259,1262,2521
190,1260,1262,2522
190,1260,1262,2522
190,1260,1263,2523
190,1260,1263,2523
190,1260,1263,2523
190,1261,1263,2524
190,1261,1263,2524
190,1261,1263,2524
190,1262,1263,2525
190,1262,1263,2525
190,1262,1263,2525
190,1263,1263,2526
190,1263,1263,2526
190,1263,1263,2526
190,1263,1263,2526
190,1262,1263,2525
190,1261,1263,2524
190,1261,1263,2524
190,1261,1264,2525
190,1261,1264,2525
190,1261,1265,2526
190,1261,1265,2526
190,1261,1265,2526
190,1261,1265,2526
190,1261,1265,2526
190,1261,1266,2527
190,1260,1266,2526
190,1260,1265,2525
190,1260,1265,2525
190,1260,1266,2526
190,1260,1266,2526
190,1260,1267,2527
190,1260,1267,2527
190,1260,1268,2528
190,1260,1268,2528
190,1261,1268,2529
190,1261,1267,2528
190,1260,1267,2527
190,1260,1267,2527
190,1261,1267,2528
190,1261,1267,2528
190,1261,1268,2529
190,1261,1268,2529
190,1261,1269,2530
190,1261,1268,2529
190,1261,1268,2529
190,1261,1268,2529
190,1261,1268,2529
190,1261,1268,2529
190,1262,1268,2530
190,1262,1267,2529
190,1262,1267,2529
190,1262,1267,2529
190,1262,1268,2530
190,1262,1268,2530
190,1262,1269,2531
190,1262,1269,2531
190,1263,1269,2532
190,1263,1269,2532
190,1264,1269,2533
190,1264,1269,2533
190,1265,1269,2534
190,1265,1269,2534
190,1266,1269,2535
190,1266,1269,2535
190,1266,1269,2535
190,1266,1270,2536
190,1265,1270,2535
190,1265,1270,2535
190,1265,1271,2536
190,1265,1271,2536
190,1265,1271,2536
190,1266,1271,2537
190,1266,1271,2537
190,1266,1270,2536
190,1266,1270,2536
190,1266,1271,2537
190,1266,1271,2537
190,1266,1272,2538
190,1266,1272,2538
190,1266,1273,2539
190,1266,1273,2539
190,1266,1273,2539
190,1266,1273,2539
190,1266,1274,2540
190,1266,1274,2540
190,1266,1275,2541
190,1266,1275,2541
190,1266,1276,2542
190,1266,1276,2542
190,1266,1277,2543
190,1266,1277,2543
190,1267,1277,2544
190,1267,1277,2544
190,1267,1278,2545
190,1267,1278,2545
190,1268,1278,2546
190,1268,1278,2546
190,1269,1278,2547
190,1269,1278,2547
190,1268,1278,2546
190,1268,1278,2546
190,1268,1279,2547
190,1268,1279,2547
190,1268,1280,2548
190,1268,1280,2548
190,1268,1280,2548
190,1269,1280,2549
190,1268,1280,2548
190,1268,1280,2548
190,1269,1280,2549
190,1269,1280,2549
190,1270,1280,2550
190,1270,1280,2550
190,1270,1281,2551
190,1270,1281,2551
190,1270,1282,2552
190,1270,1282,2552
190,1271,1282,2553
190,1271,1282,2553
190,1271,1282,2553
190,1272,1282,2554
190,1272,1282,2554
190,1272,1282,2554
190,1272,1282,2554
190,1272,1283,2555
190,1272,1283,2555
190,1272,1283,2555
190,1271,1283,2554
190,1271,1283,2554
190,1271,1283,2554
190,1272,1283,2555
190,1272,1283,2555
190,1272,1284,2556
190,1272,1284,2556
190,1273,1284,2557
190,1273,1283,2556
190,1273,1283,2556
190,1273,1284,2557
190,1273,1284,2557
190,1272,1284,2556
190,1272,1284,2556
190,1273,1284,2557
190,1273,1284,2557
190,1274,1284,2558
190,1274,1284,2558
190,1274,1285,2559
190,1274,1285,2559
190,1274,1286,2560
190,1274,1286,2560
190,1274,1287,2561
190,1274,1287,2561
190,1274,1288,2562
190,1274,1287,2561
190,1274,1286,2560
190,1274,1285,2559
190,1274,1285,2559
190,1274,1285,2559
190,1274,1286,2560
190,1274,1286,2560
190,1275,1286,2561
190,1275,1286,2561
190,1276,1286,2562
190,1276,1286,2562
190,1276,1287,2563
190,1276,1287,2563
190,1276,1286,2562
190,1276,1286,2562
190,1277,1286,2563
190,1277,1285,2562
190,1276,1285,2561
190,1276,1285,2561
190,1276,1286,2562
190,1276,1286,2562
190,1276,1286,2562
190,1277,1286,2563
190,1277,1286,2563
190,1277,1287,2564
190,1277,1287,2564
190,1277,1288,2565
190,1277,1288,2565
190,1277,1289,2566
190,1277,1289,2566
190,1277,1289,2566
190,1277,1289,2566
190,1277,1290,2567
190,1277,1290,2567
190,1278,1290,2568
190,1278,1290,2568
190,1279,1290,2569
190,1278,1290,2568
190,1278,1290,2568
190,1278,1291,2569
190,1277,1291,2568
190,1277,1291,2568
190,1278,1291,2569
190,1278,1291,2569
190,1278,1292,2570
190,1278,1292,2570
190,1279,1292,2571
190,1279,1292,2571
190,1280,1292,2572
190,1280,1292,2572
190,1281,1292,2573
190,1281,1292,2573
190,1281,1292,2573
190,1281,1292,2573
190,1281,1293,2574
190,1281,1292,2573
190,1281,1292,2573
190,1282,1292,2574
191,1282,1292,2574
191,1282,1292,2574
191,1282,1293,2575
191,1282,1293,2575
191,1283,1293,2576
191,1283,1293,2576
191,1283,1294,2577
191,1283,1293,2576
191,1283,1293,2576
191,1284,1293,2577
191,1284,1293,2577
191,1284,1293,2577
191,1285,1293,2578
191,1285,1292,2577
191,1285,1292,2577
191,1285,1293,2578
191,1285,1293,2578
191,1285,1294,2579
191,1285,1294,2579
191,1285,1294,2579
191,1284,1294,2578
191,1284,1293,2577
191,1284,1292,2576
191,1283,1292,2575
191,1283,1292,2575
191,1283,1293,2576
191,1283,1293,2576
191,1283,1293,2576
191,1282,1293,2575
191,1282,1293,2575
191,1282,1292,2574
191,1282,1292,2574
191,1282,1293,2575
191,1282,1293,2575
191,1282,1292,2574
191,1282,1292,2574
191,1283,1292,2575
191,1283,1292,2575
191,1283,1292,2575
191,1283,1291,2574
191,1283,1291,2574
191,1283,1291,2574
191,1283,1291,2574
191,1284,1291,2575
191,1284,1291,2575
191,1285,1291,2576
191,1285,1291,2576
191,1285,1291,2576
191,1285,1291,2576
191,1285,1291,2576
191,1286,1291,2577
191,1286,1291,2577
191,1286,1292,2578
191,1286,1292,2578
191,1287,1292,2579
191,1286,1292,2578
191,1286,1292,2578
191,1287,1292,2579
191,1286,1292,2578
191,1286,1292,2578
191,1286,1293,2579
191,1286,1293,2579
191,1286,1294,2580
191,1286,1294,2580
191,1287,1294,2581
191,1287,1294,2581
191,1287,1295,2582
191,1287,1295,2582
191,1288,1295,2583
191,1288,1295,2583
191,1289,1295,2584
191,1289,1295,2584
191,1289,1296,2585
191,1289,1296,2585
191,1289,1297,2586
191,1289,1297,2586
191,1290,1297,2587
191,1289,1297,2586
191,1288,1297,2585
191,1288,1297,2585
191,1288,1297,2585
191,1289,1297,2586
191,1289,1297,2586
191,1290,1297,2587
191,1290,1297,2587
191,1290,1297,2587
191,1291,1297,2588
191,1291,1297,2588
191,1291,1298,2589
191,1291,1298,2589
191,1292,1298,2590
191,1292,1298,2590
191,1292,1298,2590
191,1293,1298,2591
191,1293,1298,2591
191,1294,1298,2592
191,1294,1298,2592
191,1295,1298,2593
191,1295,1298,2593
191,1295,1299,2594
191,1295,1299,2594
191,1295,1300,2595
191,1295,1300,2595
191,1295,1300,2595
191,1295,1299,2594
191,1295,1299,2594
191,1296,1299,2595
191,1296,1299,2595
191,1296,1299,2595
191,1296,1300,2596
191,1296,1299,2595
191,1296,1299,2595
191,1296,1300,2596
191,1296,1299,2595
191,1296,1298,2594
191,1296,1298,2594
191,1296,1299,2595
191,1295,1299,2594
191,1295,1299,2594
191,1295,1300,2595
191,1295,1300,2595
191,1295,1300,2595
191,1295,1301,2596
191,1295,1301,2596
191,1295,1301,2596
191,1296,1301,2597
191,1296,1300,2596
191,1296,1300,2596
191,1295,1300,2595
191,1295,1300,2595
191,1296,1300,2596
191,1296,1300,2596
191,1296,1301,2597
191,1296,1301,2597
191,1296,1301,2597
191,1296,1301,2597
191,1296,1300,2596
191,1296,1300,2596
191,1296,1300,2596
191,1296,1300,2596
191,1297,1300,2597
191,1297,1300,2597
191,1298,1300,2598
191,1298,1300,2598
191,1298,1299,2597
191,1298,1299,2597
191,1298,1299,2597
191,1298,1299,2597
191,1298,1300,2598
191,1298,1300,2598
191,1298,1301,2599
191,1298,1301,2599
191,1298,1302,2600
191,1298,1302,2600
191,1298,1303,2601
191,1298,1303,2601
191,1298,1303,2601
191,1298,1304,2602
191,1298,1304,2602
191,1298,1304,2602
191,1299,1304,2603
191,1299,1304,2603
191,1299,1305,2604
191,1299,1305,2604
191,1300,1305,2605
191,1300,1305,2605
191,1301,1305,2606
191,1301,1305,2606
191,1301,1306,2607
191,1301,1306,2607
191,1301,1306,2607
191,1301,1307,2608
191,1301,1307,2608
191,1301,1308,2609
191,1301,1308,2609
191,1301,1309,2610
191,1301,1309,2610
191,1301,1310,2611
191,1301,1310,2611
191,1301,1311,2612
191,1301,1311,2612
191,1301,1311,2612
191,1302,1311,2613
191,1302,1311,2613
191,1302,1312,2614
191,1302,1312,2614
191,1303,1312,2615
191,1303,1312,2615
191,1304,1312,2616
191,1304,1312,2616
191,1304,1313,2617
191,1304,1313,2617
191,1304,1313,2617
191,1304,1313,2617
191,1304,1314,2618
191,1304,1314,2618
191,1305,1314,2619
191,1305,1314,2619
191,1306,1314,2620
191,1306,1314,2620
191,1306,1315,2621
191,1306,1315,2621
191,1307,1315,2622
191,1307,1315,2622
191,1308,1315,2623
191,1308,1315,2623
191,1309,1315,2624
191,1309,1315,2624
191,1310,1315,2625
191,1310,1315,2625
191,1310,1316,2626
191,1310,1316,2626
191,1310,1316,2626
191,1310,1316,2626
191,1311,1316,2627
191,1310,1316,2626
191,1310,1316,2626
191,1311,1316,2627
191,1311,1316,2627
191,1311,1317,2628
191,1311,1317,2628
191,1312,1317,2629
191,1311,1317,2628
191,1311,1317,2628
191,1311,1317,2628
191,1311,1318,2629
191,1310,1318,2628
191,1310,1318,2628
191,1310,1319,2629
191,1310,1319,2629
191,1311,1319,2630
191,1311,1318,2629
191,1311,1318,2629
191,1312,1318,2630
191,1312,1318,2630
191,1313,1318,2631
191,1313,1318,2631
191,1313,1319,2632
191,1313,1319,2632
191,1313,1319,2632
191,1313,1319,2632
191,1313,1320,2633
191,1313,1320,2633
191,1314,1320,2634
191,1314,1320,2634
191,1314,1321,2635
191,1314,1321,2635
191,1314,1321,2635
191,1315,1321,2636
191,1315,1321,2636
191,1315,1322,2637
191,1315,1322,2637
191,1315,1323,2638
191,1315,1323,2638
191,1315,1323,2638
191,1315,1324,2639
191,1315,1324,2639
191,1315,1324,2639
191,1316,1324,2640
191,1316,1324,2640
191,1316,1324,2640
191,1316,1324,2640
191,1316,1324,2640
191,1317,1324,2641
191,1317,1324,2641
191,1317,1324,2641
191,1317,1324,2641
191,1317,1324,2641
191,1317,1325,2642
191,1317,1325,2642
191,1318,1325,2643
191,1318,1325,2643
191,1319,1325,2644
191,1319,1325,2644
191,1320,1325,2645
191,1320,1325,2645
191,1320,1326,2646
191,1319,1326,2645
191,1319,1326,2645
191,1319,1326,2645
191,1319,1327,2646
191,1319,1327,2646
191,1319,1328,2647
191,1319,1328,2647
191,1319,1327,2646
191,1319,1327,2646
191,1319,1327,2646
191,1320,1327,2647
191,1320,1327,2647
191,1321,1327,2648
191,1321,1327,2648
191,1322,1327,2649
191,1322,1327,2649
191,1322,1327,2649
191,1323,1327,2650
191,1323,1327,2650
191,1323,1327,2650
191,1323,1328,2651
191,1323,1328,2651
191,1323,1329,2652
191,1323,1328,2651
191,1323,1328,2651
191,1323,1328,2651
191,1324,1328,2652
191,1324,1327,2651
191,1324,1327,2651
191,1325,1327,2652
191,1325,1327,2652
191,1326,1327,2653
191,1326,1327,2653
191,1326,1328,2654
192,1326,1328,2654
192,1325,1328,2653
192,1325,1328,2653
192,1325,1329,2654
192,1325,1329,2654
192,1326,1329,2655
192,1326,1329,2655
192,1326,1329,2655
192,1326,1330,2656
192,1326,1329,2655
192,1326,1329,2655
192,1326,1330,2656
192,1326,1330,2656
192,1327,1330,2657
192,1327,1330,2657
192,1327,1330,2657
192,1327,1329,2656
192,1327,1329,2656
192,1328,1329,2657
192,1327,1329,2656
192,1327,1329,2656
192,1327,1330,2657
192,1327,1330,2657
192,1328,1330,2658
192,1328,1330,2658
192,1329,1330,2659
192,1329,1330,2659
192,1329,1331,2660
192,1329,1331,2660
192,1329,1332,2661
192,1328,1332,2660
192,1328,1332,2660
192,1329,1332,2661
192,1329,1332,2661
192,1329,1333,2662
192,1329,1333,2662
192,1329,1334,2663
192,1329,1334,2663
192,1329,1335,2664
192,1329,1334,2663
192,1329,1334,2663
192,1329,1335,2664
192,1329,1335,2664
192,1329,1336,2665
192,1329,1336,2665
192,1329,1337,2666
192,1329,1337,2666
192,1330,1337,2667
192,1330,1337,2667
192,1330,1338,2668
192,1330,1338,2668
192,1331,1338,2669
192,1331,1338,2669
192,1331,1338,2669
192,1331,1338,2669
192,1331,1337,2668
192,1331,1337,2668
192,1332,1337,2669
192,1331,1337,2668
192,1331,1337,2668
192,1332,1337,2669
192,1332,1337,2669
192,1332,1337,2669
192,1332,1337,2669
192,1333,1337,2670
192,1333,1337,2670
192,1332,1337,2669
192,1332,1337,2669
192,1333,1337,2670
192,1333,1337,2670
192,1334,1337,2671
192,1334,1337,2671
192,1334,1338,2672
192,1334,1338,2672
192,1334,1338,2672
192,1334,1338,2672
192,1335,1338,2673
192,1335,1338,2673
192,1335,1338,2673
192,1335,1338,2673
192,1336,1338,2674
192,1336,1338,2674
192,1336,1339,2675
192,1336,1339,2675
192,1336,1339,2675
192,1337,1339,2676
192,1337,1339,2676
192,1338,1339,2677
192,1338,1339,2677
192,1339,1339,2678
192,1338,1339,2677
192,1337,1339,2676
192,1337,1339,2676
192,1338,1339,2677
192,1338,1339,2677
192,1338,1339,2677
192,1337,1339,2676
192,1337,1339,2676
192,1337,1339,2676
192,1337,1340,2677
192,1337,1340,2677
192,1338,1340,2678
192,1338,1340,2678
192,1338,1341,2679
192,1338,1341,2679
192,1338,1342,2680
192,1338,1342,2680
192,1338,1343,2681
192,1338,1343,2681
192,1339,1343,2682
192,1339,1343,2682
192,1338,1343,2681
192,1337,1343,2680
192,1337,1343,2680
192,1337,1343,2680
192,1337,1344,2681
192,1337,1344,2681
192,1338,1344,2682
192,1338,1344,2682
192,1338,1345,2683
192,1338,1345,2683
192,1338,1346,2684
192,1338,1345,2683
192,1338,1345,2683
192,1339,1345,2684
192,1339,1345,2684
192,1340,1345,2685
192,1340,1345,2685
192,1341,1345,2686
192,1341,1345,2686
192,1342,1345,2687
192,1342,1344,2686
192,1342,1344,2686
192,1342,1345,2687
192,1342,1345,2687
192,1342,1345,2687
192,1342,1346,2688
192,1342,1346,2688
192,1343,1346,2689
192,1343,1346,2689
192,1343,1346,2689
192,1342,1346,2688
192,1342,1346,2688
192,1343,1346,2689
192,1343,1346,2689
192,1344,1346,2690
192,1344,1346,2690
192,1344,1346,2690
192,1343,1346,2689
192,1343,1346,2689
192,1344,1346,2690
192,1343,1346,2689
192,1343,1346,2689
192,1343,1346,2689
192,1344,1346,2690
192,1344,1346,2690
192,1345,1346,2691
192,1345,1346,2691
192,1345,1347,2692
192,1345,1347,2692
192,1346,1347,2693
192,1346,1347,2693
192,1347,1347,2694
192,1347,1347,2694
192,1347,1348,2695
192,1347,1348,2695
192,1348,1348,2696
192,1348,1348,2696
192,1348,1349,2697
192,1348,1349,2697
192,1349,1349,2698
192,1349,1349,2698
192,1349,1350,2699
192,1349,1350,2699
192,1349,1350,2699
192,1350,1350,2700
192,1350,1350,2700
192,1350,1350,2700
192,1350,1351,2701
192,1350,1351,2701
192,1350,1352,2702
192,1350,1352,2702
192,1349,1352,2701
192,1349,1352,2701
192,1350,1352,2702
192,1350,1352,2702
192,1350,1352,2702
192,1350,1353,2703
192,1350,1353,2703
192,1350,1353,2703
192,1350,1354,2704
192,1350,1354,2704
192,1350,1355,2705
192,1350,1355,2705
192,1350,1356,2706
192,1350,1355,2705
192,1350,1355,2705
192,1351,1355,2706
192,1351,1354,2705
192,1351,1354,2705
192,1351,1355,2706
192,1351,1355,2706
192,1350,1355,2705
192,1350,1355,2705
192,1351,1355,2706
192,1351,1355,2706
192,1351,1355,2706
192,1351,1355,2706
192,1352,1355,2707
192,1352,1355,2707
192,1353,1355,2708
192,1353,1354,2707
192,1353,1354,2707
192,1353,1354,2707
192,1353,1354,2707
192,1353,1354,2707
192,1354,1354,2708
192,1354,1354,2708
192,1355,1354,2709
192,1355,1354,2709
192,1355,1354,2709
192,1356,1354,2710
192,1356,1354,2710
192,1356,1355,2711
192,1356,1355,2711
192,1357,1355,2712
192,1357,1355,2712
192,1358,1355,2713
192,1357,1355,2712
192,1357,1355,2712
192,1357,1355,2712
192,1357,1356,2713
192,1357,1356,2713
192,1357,1357,2714
192,1357,1357,2714
192,1357,1358,2715
192,1357,1358,2715
192,1357,1358,2715
192,1356,1358,2714
192,1356,1357,2713
192,1356,1356,2712
192,1356,1356,2712
192,1356,1357,2713
192,1356,1356,2712
192,1356,1356,2712
192,1356,1357,2713
192,1356,1357,2713
192,1356,1356,2712
192,1356,1356,2712
192,1356,1357,2713
192,1356,1357,2713
192,1356,1356,2712
192,1356,1356,2712
192,1356,1356,2712
192,1356,1355,2711
192,1356,1355,2711
192,1356,1355,2711
192,1356,1355,2711
192,1357,1355,2712
192,1357,1355,2712
192,1357,1355,2712
192,1357,1355,2712
192,1357,1355,2712
192,1357,1356,2713
192,1356,1356,2712
192,1356,1356,2712
192,1356,1356,2712
192,1356,1355,2711
192,1355,1355,2710
192,1355,1355,2710
192,1355,1355,2710
192,1355,1356,2711
192,1355,1355,2710
192,1355,1355,2710
192,1355,1356,2711
192,1355,1356,2711
192,1355,1356,2711
192,1355,1357,2712
192,1355,1357,2712
192,1355,1358,2713
192,1355,1358,2713
192,1356,1358,2714
192,1356,1358,2714
192,1357,1358,2715
192,1357,1358,2715
192,1357,1358,2715
192,1358,1358,2716
192,1358,1358,2716
192,1358,1358,2716
192,1358,1359,2717
192,1358,1358,2716
192,1358,1358,2716
192,1359,1358,2717
192,1359,1358,2717
192,1359,1359,2718
192,1359,1359,2718
192,1360,1359,2719
192,1360,1359,2719
192,1360,1360,2720
192,1360,1360,2720
192,1360,1361,2721
192,1360,1360,2720
192,1360,1360,2720
192,1360,1361,2721
192,1360,1361,2721
192,1360,1361,2721
192,1360,1362,2722
192,1360,1362,2722
192,1360,1362,2722
192,1361,1362,2723
192,1361,1361,2722
192,1361,1361,2722
192,1361,1362,2723
192,1361,1362,2723
192,1362,1362,2724
192,1362,1362,2724
192,1362,1362,2724
192,1362,1363,2725
192,1362,1363,2725
192,1361,1363,2724
192,1361,1363,2724
192,1362,1363,2725
192,1362,1363,2725
192,1362,1364,2726
192,1362,1364,2726
192,1363,1364,2727
192,1363,1364,2727
192,1363,1363,2726
192,1363,1363,2726
192,1364,1363,2727
192,1364,1363,2727
192,1365,1363,2728
192,1365,1363,2728
192,1365,1364,2729
192,1365,1364,2729
192,1365,1365,2730
192,1365,1365,2730
192,1365,1365,2730
192,1365,1365,2730
192,1365,1366,2731
192,1365,1366,2731
192,1365,1366,2731
192,1365,1367,2732
192,1365,1367,2732
192,1366,1367,2733
192,1366,1367,2733
192,1366,1367,2733
192,1367,1367,2734
192,1367,1367,2734
192,1367,1368,2735
192,1367,1368,2735
192,1368,1368,2736
192,1368,1368,2736
192,1368,1368,2736
192,1368,1368,2736
192,1369,1368,2737
192,1368,1368,2736
192,1368,1368,2736
192,1368,1368,2736
192,1369,1368,2737
192,1369,1368,2737
192,1368,1368,2736
192,1367,1368,2735
192,1367,1368,2735
192,1367,1369,2736
192,1367,1369,2736
192,1367,1369,2736
192,1367,1370,2737
192,1367,1370,2737
192,1368,1370,2738
193,1368,1370,2738
193,1368,1370,2738
193,1368,1371,2739
193,1368,1371,2739
193,1369,1371,2740
193,1369,1371,2740
193,1368,1371,2739
193,1367,1371,2738
193,1367,1371,2738
193,1367,1372,2739
193,1367,1372,2739
193,1367,1373,2740
193,1367,1373,2740
193,1368,1373,2741
193,1368,1373,2741
193,1369,1373,2742
193,1369,1372,2741
193,1369,1372,2741
193,1370,1372,2742
193,1370,1372,2742
193,1370,1372,2742
193,1370,1373,2743
193,1370,1373,2743
193,1371,1373,2744
193,1371,1373,2744
193,1371,1373,2744
193,1371,1374,2745
193,1371,1374,2745
193,1372,1374,2746
193,1372,1374,2746
193,1373,1374,2747
193,1373,1374,2747
193,1373,1375,2748
193,1373,1375,2748
193,1373,1375,2748
193,1374,1375,2749
193,1374,1375,2749
193,1375,1375,2750
193,1375,1375,2750
193,1376,1375,2751
193,1376,1375,2751
193,1376,1376,2752
193,1376,1376,2752
193,1376,1376,2752
193,1377,1376,2753
193,1377,1376,2753
193,1378,1376,2754
193,1377,1376,2753
193,1377,1376,2753
193,1376,1376,2752
193,1375,1376,2751
193,1375,1376,2751
193,1375,1376,2751
193,1376,1376,2752
193,1376,1376,2752
193,1376,1376,2752
193,1376,1376,2752
193,1377,1376,2753
193,1377,1376,2753
193,1377,1376,2753
193,1377,1377,2754
193,1377,1377,2754
193,1378,1377,2755
193,1378,1376,2754
193,1378,1376,2754
193,1377,1376,2753
193,1377,1376,2753
193,1377,1377,2754
193,1377,1377,2754
193,1377,1378,2755
193,1377,1378,2755
193,1377,1378,2755
193,1378,1378,2756
193,1378,1378,2756
193,1378,1379,2757
193,1378,1379,2757
193,1378,1378,2756
193,1378,1378,2756
193,1379,1378,2757
193,1379,1378,2757
193,1379,1377,2756
193,1378,1377,2755
193,1378,1377,2755
193,1378,1377,2755
193,1378,1377,2755
193,1379,1377,2756
193,1379,1377,2756
193,1379,1377,2756
193,1380,1377,2757
193,1380,1377,2757
193,1380,1378,2758
193,1380,1378,2758
193,1381,1378,2759
193,1381,1378,2759
193,1382,1378,2760
193,1381,1378,2759
193,1380,1378,2758
193,1380,1378,2758
193,1381,1378,2759
193,1381,1378,2759
193,1381,1378,2759
193,1381,1378,2759
193,1381,1379,2760
193,1381,1379,2760
193,1381,1379,2760
193,1381,1380,2761
193,1381,1380,2761
193,1380,1380,2760
193,1380,1380,2760
193,1381,1380,2761
193,1381,1380,2761
193,1381,1380,2761
193,1381,1381,2762
193,1381,1381,2762
193,1381,1381,2762
193,1381,1382,2763
193,1381,1382,2763
193,1382,1382,2764
193,1382,1382,2764
193,1383,1382,2765
193,1383,1381,2764
193,1383,1381,2764
193,1382,1381,2763
193,1382,1381,2763
193,1382,1382,2764
193,1381,1382,2763
193,1381,1381,2762
193,1381,1381,2762
193,1381,1382,2763
193,1381,1382,2763
193,1381,1383,2764
193,1381,1383,2764
193,1381,1383,2764
193,1381,1382,2763
193,1381,1382,2763
193,1382,1382,2764
193,1382,1382,2764
193,1383,1382,2765
193,1383,1382,2765
193,1383,1383,2766
193,1383,1383,2766
193,1383,1384,2767
193,1383,1383,2766
193,1383,1383,2766
193,1384,1383,2767
193,1384,1382,2766
193,1384,1382,2766
193,1384,1382,2766
193,1385,1382,2767
193,1385,1382,2767
193,1385,1382,2767
193,1385,1382,2767
193,1386,1382,2768
193,1386,1382,2768
193,1386,1383,2769
193,1386,1383,2769
193,1386,1384,2770
193,1386,1384,2770
193,1387,1384,2771
193,1387,1384,2771
193,1387,1384,2771
193,1387,1385,2772
193,1387,1385,2772
193,1387,1386,2773
193,1386,1386,2772
193,1386,1386,2772
193,1386,1386,2772
193,1386,1387,2773
193,1386,1387,2773
193,1386,1387,2773
193,1387,1387,2774
193,1387,1387,2774
193,1387,1387,2774
193,1387,1387,2774
193,1387,1388,2775
193,1387,1388,2775
193,1387,1389,2776
193,1387,1388,2775
193,1387,1387,2774
193,1387,1386,2773
193,1387,1386,2773
193,1387,1386,2773
193,1387,1387,2774
193,1387,1387,2774
193,1386,1387,2773
193,1386,1387,2773
193,1386,1388,2774
193,1386,1387,2773
193,1386,1387,2773
193,1387,1387,2774
193,1387,1387,2774
193,1387,1388,2775
193,1387,1388,2775
193,1388,1388,2776
193,1388,1388,2776
193,1388,1388,2776
193,1388,1389,2777
193,1388,1389,2777
193,1388,1390,2778
193,1388,1390,2778
193,1389,1390,2779
193,1389,1390,2779
193,1389,1390,2779
193,1389,1391,2780
193,1389,1391,2780
193,1389,1392,2781
193,1389,1392,2781
193,1390,1392,2782
193,1390,1392,2782
193,1390,1393,2783
193,1390,1393,2783
193,1391,1393,2784
193,1391,1392,2783
193,1391,1392,2783
193,1392,1392,2784
193,1392,1392,2784
193,1393,1392,2785
193,1393,1392,2785
193,1393,1392,2785
193,1393,1393,2786
193,1392,1393,2785
193,1392,1393,2785
193,1392,1393,2785
193,1392,1394,2786
193,1392,1394,2786
193,1392,1395,2787
193,1392,1395,2787
193,1393,1395,2788
193,1393,1395,2788
193,1393,1396,2789
193,1393,1395,2788
193,1393,1395,2788
193,1394,1395,2789
193,1394,1394,2788
193,1394,1394,2788
193,1394,1394,2788
193,1394,1394,2788
193,1395,1394,2789
193,1395,1394,2789
193,1395,1395,2790
193,1395,1395,2790
193,1394,1395,2789
193,1394,1395,2789
193,1394,1396,2790
193,1394,1396,2790
193,1394,1395,2789
193,1394,1395,2789
193,1395,1395,2790
193,1395,1395,2790
193,1395,1396,2791
193,1395,1396,2791
193,1395,1396,2791
193,1395,1396,2791
193,1395,1396,2791
193,1396,1396,2792
193,1396,1395,2791
193,1395,1395,2790
193,1395,1395,2790
193,1395,1396,2791
193,1395,1396,2791
193,1396,1396,2792
193,1396,1396,2792
193,1396,1396,2792
193,1396,1396,2792
193,1396,1397,2793
193,1396,1396,2792
193,1396,1396,2792
193,1396,1397,2793
193,1396,1397,2793
193,1396,1397,2793
193,1396,1397,2793
193,1396,1396,2792
193,1396,1396,2792
193,1396,1396,2792
193,1396,1397,2793
193,1396,1397,2793
193,1397,1397,2794
193,1397,1397,2794
193,1398,1397,2795
193,1398,1396,2794
193,1398,1396,2794
193,1398,1397,2795
193,1397,1397,2794
193,1397,1397,2794
193,1397,1398,2795
193,1397,1398,2795
193,1398,1398,2796
193,1398,1398,2796
193,1399,1398,2797
193,1399,1398,2797
193,1399,1399,2798
193,1399,1399,2798
193,1399,1400,2799
193,1399,1400,2799
193,1399,1400,2799
193,1400,1400,2800
193,1400,1400,2800
193,1400,1400,2800
193,1401,1400,2801
193,1401,1400,2801
193,1401,1401,2802
193,1401,1401,2802
193,1402,1401,2803
193,1402,1401,2803
193,1402,1400,2802
193,1402,1400,2802
193,1402,1401,2803
193,1402,1401,2803
193,1403,1401,2804
193,1403,1401,2804
193,1403,1402,2805
193,1403,1402,2805
193,1403,1402,2805
193,1404,1402,2806
193,1404,1402,2806
193,1405,1402,2807
193,1405,1402,2807
193,1405,1402,2807
193,1405,1402,2807
193,1405,1402,2807
193,1406,1402,2808
193,1406,1402,2808
193,1406,1402,2808
193,1406,1403,2809
193,1406,1403,2809
194,1407,1403,2810
194,1407,1403,2810
194,1407,1404,2811
194,1407,1404,2811
194,1407,1405,2812
194,1406,1405,2811
194,1406,1404,2810
194,1406,1404,2810
194,1406,1404,2810
194,1407,1404,2811
194,1407,1404,2811
194,1407,1405,2812
194,1407,1404,2811
194,1407,1404,2811
194,1407,1404,2811
194,1408,1404,2812
194,1408,1404,2812
194,1409,1404,2813
194,1409,1404,2813
194,1409,1404,2813
194,1409,1405,2814
194,1409,1405,2814
194,1410,1405,2815
194,1410,1405,2815
194,1410,1405,2815
194,1410,1406,2816
194,1410,1406,2816
194,1410,1406,2816
194,1410,1405,2815
194,1410,1405,2815
194,1411,1405,2816
194,1411,1405,2816
194,1411,1405,2816
194,1412,1405,2817
194,1412,1405,2817
194,1412,1405,2817
194,1413,1405,2818
194,1413,1405,2818
194,1413,1406,2819
194,1413,1406,2819
194,1413,1406,2819
194,1414,1406,2820
194,1414,1406,2820
194,1414,1406,2820
194,1414,1407,2821
194,1414,1406,2820
194,1414,1406,2820
194,1414,1407,2821
194,1414,1406,2820
194,1414,1406,2820
194,1414,1407,2821
194,1414,1407,2821
194,1415,1407,2822
194,1415,1406,2821
194,1415,1406,2821
194,1415,1407,2822
194,1415,1407,2822
194,1415,1408,2823
194,1414,1408,2822
194,1414,1408,2822
194,1414,1408,2822
194,1414,1409,2823
194,1414,1409,2823
194,1415,1409,2824
194,1415,1409,2824
194,1415,1410,2825
194,1415,1410,2825
194,1415,1410,2825
194,1415,1410,2825
194,1415,1411,2826
194,1415,1411,2826
194,1415,1410,2825
194,1415,1410,2825
194,1416,1410,2826
194,1416,1410,2826
194,1416,1411,2827
194,1416,1410,2826
194,1416,1410,2826
194,1417,1410,2827
194,1417,1410,2827
194,1417,1411,2828
194,1417,1410,2827
194,1417,1409,2826
194,1417,1409,2826
194,1417,1409,2826
194,1418,1409,2827
194,1418,1409,2827
194,1418,1410,2828
194,1417,1410,2827
194,1417,1409,2826
194,1417,1409,2826
194,1417,1409,2826
194,1417,1410,2827
194,1417,1410,2827
194,1417,1410,2827
194,1418,1410,2828
194,1418,1410,2828
194,1418,1411,2829
194,1418,1411,2829
194,1417,1411,2828
194,1417,1411,2828
194,1417,1411,2828
194,1417,1412,2829
194,1417,1412,2829
194,1418,1412,2830
194,1418,1412,2830
194,1419,1412,2831
194,1419,1412,2831
194,1419,1412,2831
194,1420,1412,2832
194,1420,1412,2832
194,1421,1412,2833
194,1421,1412,2833
194,1421,1412,2833
194,1421,1413,2834
194,1421,1413,2834
194,1421,1413,2834
194,1421,1414,2835
194,1421,1414,2835
194,1421,1415,2836
194,1421,1415,2836
194,1421,1416,2837
194,1421,1416,2837
194,1421,1417,2838
194,1421,1417,2838
194,1422,1417,2839
194,1422,1416,2838
194,1422,1416,2838
194,1421,1416,2837
194,1421,1415,2836
194,1421,1415,2836
194,1421,1415,2836
194,1421,1416,2837
194,1421,1415,2836
194,1421,1415,2836
194,1422,1415,2837
194,1422,1415,2837
194,1422,1415,2837
194,1422,1416,2838
194,1422,1416,2838
194,1422,1416,2838
194,1422,1416,2838
194,1422,1417,2839
194,1422,1416,2838
194,1422,1416,2838
194,1423,1416,2839
194,1423,1416,2839
194,1423,1416,2839
194,1423,1416,2839
194,1424,1416,2840
194,1424,1416,2840
194,1424,1416,2840
194,1424,1416,2840
194,1424,1416,2840
194,1425,1416,2841
194,1425,1416,2841
194,1425,1416,2841
194,1425,1417,2842
194,1425,1416,2841
194,1425,1416,2841
194,1425,1417,2842
194,1425,1417,2842
194,1425,1416,2841
194,1425,1416,2841
194,1425,1417,2842
194,1425,1417,2842
194,1425,1417,2842
194,1425,1416,2841
194,1425,1416,2841
194,1426,1416,2842
194,1426,1415,2841
194,1426,1415,2841
194,1427,1415,2842
194,1427,1415,2842
194,1428,1415,2843
194,1428,1415,2843
194,1428,1415,2843
194,1428,1415,2843
194,1427,1415,2842
194,1427,1415,2842
194,1427,1416,2843
194,1427,1416,2843
194,1427,1416,2843
194,1427,1417,2844
194,1427,1417,2844
194,1427,1418,2845
194,1427,1418,2845
194,1428,1418,2846
194,1428,1418,2846
194,1428,1419,2847
194,1428,1419,2847
194,1428,1419,2847
194,1429,1419,2848
194,1429,1419,2848
194,1430,1419,2849
194,1430,1419,2849
194,1430,1420,2850
194,1430,1420,2850
194,1430,1420,2850
194,1431,1420,2851
194,1431,1420,2851
194,1431,1420,2851
194,1432,1420,2852
194,1432,1420,2852
194,1433,1420,2853
194,1433,1420,2853
194,1434,1420,2854
194,1434,1420,2854
194,1434,1420,2854
194,1434,1420,2854
194,1434,1420,2854
194,1435,1420,2855
194,1435,1420,2855
194,1436,1420,2856
194,1435,1420,2855
194,1435,1420,2855
194,1436,1420,2856
194,1436,1420,2856
194,1436,1420,2856
194,1436,1421,2857
194,1436,1421,2857
194,1436,1422,2858
194,1436,1422,2858
194,1436,1422,2858
194,1436,1422,2858
194,1436,1422,2858
194,1436,1423,2859
194,1436,1423,2859
194,1436,1424,2860
194,1435,1424,2859
194,1435,1424,2859
194,1435,1425,2860
194,1435,1425,2860
194,1435,1426,2861
194,1435,1426,2861
194,1436,1426,2862
194,1436,1426,2862
194,1436,1426,2862
194,1437,1426,2863
194,1437,1426,2863
194,1437,1426,2863
194,1437,1427,2864
194,1437,1427,2864
194,1437,1427,2864
194,1437,1426,2863
194,1437,1426,2863
194,1437,1426,2863
194,1437,1427,2864
194,1437,1427,2864
194,1437,1428,2865
194,1437,1427,2864
194,1437,1426,2863
194,1437,1426,2863
194,1438,1426,2864
194,1438,1426,2864
194,1438,1426,2864
194,1438,1426,2864
194,1438,1427,2865
194,1438,1427,2865
194,1438,1427,2865
194,1438,1428,2866
194,1438,1428,2866
194,1438,1429,2867
194,1438,1429,2867
194,1439,1429,2868
194,1439,1429,2868
194,1439,1429,2868
194,1440,1429,2869
194,1440,1429,2869
194,1440,1430,2870
194,1440,1430,2870
194,1440,1430,2870
194,1440,1430,2870
194,1440,1430,2870
194,1441,1430,2871
194,1441,1430,2871
194,1441,1430,2871
194,1441,1430,2871
194,1441,1431,2872
194,1441,1431,2872
194,1441,1431,2872
194,1442,1431,2873
194,1442,1431,2873
194,1442,1431,2873
194,1442,1431,2873
194,1443,1431,2874
194,1443,1431,2874
194,1444,1431,2875
194,1444,1431,2875
194,1444,1432,2876
194,1444,1431,2875
194,1444,1431,2875
194,1444,1432,2876
194,1444,1431,2875
194,1444,1431,2875
194,1444,1432,2876
194,1444,1432,2876
194,1444,1433,2877
194,1444,1433,2877
194,1444,1434,2878
194,1444,1434,2878
194,1444,1435,2879
194,1444,1435,2879
194,1444,1435,2879
194,1445,1435,2880
194,1445,1435,2880
194,1446,1435,2881
194,1446,1435,2881
194,1447,1435,2882
194,1447,1435,2882
194,1447,1434,2881
194,1447,1434,2881
194,1448,1434,2882
194,1448,1434,2882
194,1448,1434,2882
194,1448,1435,2883
194,1447,1435,2882
194,1447,1435,2882
194,1448,1435,2883
194,1448,1435,2883
194,1448,1435,2883
194,1449,1435,2884
194,1449,1435,2884
194,1449,1435,2884
194,1449,1434,2883
194,1449,1434,2883
194,1449,1434,2883
194,1449,1435,2884
194,1449,1435,2884
194,1450,1435,2885
194,1450,1435,2885
194,1451,1435,2886
194,1451,1435,2886
194,1451,1435,2886
194,1451,1435,2886
194,1452,1435,2887
194,1452,1435,2887
194,1452,1435,2887
194,1453,1435,2888
194,1452,1435,2887
194,1452,1435,2887
194,1452,1436,2888
194,1452,1436,2888
194,1452,1437,2889
194,1452,1437,2889
194,1453,1437,2890
194,1453,1437,2890
195,1453,1438,2891
195,1453,1438,2891
195,1454,1438,2892
195,1454,1438,2892
195,1455,1438,2893
195,1455,1438,2893
195,1454,1438,2892
195,1454,1438,2892
195,1454,1438,2892
195,1454,1439,2893
195,1454,1439,2893
195,1454,1440,2894
195,1454,1440,2894
195,1454,1440,2894
195,1454,1440,2894
195,1455,1440,2895
195,1455,1440,2895
195,1455,1441,2896
195,1455,1441,2896
195,1456,1441,2897
195,1456,1441,2897
195,1457,1441,2898
195,1457,1441,2898
195,1458,1441,2899
195,1458,1441,2899
195,1458,1441,2899
195,1459,1441,2900
195,1459,1441,2900
195,1459,1441,2900
195,1460,1441,2901
195,1460,1441,2901
195,1461,1441,2902
195,1461,1441,2902
195,1462,1441,2903
195,1461,1441,2902
195,1461,1441,2902
195,1461,1441,2902
195,1461,1442,2903
195,1461,1442,2903
195,1460,1442,2902
195,1460,1442,2902
195,1460,1443,2903
195,1460,1443,2903
195,1460,1444,2904
195,1460,1444,2904
195,1460,1445,2905
195,1460,1445,2905
195,1460,1446,2906
195,1460,1446,2906
195,1460,1446,2906
195,1460,1446,2906
195,1460,1446,2906
195,1461,1446,2907
195,1461,1445,2906
195,1460,1445,2905
195,1460,1445,2905
195,1460,1446,2906
195,1460,1446,2906
195,1460,1446,2906
195,1460,1447,2907
195,1460,1447,2907
195,1460,1447,2907
195,1461,1447,2908
195,1461,1447,2908
195,1461,1448,2909
195,1461,1447,2908
195,1461,1447,2908
195,1461,1447,2908
195,1462,1447,2909
195,1462,1447,2909
195,1462,1448,2910
195,1462,1448,2910
195,1462,1448,2910
195,1462,1447,2909
195,1462,1447,2909
195,1462,1448,2910
195,1462,1448,2910
195,1462,1448,2910
195,1462,1448,2910
195,1463,1448,2911
195,1463,1448,2911
195,1463,1447,2910
195,1463,1447,2910
195,1464,1447,2911
195,1463,1447,2910
195,1463,1447,2910
195,1464,1447,2911
195,1464,1447,2911
195,1464,1447,2911
195,1464,1447,2911
195,1465,1447,2912
195,1465,1447,2912
195,1465,1447,2912
195,1466,1447,2913
195,1466,1447,2913
195,1466,1448,2914
195,1466,1448,2914
195,1466,1448,2914
195,1465,1448,2913
195,1465,1447,2912
195,1465,1447,2912
195,1466,1447,2913
195,1466,1447,2913
195,1466,1448,2914
195,1465,1448,2913
195,1465,1448,2913
195,1466,1448,2914
195,1466,1448,2914
195,1466,1449,2915
195,1466,1449,2915
195,1466,1448,2914
195,1466,1448,2914
195,1466,1449,2915
195,1466,1449,2915
195,1466,1448,2914
195,1466,1447,2913
195,1466,1447,2913
195,1467,1447,2914
195,1467,1447,2914
195,1467,1448,2915
195,1466,1448,2914
195,1466,1447,2913
195,1466,1447,2913
195,1466,1448,2914
195,1466,1448,2914
195,1466,1448,2914
195,1467,1448,2915
195,1467,1448,2915
195,1467,1449,2916
195,1467,1449,2916
195,1468,1449,2917
195,1468,1449,2917
195,1468,1450,2918
195,1468,1450,2918
195,1468,1450,2918
195,1468,1451,2919
195,1468,1451,2919
195,1468,1451,2919
195,1468,1452,2920
195,1468,1452,2920
195,1468,1453,2921
195,1468,1453,2921
195,1467,1453,2920
195,1467,1453,2920
195,1467,1453,2920
195,1467,1453,2920
195,1468,1453,2921
195,1468,1453,2921
195,1468,1453,2921
195,1468,1454,2922
195,1468,1454,2922
195,1469,1454,2923
195,1469,1453,2922
195,1469,1453,2922
195,1469,1454,2923
195,1469,1454,2923
195,1469,1455,2924
195,1469,1455,2924
195,1470,1455,2925
195,1470,1455,2925
195,1470,1455,2925
195,1470,1455,2925
195,1470,1456,2926
195,1470,1456,2926
195,1471,1456,2927
195,1470,1456,2926
195,1470,1456,2926
195,1470,1456,2926
195,1470,1456,2926
195,1470,1457,2927
195,1470,1457,2927
195,1469,1457,2926
195,1469,1457,2926
195,1469,1458,2927
195,1469,1457,2926
195,1469,1457,2926
195,1470,1457,2927
195,1470,1456,2926
195,1470,1456,2926
195,1471,1456,2927
195,1471,1456,2927
195,1471,1457,2928
195,1470,1457,2927
195,1470,1456,2926
195,1469,1456,2925
195,1469,1456,2925
195,1469,1457,2926
195,1469,1457,2926
195,1469,1458,2927
195,1469,1458,2927
195,1470,1458,2928
195,1470,1458,2928
195,1470,1458,2928
195,1470,1458,2928
195,1470,1458,2928
195,1470,1457,2927
195,1470,1457,2927
195,1471,1457,2928
195,1471,1457,2928
195,1471,1457,2928
195,1471,1458,2929
195,1471,1458,2929
195,1471,1459,2930
195,1470,1459,2929
195,1470,1459,2929
195,1470,1460,2930
195,1470,1460,2930
195,1471,1460,2931
195,1471,1460,2931
195,1471,1461,2932
195,1471,1461,2932
195,1471,1461,2932
195,1472,1461,2933
195,1472,1461,2933
195,1473,1461,2934
195,1473,1461,2934
195,1474,1461,2935
195,1474,1461,2935
195,1474,1461,2935
195,1475,1461,2936
195,1475,1460,2935
195,1475,1460,2935
195,1476,1460,2936
195,1475,1460,2935
195,1475,1460,2935
195,1475,1460,2935
195,1474,1460,2934
195,1474,1460,2934
195,1475,1460,2935
195,1475,1460,2935
195,1475,1460,2935
195,1475,1460,2935
195,1475,1460,2935
195,1474,1460,2934
195,1474,1460,2934
195,1475,1460,2935
195,1475,1460,2935
195,1475,1460,2935
195,1475,1460,2935
195,1475,1461,2936
195,1474,1461,2935
195,1474,1461,2935
195,1474,1461,2935
195,1474,1462,2936
195,1474,1461,2935
195,1474,1461,2935
195,1475,1461,2936
195,1475,1460,2935
195,1475,1460,2935
195,1476,1460,2936
195,1476,1460,2936
195,1476,1461,2937
195,1476,1461,2937
195,1477,1461,2938
195,1476,1461,2937
195,1476,1461,2937
195,1477,1461,2938
195,1477,1461,2938
195,1477,1461,2938
195,1477,1461,2938
195,1477,1461,2938
195,1476,1461,2937
195,1476,1461,2937
195,1477,1461,2938
195,1477,1461,2938
195,1477,1462,2939
195,1477,1462,2939
195,1478,1462,2940
195,1477,1462,2939
195,1476,1462,2938
195,1476,1462,2938
195,1477,1462,2939
195,1477,1462,2939
195,1477,1463,2940
195,1477,1462,2939
195,1477,1462,2939
195,1478,1462,2940
195,1478,1462,2940
195,1479,1462,2941
195,1479,1462,2941
195,1480,1462,2942
195,1480,1462,2942
195,1480,1462,2942
195,1480,1462,2942
195,1480,1463,2943
195,1480,1463,2943
195,1481,1463,2944
195,1481,1463,2944
195,1482,1463,2945
195,1482,1463,2945
195,1483,1463,2946
195,1483,1463,2946
195,1483,1464,2947
195,1483,1464,2947
195,1483,1464,2947
195,1483,1465,2948
195,1483,1465,2948
195,1483,1466,2949
195,1483,1465,2948
195,1483,1465,2948
195,1483,1466,2949
195,1483,1465,2948
195,1483,1465,2948
195,1483,1465,2948
195,1483,1465,2948
195,1484,1465,2949
195,1484,1465,2949
195,1485,1465,2950
195,1485,1465,2950
195,1485,1465,2950
195,1485,1465,2950
195,1485,1466,2951
195,1485,1466,2951
195,1486,1466,2952
195,1486,1466,2952
195,1486,1466,2952
195,1486,1466,2952
195,1486,1466,2952
195,1487,1466,2953
195,1487,1466,2953
195,1487,1467,2954
195,1487,1467,2954
196,1487,1468,2955
196,1487,1467,2954
196,1487,1467,2954
196,1488,1467,2955
196,1488,1466,2954
196,1488,1466,2954
196,1488,1467,2955
196,1488,1467,2955
196,1488,1467,2955
196,1488,1468,2956
196,1488,1468,2956
196,1488,1468,2956
196,1488,1469,2957
196,1488,1469,2957
196,1488,1470,2958
196,1488,1470,2958
196,1489,1470,2959
196,1489,1470,2959
196,1489,1471,2960
196,1488,1471,2959
196,1488,1471,2959
196,1488,1472,2960
196,1488,1471,2959
196,1488,1471,2959
196,1488,1472,2960
196,1488,1472,2960
196,1489,1472,2961
196,1489,1472,2961
196,1489,1473,2962
196,1489,1473,2962
196,1490,1473,2963
196,1490,1473,2963
196,1491,1473,2964
196,1491,1472,2963
196,1491,1472,2963
196,1491,1472,2963
196,1492,1472,2964
196,1492,1472,2964
196,1493,1472,2965
196,1493,1472,2965
196,1493,1473,2966
196,1493,1473,2966
196,1493,1474,2967
196,1493,1474,2967
196,1493,1475,2968
196,1493,1475,2968
196,1492,1475,2967
196,1492,1475,2967
196,1493,1475,2968
196,1493,1475,2968
196,1494,1475,2969
196,1494,1474,2968
196,1494,1474,2968
196,1495,1474,2969
196,1494,1474,2968
196,1494,1474,2968
196,1494,1475,2969
196,1494,1475,2969
196,1494,1476,2970
196,1494,1476,2970
196,1494,1477,2971
196,1494,1477,2971
196,1494,1478,2972
196,1494,1478,2972
196,1494,1479,2973
196,1493,1479,2972
196,1493,1479,2972
196,1493,1480,2973
196,1493,1479,2972
196,1493,1479,2972
196,1493,1480,2973
196,1493,1479,2972
196,1493,1479,2972
196,1493,1480,2973
196,1493,1480,2973
196,1494,1480,2974
196,1494,1480,2974
196,1495,1480,2975
196,1495,1480,2975
196,1495,1479,2974
196,1495,1479,2974
196,1495,1479,2974
196,1496,1479,2975
196,1496,1479,2975
196,1497,1479,2976
196,1497,1479,2976
196,1498,1479,2977
196,1498,1479,2977
196,1498,1480,2978
196,1498,1480,2978
196,1498,1481,2979
196,1498,1481,2979
196,1498,1482,2980
196,1497,1482,2979
196,1497,1482,2979
196,1497,1483,2980
196,1497,1483,2980
196,1497,1484,2981
196,1497,1484,2981
196,1497,1485,2982
196,1497,1485,2982
196,1497,1486,2983
196,1497,1486,2983
196,1497,1486,2983
196,1498,1486,2984
196,1498,1486,2984
196,1499,1486,2985
196,1499,1485,2984
196,1499,1485,2984
196,1499,1486,2985
196,1498,1486,2984
196,1498,1486,2984
196,1499,1486,2985
196,1499,1486,2985
196,1499,1487,2986
196,1499,1487,2986
196,1499,1487,2986
196,1499,1487,2986
196,1499,1487,2986
196,1499,1488,2987
196,1499,1487,2986
196,1499,1487,2986
196,1499,1487,2986
196,1499,1488,2987
196,1499,1488,2987
196,1499,1489,2988
196,1499,1489,2988
196,1500,1489,2989
196,1500,1489,2989
196,1501,1489,2990
196,1501,1489,2990
196,1502,1489,2991
196,1502,1489,2991
196,1502,1490,2992
196,1502,1490,2992
196,1502,1491,2993
196,1502,1491,2993
196,1503,1491,2994
196,1503,1491,2994
196,1504,1491,2995
196,1504,1491,2995
196,1504,1492,2996
196,1504,1492,2996
196,1505,1492,2997
196,1505,1492,2997
196,1505,1493,2998
196,1505,1493,2998
196,1505,1494,2999
196,1505,1494,2999
196,1506,1494,3000
196,1506,1494,3000
196,1506,1495,3001
196,1506,1495,3001
196,1506,1495,3001
196,1506,1496,3002
196,1506,1496,3002
196,1506,1497,3003
196,1506,1497,3003
196,1506,1498,3004
196,1506,1498,3004
196,1507,1498,3005
196,1507,1498,3005
196,1507,1498,3005
196,1508,1498,3006
196,1508,1498,3006
196,1509,1498,3007
196,1509,1498,3007
196,1509,1499,3008
196,1509,1499,3008
196,1509,1500,3009
196,1509,1500,3009
196,1509,1501,3010
196,1509,1501,3010
196,1509,1502,3011
196,1509,1502,3011
196,1510,1502,3012
196,1510,1501,3011
196,1510,1501,3011
196,1510,1501,3011
196,1510,1502,3012
196,1510,1502,3012
196,1510,1503,3013
196,1510,1503,3013
196,1511,1503,3014
196,1511,1503,3014
196,1511,1503,3014
196,1511,1504,3015
196,1510,1504,3014
196,1510,1504,3014
196,1510,1505,3015
196,1510,1505,3015
196,1511,1505,3016
196,1511,1505,3016
196,1511,1506,3017
196,1511,1505,3016
196,1511,1505,3016
196,1511,1506,3017
196,1511,1506,3017
196,1511,1507,3018
196,1511,1507,3018
196,1511,1506,3017
196,1511,1505,3016
196,1511,1505,3016
196,1511,1505,3016
196,1511,1506,3017
196,1511,1506,3017
196,1511,1506,3017
196,1511,1506,3017
196,1512,1506,3018
196,1512,1506,3018
196,1512,1506,3018
196,1513,1506,3019
196,1513,1506,3019
196,1513,1507,3020
196,1513,1507,3020
196,1513,1507,3020
196,1513,1508,3021
196,1513,1508,3021
196,1513,1509,3022
196,1513,1509,3022
196,1513,1509,3022
196,1513,1509,3022
196,1513,1509,3022
196,1514,1509,3023
196,1514,1509,3023
196,1514,1508,3022
196,1514,1508,3022
196,1514,1509,3023
196,1514,1509,3023
196,1514,1509,3023
196,1514,1510,3024
196,1514,1510,3024
196,1515,1510,3025
196,1515,1510,3025
196,1515,1511,3026
196,1515,1511,3026
196,1514,1511,3025
196,1514,1511,3025
196,1515,1511,3026
196,1515,1511,3026
196,1515,1511,3026
196,1515,1512,3027
196,1515,1512,3027
196,1515,1512,3027
196,1515,1512,3027
196,1515,1512,3027
196,1516,1512,3028
196,1516,1512,3028
196,1516,1513,3029
196,1516,1513,3029
196,1516,1514,3030
196,1516,1514,3030
196,1517,1514,3031
196,1517,1513,3030
196,1517,1513,3030
196,1518,1513,3031
196,1518,1513,3031
196,1518,1514,3032
196,1518,1514,3032
196,1518,1515,3033
196,1517,1515,3032
196,1517,1515,3032
196,1517,1515,3032
196,1518,1515,3033
196,1518,1515,3033
196,1518,1516,3034
196,1518,1516,3034
196,1519,1516,3035
196,1519,1516,3035
196,1519,1517,3036
196,1519,1517,3036
196,1519,1517,3036
196,1520,1517,3037
196,1520,1517,3037
196,1520,1517,3037
196,1521,1517,3038
196,1521,1517,3038
196,1521,1518,3039
196,1521,1518,3039
196,1522,1518,3040
196,1522,1518,3040
196,1522,1519,3041
196,1522,1519,3041
196,1523,1519,3042
196,1523,1519,3042
196,1524,1519,3043
196,1524,1519,3043
196,1525,1519,3044
196,1525,1519,3044
196,1525,1520,3045
196,1525,1520,3045
196,1525,1521,3046
196,1525,1521,3046
196,1526,1521,3047
196,1526,1521,3047
196,1527,1521,3048
196,1527,1521,3048
196,1528,1521,3049
196,1528,1520,3048
196,1528,1520,3048
196,1529,1520,3049
196,1529,1520,3049
196,1530,1520,3050
196,1529,1520,3049
196,1529,1520,3049
196,1529,1520,3049
196,1529,1520,3049
196,1529,1520,3049
196,1529,1521,3050
196,1529,1521,3050
196,1529,1522,3051
196,1528,1522,3050
196,1528,1522,3050
196,1529,1522,3051
196,1529,1521,3050
196,1528,1521,3049
196,1528,1521,3049
196,1528,1520,3048
196,1528,1520,3048
196,1528,1521,3049
196,1528,1521,3049
196,1528,1522,3050
196,1528,1522,3050
196,1529,1522,3051
196,1529,1522,3051
196,1530,1522,3052
196,1530,1522,3052
196,1530,1522,3052
196,1530,1522,3052
196,1530,1523,3053
196,1530,1523,3053
196,1531,1523,3054
196,1531,1523,3054
196,1531,1524,3055
196,1530,1524,3054
196,1530,1523,3053
196,1530,1523,3053
196,1530,1523,3053
196,1530,1524,3054
196,1530,1524,3054
196,1531,1524,3055
196,1530,1524,3054
196,1530,1524,3054
196,1531,1524,3055
196,1531,1524,3055
196,1532,1524,3056
196,1532,1524,3056
196,1533,1524,3057
196,1533,1524,3057
196,1533,1525,3058
196,1533,1525,3058
196,1534,1525,3059
196,1534,1525,3059
196,1533,1525,3058
196,1533,1525,3058
196,1533,1526,3059
196,1533,1526,3059
196,1534,1526,3060
196,1534,1526,3060
196,1533,1526,3059
196,1533,1526,3059
196,1534,1526,3060
196,1533,1526,3059
196,1533,1526,3059
196,1534,1526,3060
196,1534,1526,3060
196,1535,1526,3061
196,1534,1526,3060
196,1534,1526,3060
196,1535,1526,3061
197,1535,1526,3061
197,1535,1526,3061
197,1535,1526,3061
197,1536,1526,3062
197,1536,1526,3062
197,1536,1526,3062
197,1536,1527,3063
197,1536,1527,3063
197,1536,1528,3064
197,1536,1528,3064
197,1536,1528,3064
197,1536,1528,3064
197,1537,1528,3065
197,1537,1528,3065
197,1538,1528,3066
197,1538,1528,3066
197,1538,1529,3067
197,1538,1529,3067
197,1537,1529,3066
197,1537,1528,3065
197,1537,1528,3065
197,1537,1529,3066
197,1536,1529,3065
197,1536,1528,3064
197,1535,1528,3063
197,1535,1528,3063
197,1536,1528,3064
197,1536,1528,3064
197,1536,1529,3065
197,1536,1529,3065
197,1536,1530,3066
197,1536,1530,3066
197,1537,1530,3067
197,1537,1530,3067
197,1537,1530,3067
197,1538,1530,3068
197,1538,1530,3068
197,1538,1530,3068
197,1539,1530,3069
197,1539,1530,3069
197,1539,1531,3070
197,1539,1530,3069
197,1539,1530,3069
197,1540,1530,3070
197,1540,1530,3070
197,1540,1531,3071
197,1540,1531,3071
197,1541,1531,3072
197,1541,1531,3072
197,1541,1532,3073
197,1541,1531,3072
197,1541,1530,3071
197,1541,1530,3071
197,1541,1531,3072
197,1541,1531,3072
197,1541,1532,3073
197,1541,1532,3073
197,1541,1532,3073
197,1541,1532,3073
197,1541,1533,3074
197,1541,1533,3074
197,1542,1533,3075
197,1542,1533,3075
197,1543,1533,3076
197,1542,1533,3075
197,1541,1533,3074
197,1541,1533,3074
197,1541,1534,3075
197,1540,1534,3074
197,1540,1534,3074
197,1540,1534,3074
197,1540,1534,3074
197,1540,1535,3075
197,1540,1535,3075
197,1540,1535,3075
197,1541,1535,3076
197,1541,1535,3076
197,1541,1536,3077
197,1541,1535,3076
197,1541,1535,3076
197,1542,1535,3077
197,1542,1534,3076
197,1542,1534,3076
197,1543,1534,3077
197,1542,1534,3076
197,1542,1534,3076
197,1542,1535,3077
197,1542,1535,3077
197,1543,1535,3078
197,1543,1535,3078
197,1544,1535,3079
197,1544,1535,3079
197,1545,1535,3080
197,1545,1535,3080
197,1545,1536,3081
197,1544,1536,3080
197,1544,1535,3079
197,1543,1535,3078
197,1543,1535,3078
197,1543,1536,3079
197,1542,1536,3078
197,1542,1536,3078
197,1542,1535,3077
197,1542,1535,3077
197,1542,1535,3077
197,1542,1535,3077
197,1543,1535,3078
197,1543,1535,3078
197,1543,1536,3079
197,1543,1536,3079
197,1543,1537,3080
197,1543,1537,3080
197,1542,1537,3079
197,1542,1537,3079
197,1542,1538,3080
197,1542,1538,3080
197,1543,1538,3081
197,1543,1538,3081
197,1543,1539,3082
197,1543,1539,3082
197,1543,1540,3083
197,1543,1540,3083
197,1543,1541,3084
197,1543,1541,3084
197,1543,1541,3084
197,1543,1541,3084
197,1543,1540,3083
197,1543,1540,3083
197,1543,1540,3083
197,1544,1540,3084
197,1544,1540,3084
197,1544,1541,3085
197,1544,1541,3085
197,1544,1540,3084
197,1544,1540,3084
197,1544,1540,3084
197,1545,1540,3085
197,1545,1540,3085
197,1545,1540,3085
197,1545,1540,3085
197,1545,1541,3086
197,1545,1541,3086
197,1545,1541,3086
197,1545,1542,3087
197,1545,1541,3086
197,1545,1540,3085
197,1545,1540,3085
197,1546,1540,3086
197,1546,1540,3086
197,1546,1541,3087
197,1546,1541,3087
197,1546,1541,3087
197,1547,1541,3088
197,1547,1541,3088
197,1547,1541,3088
197,1548,1541,3089
197,1548,1541,3089
197,1549,1541,3090
197,1549,1540,3089
197,1549,1540,3089
197,1550,1540,3090
197,1550,1540,3090
197,1551,1540,3091
197,1551,1540,3091
197,1551,1541,3092
197,1551,1541,3092
197,1552,1541,3093
197,1552,1541,3093
197,1553,1541,3094
197,1553,1541,3094
197,1553,1542,3095
197,1553,1542,3095
197,1553,1542,3095
197,1554,1542,3096
197,1554,1542,3096
197,1554,1542,3096
197,1554,1543,3097
197,1554,1543,3097
197,1555,1543,3098
197,1555,1543,3098
197,1556,1543,3099
197,1556,1543,3099
197,1556,1543,3099
197,1556,1544,3100
197,1556,1544,3100
197,1555,1544,3099
197,1555,1544,3099
197,1555,1543,3098
197,1555,1543,3098
197,1554,1543,3097
197,1554,1543,3097
197,1554,1544,3098
197,1554,1544,3098
197,1554,1545,3099
197,1554,1545,3099
197,1554,1546,3100
197,1554,1546,3100
197,1555,1546,3101
197,1555,1546,3101
197,1555,1546,3101
197,1555,1546,3101
197,1556,1546,3102
197,1555,1546,3101
197,1555,1546,3101
197,1555,1546,3101
197,1555,1547,3102
197,1555,1547,3102
197,1556,1547,3103
197,1556,1547,3103
197,1557,1547,3104
197,1556,1547,3103
197,1555,1547,3102
197,1554,1547,3101
197,1554,1547,3101
197,1555,1547,3102
197,1555,1547,3102
197,1556,1547,3103
197,1556,1547,3103
197,1557,1547,3104
197,1557,1547,3104
197,1557,1548,3105
197,1557,1548,3105
197,1557,1549,3106
197,1557,1549,3106
197,1558,1549,3107
197,1558,1549,3107
197,1558,1548,3106
197,1558,1548,3106
197,1558,1549,3107
197,1558,1549,3107
197,1558,1549,3107
197,1558,1549,3107
197,1557,1549,3106
197,1557,1549,3106
197,1557,1550,3107
197,1557,1550,3107
197,1557,1549,3106
197,1557,1548,3105
197,1557,1548,3105
197,1557,1549,3106
197,1557,1549,3106
197,1558,1549,3107
197,1558,1549,3107
197,1558,1549,3107
197,1558,1549,3107
197,1558,1548,3106
197,1557,1548,3105
197,1557,1548,3105
197,1557,1548,3105
197,1557,1548,3105
197,1557,1548,3105
197,1557,1549,3106
197,1557,1548,3105
197,1557,1547,3104
197,1557,1547,3104
197,1557,1548,3105
197,1557,1548,3105
197,1558,1548,3106
197,1558,1547,3105
197,1557,1547,3104
197,1557,1547,3104
197,1557,1548,3105
197,1557,1548,3105
197,1558,1548,3106
197,1558,1548,3106
197,1558,1549,3107
197,1558,1548,3106
197,1558,1548,3106
197,1558,1549,3107
197,1558,1548,3106
197,1558,1548,3106
197,1558,1548,3106
197,1558,1549,3107
197,1558,1549,3107
197,1558,1550,3108
197,1558,1550,3108
197,1558,1551,3109
197,1558,1550,3108
197,1558,1550,3108
197,1559,1550,3109
197,1559,1550,3109
197,1559,1551,3110
197,1559,1551,3110
197,1560,1551,3111
197,1560,1551,3111
197,1560,1551,3111
197,1560,1551,3111
197,1560,1552,3112
197,1560,1552,3112
197,1560,1553,3113
197,1560,1552,3112
197,1560,1551,3111
197,1560,1550,3110
197,1560,1550,3110
197,1560,1550,3110
197,1560,1551,3111
197,1560,1551,3111
197,1560,1552,3112
197,1559,1552,3111
197,1559,1551,3110
197,1559,1550,3109
197,1559,1550,3109
197,1559,1550,3109
197,1560,1550,3110
197,1560,1550,3110
197,1561,1550,3111
197,1561,1550,3111
197,1561,1551,3112
197,1561,1551,3112
197,1562,1551,3113
197,1562,1551,3113
197,1562,1551,3113
197,1563,1551,3114
197,1563,1551,3114
197,1563,1552,3115
197,1563,1552,3115
197,1564,1552,3116
197,1564,1552,3116
197,1565,1552,3117
197,1565,1552,3117
197,1565,1552,3117
197,1565,1553,3118
197,1565,1553,3118
197,1565,1553,3118
197,1565,1554,3119
197,1565,1554,3119
197,1565,1553,3118
197,1565,1553,3118
197,1565,1553,3118
197,1566,1553,3119
197,1566,1553,3119
197,1567,1553,3120
197,1567,1553,3120
197,1567,1554,3121
197,1567,1554,3121
197,1568,1554,3122
197,1568,1554,3122
197,1568,1554,3122
197,1568,1554,3122
197,1568,1555,3123
197,1568,1555,3123
197,1568,1555,3123
197,1568,1554,3122
197,1568,1553,3121
197,1568,1553,3121
197,1568,1553,3121
197,1569,1553,3122
197,1569,1553,3122
197,1569,1553,3122
197,1570,1553,3123
197,1570,1553,3123
197,1570,1553,3123
197,1571,1553,3124
197,1571,1553,3124
197,1571,1553,3124
197,1571,1554,3125
197,1571,1554,3125
197,1572,1554,3126
197,1572,1554,3126
197,1573,1554,3127
197,1573,1554,3127
197,1573,1554,3127
197,1573,1554,3127
197,1573,1554,3127
197,1573,1555,3128
197,1572,1555,3127
197,1572,1555,3127
197,1573,1555,3128
197,1573,1555,3128
197,1573,1555,3128
197,1573,1556,3129
197,1573,1556,3129
197,1573,1555,3128
197,1573,1555,3128
197,1574,1555,3129
197,1574,1554,3128
197,1574,1554,3128
197,1574,1555,3129
197,1574,1555,3129
197,1574,1555,3129
197,1575,1555,3130
197,1575,1555,3130
197,1575,1555,3130
197,1576,1555,3131
197,1576,1555,3131
197,1576,1556,3132
197,1576,1556,3132
197,1576,1556,3132
197,1576,1557,3133
197,1576,1557,3133
197,1577,1557,3134
197,1576,1557,3133
197,1576,1557,3133
197,1576,1558,3134
197,1576,1558,3134
197,1575,1558,3133
197,1575,1558,3133
197,1576,1558,3134
197,1576,1558,3134
197,1576,1558,3134
197,1576,1559,3135
197,1576,1559,3135
197,1577,1559,3136
197,1577,1559,3136
197,1578,1559,3137
197,1578,1559,3137
197,1578,1559,3137
197,1579,1559,3138
197,1579,1559,3138
197,1579,1560,3139
197,1579,1560,3139
197,1579,1560,3139
197,1579,1561,3140
197,1579,1561,3140
197,1579,1561,3140
197,1579,1562,3141
197,1579,1562,3141
197,1580,1562,3142
198,1580,1562,3142
198,1580,1562,3142
198,1580,1563,3143
198,1580,1562,3142
198,1580,1562,3142
198,1581,1562,3143
198,1581,1562,3143
198,1581,1563,3144
198,1581,1563,3144
198,1581,1564,3145
198,1581,1564,3145
198,1581,1564,3145
198,1582,1564,3146
198,1582,1564,3146
198,1582,1565,3147
198,1582,1565,3147
198,1582,1566,3148
198,1582,1566,3148
198,1582,1567,3149
198,1582,1566,3148
198,1582,1566,3148
198,1582,1566,3148
198,1582,1567,3149
198,1582,1566,3148
198,1582,1566,3148
198,1582,1565,3147
198,1582,1564,3146
198,1582,1564,3146
198,1583,1564,3147
198,1583,1563,3146
198,1583,1563,3146
198,1584,1563,3147
198,1584,1563,3147
198,1584,1564,3148
198,1583,1564,3147
198,1583,1563,3146
198,1582,1563,3145
198,1582,1563,3145
198,1582,1563,3145
198,1583,1563,3146
198,1583,1563,3146
198,1583,1564,3147
198,1583,1564,3147
198,1583,1564,3147
198,1583,1565,3148
198,1583,1565,3148
198,1582,1565,3147
198,1582,1565,3147
198,1583,1565,3148
198,1583,1565,3148
198,1584,1565,3149
198,1584,1565,3149
198,1584,1565,3149
198,1585,1565,3150
198,1585,1564,3149
198,1585,1564,3149
198,1585,1565,3150
198,1585,1565,3150
198,1585,1565,3150
198,1584,1565,3149
198,1584,1565,3149
198,1584,1566,3150
198,1584,1565,3149
198,1584,1565,3149
198,1584,1565,3149
198,1584,1566,3150
198,1584,1566,3150
198,1584,1565,3149
198,1584,1565,3149
198,1585,1565,3150
198,1585,1565,3150
198,1585,1566,3151
198,1585,1565,3150
198,1585,1565,3150
198,1585,1566,3151
198,1585,1566,3151
198,1586,1566,3152
198,1586,1566,3152
198,1587,1566,3153
198,1587,1566,3153
198,1588,1566,3154
198,1588,1566,3154
198,1588,1565,3153
198,1588,1565,3153
198,1588,1566,3154
198,1587,1566,3153
198,1587,1566,3153
198,1587,1566,3153
198,1587,1566,3153
198,1588,1566,3154
198,1588,1566,3154
198,1588,1567,3155
198,1588,1566,3154
198,1588,1566,3154
198,1588,1565,3153
198,1587,1565,3152
198,1587,1565,3152
198,1588,1565,3153
198,1587,1565,3152
198,1586,1565,3151
198,1586,1565,3151
198,1587,1565,3152
198,1587,1565,3152
198,1587,1565,3152
198,1588,1565,3153
198,1587,1565,3152
198,1587,1565,3152
198,1586,1565,3151
198,1586,1565,3151
198,1586,1565,3151
198,1586,1566,3152
198,1586,1566,3152
198,1587,1566,3153
198,1587,1566,3153
198,1588,1566,3154
198,1588,1566,3154
198,1587,1566,3153
198,1587,1566,3153
198,1587,1567,3154
198,1587,1567,3154
198,1588,1567,3155
198,1588,1567,3155
198,1587,1567,3154
198,1587,1567,3154
198,1587,1568,3155
198,1587,1568,3155
198,1587,1569,3156
198,1587,1569,3156
198,1588,1569,3157
198,1588,1569,3157
198,1589,1569,3158
198,1589,1569,3158
198,1589,1570,3159
198,1589,1570,3159
198,1589,1570,3159
198,1590,1570,3160
198,1590,1570,3160
198,1591,1570,3161
198,1591,1570,3161
198,1592,1570,3162
198,1592,1570,3162
198,1592,1571,3163
198,1592,1571,3163
198,1592,1571,3163
198,1592,1572,3164
198,1592,1572,3164
198,1592,1573,3165
198,1591,1573,3164
198,1591,1573,3164
198,1592,1573,3165
198,1592,1573,3165
198,1592,1574,3166
198,1592,1574,3166
198,1592,1573,3165
198,1592,1572,3164
198,1591,1572,3163
198,1591,1572,3163
198,1591,1573,3164
198,1591,1573,3164
198,1591,1573,3164
198,1591,1574,3165
198,1591,1574,3165
198,1591,1575,3166
198,1591,1575,3166
198,1592,1575,3167
198,1592,1575,3167
198,1592,1576,3168
198,1592,1576,3168
198,1592,1577,3169
198,1592,1576,3168
198,1592,1576,3168
198,1593,1576,3169
198,1593,1576,3169
198,1593,1576,3169
198,1593,1577,3170
198,1593,1577,3170
198,1593,1577,3170
198,1593,1578,3171
198,1593,1577,3170
198,1593,1577,3170
198,1593,1577,3170
198,1593,1577,3170
198,1594,1577,3171
198,1594,1577,3171
198,1594,1577,3171
198,1594,1578,3172
198,1594,1578,3172
198,1595,1578,3173
198,1595,1578,3173
198,1596,1578,3174
198,1596,1578,3174
198,1596,1578,3174
198,1596,1578,3174
198,1596,1578,3174
198,1597,1578,3175
198,1597,1577,3174
198,1597,1577,3174
198,1597,1578,3175
198,1597,1578,3175
198,1598,1578,3176
198,1597,1578,3175
198,1597,1578,3175
198,1597,1579,3176
198,1596,1579,3175
198,1596,1579,3175
198,1597,1579,3176
198,1597,1579,3176
198,1598,1579,3177
198,1598,1579,3177
198,1598,1579,3177
198,1598,1579,3177
198,1598,1578,3176
198,1598,1578,3176
198,1598,1578,3176
198,1598,1578,3176
198,1598,1578,3176
198,1598,1578,3176
198,1598,1579,3177
198,1598,1579,3177
198,1598,1579,3177
198,1598,1579,3177
198,1599,1579,3178
198,1599,1579,3178
198,1600,1579,3179
198,1600,1579,3179
198,1601,1579,3180
198,1600,1579,3179
198,1600,1579,3179
198,1600,1579,3179
198,1600,1579,3179
198,1600,1580,3180
198,1600,1580,3180
198,1600,1580,3180
198,1600,1581,3181
198,1600,1581,3181
198,1600,1582,3182
198,1600,1582,3182
198,1600,1582,3182
198,1601,1582,3183
198,1601,1582,3183
198,1601,1582,3183
198,1601,1582,3183
198,1602,1582,3184
198,1602,1582,3184
198,1602,1582,3184
198,1602,1582,3184
198,1602,1582,3184
198,1603,1582,3185
198,1603,1582,3185
198,1603,1582,3185
198,1603,1582,3185
198,1603,1583,3186
198,1603,1583,3186
198,1604,1583,3187
198,1604,1583,3187
198,1604,1583,3187
198,1605,1583,3188
198,1605,1583,3188
198,1605,1583,3188
198,1605,1584,3189
198,1605,1584,3189
198,1604,1584,3188
198,1604,1584,3188
198,1604,1585,3189
198,1604,1585,3189
198,1605,1585,3190
198,1605,1585,3190
198,1605,1585,3190
198,1605,1585,3190
198,1605,1585,3190
198,1605,1585,3190
198,1605,1584,3189
198,1604,1584,3188
198,1604,1584,3188
198,1604,1585,3189
198,1604,1585,3189
198,1605,1585,3190
198,1605,1585,3190
198,1605,1586,3191
198,1605,1586,3191
198,1606,1586,3192
198,1606,1586,3192
198,1607,1586,3193
198,1607,1586,3193
198,1608,1586,3194
198,1608,1586,3194
198,1608,1586,3194
198,1609,1586,3195
198,1609,1586,3195
198,1609,1586,3195
198,1610,1586,3196
198,1610,1586,3196
198,1611,1586,3197
198,1611,1585,3196
198,1611,1585,3196
198,1612,1585,3197
198,1612,1585,3197
198,1611,1585,3196
198,1610,1585,3195
198,1610,1585,3195
198,1610,1586,3196
198,1610,1586,3196
198,1611,1586,3197
198,1611,1586,3197
198,1611,1586,3197
198,1612,1586,3198
198,1612,1586,3198
198,1613,1586,3199
198,1612,1586,3198
198,1612,1586,3198
198,1613,1586,3199
198,1613,1586,3199
198,1613,1586,3199
198,1612,1586,3198
198,1612,1586,3198
198,1613,1586,3199
198,1613,1586,3199
198,1614,1586,3200
198,1614,1586,3200
198,1614,1587,3201
198,1614,1587,3201
198,1614,1587,3201
198,1614,1588,3202
198,1614,1588,3202
198,1614,1588,3202
198,1614,1589,3203
198,1614,1589,3203
198,1614,1590,3204
198,1614,1590,3204
198,1615,1590,3205
198,1615,1590,3205
198,1616,1590,3206
198,1616,1590,3206
198,1616,1590,3206
198,1617,1590,3207
198,1617,1590,3207
198,1617,1591,3208
198,1617,1591,3208
198,1617,1591,3208
198,1617,1592,3209
198,1617,1592,3209
198,1618,1592,3210
198,1618,1592,3210
198,1618,1593,3211
198,1617,1593,3210
198,1617,1593,3210
198,1617,1594,3211
198,1617,1593,3210
198,1617,1593,3210
198,1617,1592,3209
198,1617,1592,3209
198,1617,1593,3210
198,1617,1593,3210
198,1616,1593,3209
198,1616,1593,3209
198,1616,1594,3210
198,1616,1594,3210
198,1617,1594,3211
198,1617,1594,3211
198,1618,1594,3212
198,1618,1594,3212
198,1618,1594,3212
198,1618,1593,3211
198,1618,1593,3211
198,1618,1593,3211
198,1619,1593,3212
198,1619,1593,3212
198,1620,1593,3213
198,1619,1593,3212
198,1618,1593,3211
198,1618,1593,3211
198,1618,1593,3211
198,1617,1593,3210
198,1617,1593,3210
198,1618,1593,3211
198,1617,1593,3210
198,1617,1593,3210
198,1617,1593,3210
198,1618,1593,3211
198,1618,1593,3211
198,1618,1594,3212
198,1618,1594,3212
198,1618,1594,3212
198,1619,1594,3213
198,1619,1594,3213
198,1619,1594,3213
198,1619,1595,3214
198,1619,1595,3214
198,1620,1595,3215
198,1620,1595,3215
198,1620,1596,3216
198,1620,1596,3216
198,1620,1596,3216
198,1621,1596,3217
198,1621,1596,3217
198,1621,1597,3218
198,1621,1597,3218
198,1621,1597,3218
198,1622,1597,3219
198,1622,1597,3219
198,1623,1597,3220
198,1623,1597,3220
198,1623,1598,3221
198,1623,1598,3221
198,1623,1599,3222
198,1623,1599,3222
198,1624,1599,3223
198,1624,1599,3223
198,1625,1599,3224
199,1625,1599,3224
199,1625,1599,3224
199,1625,1599,3224
199,1625,1600,3225
199,1624,1600,3224
199,1624,1600,3224
199,1624,1600,3224
199,1625,1600,3225
199,1625,1600,3225
199,1625,1601,3226
199,1625,1601,3226
199,1626,1601,3227
199,1626,1600,3226
199,1625,1600,3225
199,1625,1600,3225
199,1625,1601,3226
199,1625,1600,3225
199,1625,1600,3225
199,1625,1600,3225
199,1626,1600,3226
199,1626,1599,3225
199,1626,1599,3225
199,1626,1599,3225
199,1625,1599,3224
199,1624,1599,3223
199,1624,1599,3223
199,1624,1599,3223
199,1624,1600,3224
199,1624,1600,3224
199,1624,1601,3225
199,1624,1601,3225
199,1624,1602,3226
199,1624,1602,3226
199,1625,1602,3227
199,1624,1602,3226
199,1624,1602,3226
199,1624,1603,3227
199,1624,1603,3227
199,1625,1603,3228
199,1625,1603,3228
199,1626,1603,3229
199,1626,1603,3229
199,1627,1603,3230
199,1626,1603,3229
199,1626,1603,3229
199,1625,1603,3228
199,1625,1603,3228
199,1624,1603,3227
199,1624,1603,3227
199,1624,1603,3227
199,1624,1604,3228
199,1623,1604,3227
199,1623,1604,3227
199,1623,1604,3227
199,1623,1604,3227
199,1623,1604,3227
199,1624,1604,3228
199,1624,1603,3227
199,1623,1603,3226
199,1623,1603,3226
199,1623,1603,3226
199,1623,1604,3227
199,1623,1604,3227
199,1623,1605,3228
199,1623,1604,3227
199,1623,1604,3227
199,1623,1605,3228
199,1623,1605,3228
199,1624,1605,3229
199,1624,1605,3229
199,1624,1606,3230
199,1624,1606,3230
199,1624,1606,3230
199,1624,1606,3230
199,1624,1606,3230
199,1624,1606,3230
199,1625,1606,3231
199,1625,1605,3230
199,1625,1605,3230
199,1625,1606,3231
199,1625,1606,3231
199,1625,1607,3232
199,1625,1607,3232
199,1626,1607,3233
199,1626,1607,3233
199,1626,1607,3233
199,1626,1607,3233
199,1626,1608,3234
199,1626,1608,3234
199,1627,1608,3235
199,1627,1608,3235
199,1627,1609,3236
199,1627,1609,3236
199,1627,1609,3236
199,1627,1610,3237
199,1627,1610,3237
199,1626,1610,3236
199,1626,1610,3236
199,1626,1610,3236
199,1626,1610,3236
199,1627,1610,3237
199,1627,1610,3237
199,1627,1610,3237
199,1627,1611,3238
199,1627,1611,3238
199,1628,1611,3239
199,1628,1611,3239
199,1628,1612,3240
199,1628,1612,3240
199,1628,1613,3241
199,1628,1613,3241
199,1628,1613,3241
199,1628,1614,3242
199,1628,1614,3242
199,1628,1613,3241
199,1628,1613,3241
199,1628,1614,3242
199,1628,1614,3242
199,1628,1614,3242
199,1628,1614,3242
199,1628,1614,3242
199,1628,1614,3242
199,1628,1615,3243
199,1628,1615,3243
199,1628,1614,3242
199,1628,1613,3241
199,1628,1613,3241
199,1628,1613,3241
199,1629,1613,3242
199,1629,1613,3242
199,1629,1613,3242
199,1629,1614,3243
199,1629,1614,3243
199,1629,1614,3243
199,1630,1614,3244
199,1630,1614,3244
199,1631,1614,3245
199,1631,1614,3245
199,1632,1614,3246
199,1632,1614,3246
199,1632,1614,3246
199,1633,1614,3247
199,1633,1614,3247
199,1633,1615,3248
199,1633,1615,3248
199,1633,1616,3249
199,1633,1615,3248
199,1633,1615,3248
199,1633,1616,3249
199,1633,1616,3249
199,1633,1617,3250
199,1633,1617,3250
199,1634,1617,3251
199,1634,1617,3251
199,1634,1618,3252
199,1634,1618,3252
199,1635,1618,3253
199,1635,1618,3253
199,1636,1618,3254
199,1636,1618,3254
199,1637,1618,3255
199,1637,1618,3255
199,1637,1619,3256
199,1637,1619,3256
199,1638,1619,3257
199,1638,1619,3257
199,1638,1619,3257
199,1639,1619,3258
199,1639,1619,3258
199,1639,1619,3258
199,1640,1619,3259
199,1640,1619,3259
199,1641,1619,3260
199,1641,1619,3260
199,1641,1619,3260
199,1641,1620,3261
199,1641,1620,3261
199,1641,1621,3262
199,1641,1621,3262
199,1641,1621,3262
199,1641,1622,3263
199,1641,1622,3263
199,1641,1622,3263
199,1641,1621,3262
199,1641,1621,3262
199,1641,1622,3263
199,1641,1621,3262
199,1641,1621,3262
199,1641,1621,3262
199,1641,1622,3263
199,1641,1622,3263
199,1641,1623,3264
199,1641,1623,3264
199,1641,1623,3264
199,1641,1623,3264
199,1641,1624,3265
199,1641,1624,3265
199,1641,1625,3266
199,1641,1625,3266
199,1642,1625,3267
199,1642,1625,3267
199,1642,1625,3267
199,1642,1625,3267
199,1642,1626,3268
199,1642,1626,3268
199,1642,1627,3269
199,1642,1627,3269
199,1642,1626,3268
199,1642,1626,3268
199,1642,1626,3268
199,1642,1626,3268
199,1642,1626,3268
199,1643,1626,3269
199,1643,1625,3268
199,1643,1625,3268
199,1643,1626,3269
199,1643,1626,3269
199,1643,1626,3269
199,1643,1626,3269
199,1644,1626,3270
199,1644,1626,3270
199,1644,1626,3270
199,1644,1627,3271
199,1643,1627,3270
199,1643,1627,3270
199,1643,1628,3271
199,1643,1628,3271
199,1643,1629,3272
199,1643,1628,3271
199,1643,1628,3271
199,1643,1629,3272
199,1643,1629,3272
199,1643,1629,3272
199,1643,1630,3273
199,1643,1630,3273
199,1643,1631,3274
199,1643,1631,3274
199,1643,1630,3273
199,1643,1630,3273
199,1643,1631,3274
199,1643,1631,3274
199,1643,1631,3274
199,1643,1631,3274
199,1644,1631,3275
199,1644,1631,3275
199,1644,1632,3276
199,1644,1632,3276
199,1644,1631,3275
199,1644,1631,3275
199,1644,1632,3276
199,1644,1632,3276
199,1644,1633,3277
199,1644,1633,3277
199,1644,1633,3277
199,1644,1633,3277
199,1644,1634,3278
199,1644,1634,3278
199,1644,1634,3278
199,1644,1635,3279
199,1644,1635,3279
199,1644,1636,3280
199,1644,1636,3280
199,1644,1635,3279
199,1644,1634,3278
199,1644,1634,3278
199,1645,1634,3279
199,1645,1634,3279
199,1646,1634,3280
199,1646,1633,3279
199,1646,1633,3279
199,1647,1633,3280
199,1647,1633,3280
199,1646,1633,3279
199,1646,1633,3279
199,1646,1634,3280
199,1646,1634,3280
199,1646,1634,3280
199,1646,1634,3280
199,1647,1634,3281
199,1647,1634,3281
199,1648,1634,3282
199,1648,1634,3282
199,1647,1634,3281
199,1647,1634,3281
199,1646,1634,3280
199,1646,1634,3280
199,1647,1634,3281
199,1647,1634,3281
199,1647,1635,3282
199,1647,1635,3282
199,1647,1635,3282
199,1647,1636,3283
199,1647,1636,3283
199,1647,1636,3283
199,1647,1637,3284
199,1646,1637,3283
199,1646,1637,3283
199,1646,1637,3283
199,1646,1636,3282
199,1646,1636,3282
199,1646,1637,3283
199,1646,1637,3283
199,1646,1637,3283
199,1647,1637,3284
199,1647,1637,3284
199,1648,1637,3285
199,1648,1637,3285
199,1649,1637,3286
199,1649,1637,3286
199,1649,1638,3287
199,1649,1638,3287
199,1649,1638,3287
199,1649,1638,3287
199,1650,1638,3288
199,1650,1638,3288
199,1650,1638,3288
199,1650,1639,3289
199,1650,1639,3289
199,1650,1640,3290
199,1650,1640,3290
199,1651,1640,3291
199,1651,1640,3291
199,1651,1641,3292
199,1651,1640,3291
199,1651,1640,3291
199,1651,1640,3291
199,1651,1641,3292
199,1651,1641,3292
199,1651,1641,3292
199,1651,1641,3292
199,1651,1642,3293
199,1651,1642,3293
199,1652,1642,3294
199,1652,1642,3294
199,1652,1643,3295
199,1652,1643,3295
199,1652,1643,3295
199,1652,1644,3296
199,1652,1644,3296
199,1652,1643,3295
199,1652,1642,3294
199,1652,1642,3294
199,1652,1642,3294
199,1652,1643,3295
199,1652,1642,3294
199,1652,1642,3294
199,1652,1643,3295
199,1652,1643,3295
199,1652,1644,3296
199,1652,1644,3296
199,1653,1644,3297
199,1653,1644,3297
199,1653,1645,3298
199,1653,1645,3298
199,1653,1646,3299
199,1653,1646,3299
199,1654,1646,3300
199,1654,1646,3300
199,1654,1647,3301
199,1654,1646,3300
199,1654,1646,3300
199,1655,1646,3301
199,1655,1646,3301
199,1656,1646,3302
199,1656,1646,3302
199,1656,1645,3301
199,1656,1645,3301
199,1656,1645,3301
199,1657,1645,3302
199,1657,1645,3302
199,1657,1645,3302
199,1657,1645,3302
199,1657,1646,3303
199,1657,1646,3303
199,1658,1646,3304
199,1658,1646,3304
199,1658,1647,3305
199,1658,1647,3305
199,1658,1648,3306
199,1658,1648,3306
199,1658,1648,3306
199,1658,1648,3306
199,1659,1648,3307
199,1659,1648,3307
199,1660,1648,3308
199,1660,1648,3308
199,1661,1648,3309
199,1661,1648,3309
199,1662,1648,3310
199,1662,1648,3310
199,1663,1648,3311
199,1663,1648,3311
199,1664,1648,3312
199,1664,1648,3312
199,1664,1649,3313
199,1663,1649,3312
199,1663,1648,3311
199,1663,1648,3311
199,1663,1648,3311
199,1663,1649,3312
199,1662,1649,3311
199,1662,1649,3311
199,1662,1649,3311
199,1662,1649,3311
199,1662,1649,3311
199,1662,1648,3310
200,1661,1648,3309
200,1660,1648,3308
200,1660,1648,3308
200,1661,1648,3309
200,1661,1648,3309
200,1661,1648,3309
200,1662,1648,3310
200,1662,1648,3310
200,1663,1648,3311
200,1662,1648,3310
200,1662,1648,3310
200,1663,1648,3311
200,1663,1648,3311
200,1662,1648,3310
200,1661,1648,3309
200,1660,1648,3308
200,1660,1648,3308
200,1659,1648,3307
200,1659,1648,3307
200,1659,1648,3307
200,1659,1648,3307
200,1659,1649,3308
200,1658,1649,3307
200,1658,1649,3307
200,1659,1649,3308
200,1659,1649,3308
200,1659,1650,3309
200,1659,1650,3309
200,1659,1649,3308
200,1659,1648,3307
200,1659,1648,3307
200,1659,1648,3307
200,1660,1648,3308
200,1659,1648,3307
200,1659,1648,3307
200,1659,1648,3307
200,1659,1648,3307
200,1660,1648,3308
200,1660,1648,3308
200,1660,1649,3309
200,1660,1649,3309
200,1659,1649,3308
200,1659,1649,3308
200,1659,1650,3309
200,1659,1650,3309
200,1659,1650,3309
200,1660,1650,3310
200,1660,1650,3310
200,1660,1651,3311
200,1660,1651,3311
200,1660,1651,3311
200,1660,1651,3311
200,1661,1651,3312
200,1661,1651,3312
200,1661,1652,3313
200,1661,1652,3313
200,1661,1653,3314
200,1661,1653,3314
200,1662,1653,3315
200,1662,1653,3315
200,1662,1654,3316
200,1662,1654,3316
200,1663,1654,3317
200,1663,1653,3316
200,1663,1653,3316
200,1664,1653,3317
200,1664,1653,3317
200,1664,1654,3318
200,1663,1654,3317
200,1663,1654,3317
200,1664,1654,3318
200,1664,1654,3318
200,1665,1654,3319
200,1665,1653,3318
200,1665,1653,3318
200,1664,1653,3317
200,1664,1653,3317
200,1664,1653,3317
200,1664,1653,3317
200,1663,1653,3316
200,1663,1653,3316
200,1664,1653,3317
200,1664,1653,3317
200,1664,1653,3317
200,1664,1653,3317
200,1665,1653,3318
200,1665,1653,3318
200,1665,1653,3318
200,1666,1653,3319
200,1666,1653,3319
200,1666,1653,3319
200,1667,1653,3320
200,1667,1653,3320
200,1667,1653,3320
200,1667,1654,3321
200,1667,1654,3321
200,1668,1654,3322
200,1668,1654,3322
200,1668,1654,3322
200,1669,1654,3323
200,1669,1654,3323
200,1669,1655,3324
200,1669,1655,3324
200,1669,1655,3324
200,1670,1655,3325
200,1670,1655,3325
200,1671,1655,3326
200,1671,1655,3326
200,1671,1656,3327
200,1670,1656,3326
200,1670,1656,3326
200,1670,1657,3327
200,1670,1657,3327
200,1670,1658,3328
200,1670,1658,3328
200,1670,1658,3328
200,1670,1659,3329
200,1670,1659,3329
200,1670,1659,3329
200,1670,1660,3330
200,1670,1660,3330
200,1671,1660,3331
200,1671,1660,3331
200,1671,1661,3332
200,1671,1661,3332
200,1672,1661,3333
200,1672,1661,3333
200,1672,1660,3332
200,1672,1660,3332
200,1673,1660,3333
200,1673,1660,3333
200,1674,1660,3334
200,1673,1660,3333
200,1673,1660,3333
200,1674,1660,3334
200,1674,1660,3334
200,1675,1660,3335
200,1675,1660,3335
200,1675,1660,3335
200,1675,1661,3336
200,1675,1661,3336
200,1675,1662,3337
200,1675,1662,3337
200,1676,1662,3338
200,1675,1662,3337
200,1675,1662,3337
200,1675,1662,3337
200,1675,1663,3338
200,1675,1663,3338
200,1676,1663,3339
200,1676,1663,3339
200,1675,1663,3338
200,1675,1663,3338
200,1675,1664,3339
200,1675,1664,3339
200,1675,1664,3339
200,1675,1665,3340
200,1675,1665,3340
200,1675,1665,3340
200,1675,1665,3340
200,1676,1665,3341
200,1675,1665,3340
200,1674,1665,3339
200,1674,1665,3339
200,1674,1666,3340
200,1674,1666,3340
200,1674,1667,3341
200,1674,1667,3341
200,1675,1667,3342
200,1675,1667,3342
200,1676,1667,3343
200,1676,1666,3342
200,1676,1666,3342
200,1677,1666,3343
200,1677,1666,3343
200,1678,1666,3344
200,1678,1666,3344
200,1678,1666,3344
200,1678,1666,3344
200,1678,1667,3345
200,1677,1667,3344
200,1677,1666,3343
200,1677,1666,3343
200,1677,1666,3343
200,1678,1666,3344
200,1678,1666,3344
200,1678,1666,3344
200,1678,1667,3345
200,1678,1667,3345
200,1679,1667,3346
200,1679,1667,3346
200,1679,1667,3346
200,1680,1667,3347
200,1679,1667,3346
200,1679,1667,3346
200,1679,1667,3346
200,1679,1667,3346
200,1679,1668,3347
200,1679,1668,3347
200,1679,1668,3347
200,1679,1668,3347
200,1679,1668,3347
200,1680,1668,3348
200,1680,1668,3348
200,1680,1668,3348
200,1680,1668,3348
200,1681,1668,3349
200,1681,1668,3349
200,1682,1668,3350
200,1682,1668,3350
200,1681,1668,3349
200,1680,1668,3348
200,1680,1668,3348
200,1680,1669,3349
200,1680,1669,3349
200,1680,1669,3349
200,1680,1670,3350
200,1680,1670,3350
200,1680,1670,3350
200,1680,1670,3350
200,1681,1670,3351
200,1681,1670,3351
200,1681,1670,3351
200,1682,1670,3352
200,1682,1670,3352
200,1682,1671,3353
200,1682,1671,3353
200,1683,1671,3354
200,1682,1671,3353
200,1682,1671,3353
200,1683,1671,3354
200,1683,1671,3354
200,1683,1671,3354
200,1683,1671,3354
200,1683,1672,3355
200,1683,1672,3355
200,1684,1672,3356
200,1684,1672,3356
200,1684,1672,3356
200,1685,1672,3357
200,1684,1672,3356
200,1683,1672,3355
200,1682,1672,3354
200,1682,1672,3354
200,1682,1673,3355
200,1682,1673,3355
200,1682,1673,3355
200,1682,1673,3355
200,1682,1673,3355
200,1682,1674,3356
200,1682,1674,3356
200,1683,1674,3357
200,1683,1674,3357
200,1683,1674,3357
200,1683,1675,3358
200,1683,1675,3358
200,1683,1676,3359
200,1683,1675,3358
200,1683,1675,3358
200,1683,1676,3359
200,1683,1675,3358
200,1683,1675,3358
200,1684,1675,3359
200,1684,1675,3359
200,1684,1674,3358
200,1684,1674,3358
200,1684,1674,3358
200,1685,1674,3359
200,1685,1674,3359
200,1685,1675,3360
200,1685,1675,3360
200,1685,1675,3360
200,1685,1676,3361
200,1685,1676,3361
200,1686,1676,3362
200,1686,1676,3362
200,1686,1676,3362
200,1686,1677,3363
200,1686,1677,3363
200,1686,1677,3363
200,1687,1677,3364
200,1687,1677,3364
200,1687,1677,3364
200,1687,1678,3365
200,1686,1678,3364
200,1686,1677,3363
200,1686,1677,3363
200,1686,1677,3363
200,1686,1677,3363
200,1686,1677,3363
200,1686,1678,3364
200,1686,1678,3364
200,1686,1679,3365
200,1686,1679,3365
200,1687,1679,3366
200,1686,1679,3365
200,1686,1679,3365
200,1686,1679,3365
200,1687,1679,3366
200,1687,1679,3366
200,1688,1679,3367
200,1688,1679,3367
200,1687,1679,3366
200,1687,1679,3366
200,1688,1679,3367
200,1688,1679,3367
200,1689,1679,3368
200,1689,1679,3368
200,1690,1679,3369
200,1690,1679,3369
200,1690,1679,3369
200,1690,1679,3369
200,1690,1679,3369
200,1691,1679,3370
200,1690,1679,3369
200,1690,1679,3369
200,1690,1679,3369
200,1690,1680,3370
200,1690,1680,3370
200,1690,1680,3370
200,1691,1680,3371
200,1691,1680,3371
200,1691,1680,3371
200,1691,1681,3372
200,1691,1681,3372
200,1692,1681,3373
200,1692,1681,3373
200,1692,1681,3373
200,1692,1682,3374
200,1692,1682,3374
200,1692,1683,3375
200,1691,1683,3374
200,1691,1682,3373
200,1691,1682,3373
200,1692,1682,3374
200,1692,1682,3374
200,1692,1683,3375
200,1692,1683,3375
200,1693,1683,3376
200,1693,1682,3375
200,1693,1682,3375
200,1694,1682,3376
200,1693,1682,3375
200,1693,1682,3375
200,1693,1682,3375
200,1694,1682,3376
200,1694,1682,3376
200,1694,1682,3376
200,1695,1682,3377
200,1695,1682,3377
200,1695,1683,3378
200,1695,1683,3378
200,1695,1683,3378
200,1696,1683,3379
200,1696,1683,3379
200,1697,1683,3380
200,1697,1683,3380
200,1697,1684,3381
200,1697,1684,3381
200,1697,1684,3381
200,1697,1685,3382
200,1697,1685,3382
200,1697,1686,3383
200,1697,1686,3383
200,1698,1686,3384
200,1698,1686,3384
200,1698,1686,3384
200,1699,1686,3385
200,1699,1686,3385
200,1700,1686,3386
200,1699,1686,3385
200,1699,1686,3385
200,1699,1686,3385
200,1700,1686,3386
200,1700,1686,3386
200,1699,1686,3385
200,1699,1686,3385
200,1699,1686,3385
200,1699,1686,3385
200,1699,1686,3385
200,1699,1687,3386
200,1698,1687,3385
200,1698,1687,3385
200,1698,1688,3386
200,1698,1688,3386
200,1698,1689,3387
200,1698,1689,3387
200,1698,1689,3387
200,1698,1689,3387
200,1698,1689,3387
200,1698,1689,3387
200,1698,1690,3388
200,1698,1690,3388
200,1699,1690,3389
200,1699,1690,3389
200,1700,1690,3390
200,1700,1689,3389
200,1700,1689,3389
200,1701,1689,3390
200,1701,1689,3390
201,1701,1690,3391
201,1701,1690,3391
201,1701,1691,3392
201,1701,1691,3392
201,1702,1691,3393
201,1701,1691,3392
201,1701,1691,3392
201,1701,1692,3393
201,1701,1692,3393
201,1702,1692,3394
201,1702,1692,3394
201,1702,1693,3395
201,1702,1693,3395
201,1703,1693,3396
201,1703,1693,3396
201,1703,1694,3397
201,1703,1694,3397
201,1704,1694,3398
201,1704,1694,3398
201,1704,1694,3398
201,1704,1694,3398
201,1704,1695,3399
201,1704,1695,3399
201,1705,1695,3400
201,1705,1695,3400
201,1706,1695,3401
201,1706,1695,3401
201,1706,1696,3402
201,1706,1696,3402
201,1707,1696,3403
201,1707,1696,3403
201,1708,1696,3404
201,1708,1696,3404
201,1709,1696,3405
201,1709,1696,3405
201,1709,1696,3405
201,1709,1696,3405
201,1709,1696,3405
201,1709,1696,3405
201,1709,1697,3406
201,1708,1697,3405
201,1708,1697,3405
201,1708,1698,3406
201,1708,1698,3406
201,1708,1698,3406
201,1708,1698,3406
201,1708,1699,3407
201,1708,1698,3406
201,1708,1698,3406
201,1708,1698,3406
201,1708,1698,3406
201,1709,1698,3407
201,1709,1697,3406
201,1709,1697,3406
201,1709,1698,3407
201,1708,1698,3406
201,1708,1697,3405
201,1708,1697,3405
201,1708,1696,3404
201,1708,1696,3404
201,1708,1697,3405
201,1707,1697,3404
201,1707,1697,3404
201,1707,1697,3404
201,1708,1697,3405
201,1708,1697,3405
201,1709,1697,3406
201,1709,1697,3406
201,1709,1697,3406
201,1709,1697,3406
201,1709,1697,3406
201,1709,1696,3405
201,1709,1696,3405
201,1709,1696,3405
201,1709,1696,3405
201,1708,1696,3404
201,1708,1696,3404
201,1708,1696,3404
201,1708,1696,3404
201,1709,1696,3405
201,1709,1696,3405
201,1710,1696,3406
201,1710,1696,3406
201,1710,1697,3407
201,1710,1697,3407
201,1710,1697,3407
201,1710,1698,3408
201,1710,1698,3408
201,1711,1698,3409
201,1711,1698,3409
201,1711,1699,3410
201,1711,1699,3410
201,1711,1700,3411
201,1711,1700,3411
201,1711,1701,3412
201,1711,1701,3412
201,1711,1702,3413
201,1711,1702,3413
201,1712,1702,3414
201,1712,1702,3414
201,1713,1702,3415
201,1713,1702,3415
201,1713,1703,3416
201,1713,1703,3416
201,1713,1703,3416
201,1713,1703,3416
201,1713,1704,3417
201,1713,1704,3417
201,1714,1704,3418
201,1713,1704,3417
201,1713,1704,3417
201,1713,1705,3418
201,1713,1705,3418
201,1713,1705,3418
201,1713,1706,3419
201,1713,1706,3419
201,1713,1707,3420
201,1713,1707,3420
201,1713,1708,3421
201,1713,1708,3421
201,1713,1709,3422
201,1713,1709,3422
201,1713,1709,3422
201,1713,1709,3422
201,1713,1710,3423
201,1713,1710,3423
201,1714,1710,3424
201,1714,1710,3424
201,1715,1710,3425
201,1714,1710,3424
201,1714,1710,3424
201,1714,1711,3425
201,1714,1711,3425
201,1713,1711,3424
201,1713,1711,3424
201,1713,1712,3425
201,1713,1712,3425
201,1714,1712,3426
201,1714,1712,3426
201,1714,1713,3427
201,1714,1712,3426
201,1714,1712,3426
201,1714,1712,3426
201,1714,1713,3427
201,1714,1712,3426
201,1714,1712,3426
201,1715,1712,3427
201,1715,1712,3427
201,1715,1713,3428
201,1715,1713,3428
201,1716,1713,3429
201,1716,1713,3429
201,1716,1714,3430
201,1716,1714,3430
201,1717,1714,3431
201,1717,1714,3431
201,1718,1714,3432
201,1718,1714,3432
201,1719,1714,3433
201,1719,1714,3433
201,1719,1713,3432
201,1719,1713,3432
201,1718,1713,3431
201,1718,1713,3431
201,1719,1713,3432
201,1719,1713,3432
201,1719,1713,3432
201,1720,1713,3433
201,1720,1713,3433
201,1720,1714,3434
201,1720,1714,3434
201,1720,1715,3435
201,1719,1715,3434
201,1719,1715,3434
201,1719,1716,3435
201,1719,1716,3435
201,1720,1716,3436
201,1720,1716,3436
201,1720,1717,3437
201,1720,1717,3437
201,1720,1718,3438
201,1720,1718,3438
201,1721,1718,3439
201,1721,1718,3439
201,1722,1718,3440
201,1722,1717,3439
201,1722,1717,3439
201,1723,1717,3440
201,1723,1717,3440
201,1724,1717,3441
201,1724,1717,3441
201,1725,1717,3442
201,1725,1717,3442
201,1725,1717,3442
201,1724,1717,3441
201,1723,1717,3440
201,1723,1717,3440
201,1724,1717,3441
201,1724,1717,3441
201,1725,1717,3442
201,1725,1717,3442
201,1725,1717,3442
201,1725,1718,3443
201,1725,1718,3443
201,1725,1718,3443
201,1726,1718,3444
201,1726,1718,3444
201,1727,1718,3445
201,1727,1718,3445
201,1728,1718,3446
201,1728,1718,3446
201,1728,1718,3446
201,1729,1718,3447
201,1729,1718,3447
201,1730,1718,3448
201,1729,1718,3447
201,1728,1718,3446
201,1727,1718,3445
201,1727,1718,3445
201,1728,1718,3446
201,1728,1718,3446
201,1729,1718,3447
201,1728,1718,3446
201,1728,1718,3446
201,1729,1718,3447
201,1728,1718,3446
201,1728,1718,3446
201,1728,1719,3447
201,1728,1719,3447
201,1729,1719,3448
201,1729,1719,3448
201,1730,1719,3449
201,1729,1719,3448
201,1729,1719,3448
201,1730,1719,3449
201,1730,1719,3449
201,1731,1719,3450
201,1731,1719,3450
201,1731,1720,3451
201,1730,1720,3450
201,1730,1720,3450
201,1730,1720,3450
201,1730,1721,3451
201,1730,1721,3451
201,1730,1722,3452
201,1730,1722,3452
201,1730,1722,3452
201,1730,1723,3453
201,1730,1723,3453
201,1730,1724,3454
201,1730,1724,3454
201,1730,1725,3455
201,1730,1725,3455
201,1730,1725,3455
201,1730,1726,3456
201,1730,1726,3456
201,1731,1726,3457
201,1731,1726,3457
201,1732,1726,3458
201,1732,1726,3458
201,1732,1726,3458
201,1733,1726,3459
201,1733,1726,3459
201,1733,1726,3459
201,1733,1726,3459
201,1733,1726,3459
201,1734,1726,3460
201,1734,1726,3460
201,1735,1726,3461
201,1735,1726,3461
201,1735,1726,3461
201,1736,1726,3462
201,1736,1725,3461
201,1736,1725,3461
201,1736,1726,3462
201,1736,1726,3462
201,1736,1726,3462
201,1737,1726,3463
201,1737,1726,3463
201,1738,1726,3464
201,1738,1726,3464
201,1738,1726,3464
201,1738,1727,3465
201,1738,1727,3465
201,1737,1727,3464
201,1737,1727,3464
201,1738,1727,3465
201,1738,1727,3465
201,1739,1727,3466
201,1739,1727,3466
201,1739,1728,3467
201,1739,1728,3467
201,1739,1728,3467
201,1739,1729,3468
201,1739,1729,3468
201,1740,1729,3469
201,1740,1729,3469
201,1740,1729,3469
201,1740,1730,3470
201,1740,1730,3470
201,1740,1731,3471
201,1740,1731,3471
201,1741,1731,3472
201,1741,1731,3472
201,1741,1732,3473
201,1741,1732,3473
201,1741,1733,3474
201,1741,1733,3474
201,1741,1734,3475
201,1741,1734,3475
201,1741,1734,3475
201,1741,1733,3474
201,1741,1733,3474
201,1742,1733,3475
201,1742,1732,3474
201,1742,1732,3474
201,1742,1732,3474
201,1742,1732,3474
201,1741,1732,3473
201,1741,1732,3473
201,1742,1732,3474
201,1742,1732,3474
201,1742,1732,3474
201,1743,1732,3475
201,1743,1732,3475
201,1744,1732,3476
201,1744,1732,3476
201,1745,1732,3477
201,1745,1732,3477
201,1745,1732,3477
201,1745,1733,3478
201,1745,1732,3477
201,1745,1732,3477
201,1745,1732,3477
201,1745,1731,3476
201,1744,1731,3475
201,1744,1731,3475
201,1743,1731,3474
201,1743,1731,3474
201,1743,1732,3475
201,1743,1732,3475
201,1744,1732,3476
201,1744,1732,3476
201,1745,1732,3477
201,1745,1732,3477
201,1745,1733,3478
201,1745,1733,3478
201,1745,1733,3478
201,1745,1734,3479
201,1744,1734,3478
201,1744,1734,3478
201,1744,1735,3479
201,1744,1734,3478
201,1744,1734,3478
201,1745,1734,3479
201,1745,1734,3479
201,1746,1734,3480
201,1746,1734,3480
201,1746,1735,3481
201,1746,1734,3480
201,1746,1734,3480
201,1746,1735,3481
201,1746,1735,3481
201,1747,1735,3482
201,1747,1734,3481
201,1746,1734,3480
201,1746,1734,3480
201,1746,1734,3480
201,1747,1734,3481
201,1747,1734,3481
201,1747,1734,3481
201,1748,1734,3482
201,1748,1734,3482
201,1749,1734,3483
201,1749,1734,3483
201,1749,1735,3484
201,1749,1735,3484
201,1749,1735,3484
201,1749,1735,3484
201,1749,1735,3484
201,1749,1735,3484
201,1749,1735,3484
201,1750,1735,3485
201,1750,1735,3485
201,1750,1736,3486
201,1750,1736,3486
201,1750,1736,3486
201,1750,1737,3487
201,1750,1737,3487
201,1750,1738,3488
201,1750,1738,3488
201,1750,1738,3488
201,1751,1738,3489
201,1751,1737,3488
201,1751,1737,3488
201,1752,1737,3489
201,1752,1737,3489
201,1752,1738,3490
201,1752,1738,3490
201,1752,1738,3490
201,1753,1738,3491
201,1753,1738,3491
201,1753,1738,3491
201,1754,1738,3492
201,1753,1738,3491
201,1753,1738,3491
201,1754,1738,3492
201,1754,1738,3492
201,1754,1738,3492
201,1755,1738,3493
201,1755,1738,3493
201,1754,1738,3492
201,1754,1738,3492
201,1754,1739,3493
201,1754,1739,3493
201,1755,1739,3494
201,1755,1739,3494
201,1756,1739,3495
201,1756,1739,3495
201,1756,1739,3495
201,1756,1739,3495
201,1756,1739,3495
201,1756,1740,3496
201,1756,1740,3496
201,1755,1740,3495
201,1755,1740,3495
201,1755,1741,3496
201,1755,1741,3496
201,1755,1741,3496
201,1756,1741,3497
201,1756,1741,3497
201,1756,1742,3498
201,1756,1742,3498
201,1756,1742,3498
201,1757,1742,3499
201,1757,1742,3499
201,1757,1743,3500
201,1757,1742,3499
201,1757,1741,3498
201,1757,1741,3498
201,1757,1741,3498
201,1758,1741,3499
201,1757,1741,3498
201,1757,1741,3498
201,1757,1742,3499
201,1757,1742,3499
201,1757,1743,3500
201,1757,1743,3500
201,1756,1743,3499
202,1756,1743,3499
202,1756,1742,3498
202,1756,1742,3498
202,1757,1742,3499
202,1757,1742,3499
202,1757,1743,3500
202,1757,1743,3500
202,1758,1743,3501
202,1758,1743,3501
202,1758,1743,3501
202,1759,1743,3502
202,1759,1743,3502
202,1759,1743,3502
202,1760,1743,3503
202,1760,1743,3503
202,1760,1744,3504
202,1760,1744,3504
202,1761,1744,3505
202,1761,1744,3505
202,1761,1744,3505
202,1761,1745,3506
202,1761,1745,3506
202,1761,1744,3505
202,1761,1744,3505
202,1762,1744,3506
202,1762,1744,3506
202,1762,1745,3507
202,1762,1744,3506
202,1762,1744,3506
202,1762,1744,3506
202,1763,1744,3507
202,1763,1744,3507
202,1763,1745,3508
202,1763,1745,3508
202,1763,1746,3509
202,1763,1745,3508
202,1763,1745,3508
202,1763,1745,3508
202,1764,1745,3509
202,1764,1745,3509
202,1764,1745,3509
202,1764,1745,3509
202,1764,1745,3509
202,1764,1745,3509
202,1764,1744,3508
202,1764,1744,3508
202,1764,1745,3509
202,1764,1745,3509
202,1764,1746,3510
202,1764,1746,3510
202,1765,1746,3511
202,1765,1746,3511
202,1766,1746,3512
202,1766,1746,3512
202,1765,1746,3511
202,1765,1746,3511
202,1764,1746,3510
202,1764,1746,3510
202,1764,1747,3511
202,1764,1747,3511
202,1764,1748,3512
202,1764,1748,3512
202,1764,1748,3512
202,1765,1748,3513
202,1765,1748,3513
202,1765,1748,3513
202,1765,1749,3514
202,1764,1749,3513
202,1764,1749,3513
202,1764,1749,3513
202,1765,1749,3514
202,1765,1749,3514
202,1765,1748,3513
202,1765,1748,3513
202,1766,1748,3514
202,1766,1748,3514
202,1766,1749,3515
202,1766,1749,3515
202,1766,1750,3516
202,1766,1750,3516
202,1765,1750,3515
202,1765,1750,3515
202,1765,1749,3514
202,1765,1748,3513
202,1765,1748,3513
202,1765,1749,3514
202,1765,1749,3514
202,1765,1749,3514
202,1764,1749,3513
202,1764,1749,3513
202,1764,1750,3514
202,1764,1750,3514
202,1765,1750,3515
202,1765,1750,3515
202,1765,1751,3516
202,1765,1751,3516
202,1765,1751,3516
202,1765,1751,3516
202,1765,1752,3517
202,1765,1752,3517
202,1765,1752,3517
202,1765,1752,3517
202,1765,1752,3517
202,1765,1751,3516
202,1765,1751,3516
202,1765,1750,3515
202,1765,1750,3515
202,1765,1751,3516
202,1765,1751,3516
202,1766,1751,3517
202,1766,1750,3516
202,1766,1750,3516
202,1767,1750,3517
202,1767,1750,3517
202,1768,1750,3518
202,1768,1750,3518
202,1768,1751,3519
202,1768,1751,3519
202,1768,1752,3520
202,1768,1752,3520
202,1768,1753,3521
202,1768,1753,3521
202,1767,1753,3520
202,1767,1753,3520
202,1767,1753,3520
202,1768,1753,3521
202,1768,1753,3521
202,1769,1753,3522
202,1769,1753,3522
202,1770,1753,3523
202,1770,1753,3523
202,1770,1752,3522
202,1769,1752,3521
202,1769,1752,3521
202,1769,1753,3522
202,1769,1753,3522
202,1770,1753,3523
202,1769,1753,3522
202,1769,1753,3522
202,1770,1753,3523
202,1770,1753,3523
202,1770,1753,3523
202,1770,1754,3524
202,1770,1754,3524
202,1770,1754,3524
202,1771,1754,3525
202,1771,1754,3525
202,1771,1754,3525
202,1772,1754,3526
202,1771,1754,3525
202,1771,1754,3525
202,1772,1754,3526
202,1772,1754,3526
202,1772,1755,3527
202,1772,1755,3527
202,1772,1755,3527
202,1772,1755,3527
202,1772,1756,3528
202,1772,1756,3528
202,1773,1756,3529
202,1773,1756,3529
202,1773,1757,3530
202,1773,1757,3530
202,1774,1757,3531
202,1774,1757,3531
202,1774,1757,3531
202,1774,1758,3532
202,1774,1758,3532
202,1774,1759,3533
202,1774,1759,3533
202,1773,1759,3532
202,1773,1759,3532
202,1774,1759,3533
202,1774,1759,3533
202,1774,1759,3533
202,1775,1759,3534
202,1775,1759,3534
202,1775,1758,3533
202,1775,1758,3533
202,1775,1759,3534
202,1775,1759,3534
202,1775,1759,3534
202,1776,1759,3535
202,1776,1759,3535
202,1776,1759,3535
202,1777,1759,3536
202,1777,1759,3536
202,1777,1760,3537
202,1776,1760,3536
202,1776,1760,3536
202,1776,1761,3537
202,1776,1761,3537
202,1776,1760,3536
202,1776,1760,3536
202,1777,1760,3537
202,1777,1760,3537
202,1777,1761,3538
202,1777,1761,3538
202,1777,1762,3539
202,1777,1762,3539
202,1777,1763,3540
202,1777,1763,3540
202,1777,1764,3541
202,1777,1763,3540
202,1777,1763,3540
202,1778,1763,3541
202,1778,1763,3541
202,1778,1763,3541
202,1778,1762,3540
202,1778,1762,3540
202,1778,1762,3540
202,1779,1762,3541
202,1779,1762,3541
202,1779,1763,3542
202,1779,1763,3542
202,1780,1763,3543
202,1779,1763,3542
202,1779,1763,3542
202,1779,1764,3543
202,1779,1764,3543
202,1780,1764,3544
202,1780,1764,3544
202,1780,1765,3545
202,1779,1765,3544
202,1779,1765,3544
202,1779,1766,3545
202,1779,1766,3545
202,1779,1766,3545
202,1779,1766,3545
202,1779,1766,3545
202,1779,1766,3545
202,1779,1766,3545
202,1779,1766,3545
202,1779,1767,3546
202,1779,1767,3546
202,1779,1767,3546
202,1780,1767,3547
202,1780,1766,3546
202,1780,1766,3546
202,1780,1766,3546
202,1781,1766,3547
202,1781,1766,3547
202,1781,1766,3547
202,1781,1766,3547
202,1782,1766,3548
202,1782,1766,3548
202,1782,1767,3549
202,1782,1767,3549
202,1782,1768,3550
202,1782,1768,3550
202,1782,1768,3550
202,1783,1768,3551
202,1783,1768,3551
202,1784,1768,3552
202,1783,1768,3551
202,1783,1768,3551
202,1783,1769,3552
202,1783,1769,3552
202,1784,1769,3553
202,1784,1769,3553
202,1784,1770,3554
202,1784,1770,3554
202,1785,1770,3555
202,1785,1770,3555
202,1786,1770,3556
202,1785,1770,3555
202,1785,1770,3555
202,1786,1770,3556
202,1786,1770,3556
202,1787,1770,3557
202,1787,1770,3557
202,1787,1770,3557
202,1788,1770,3558
202,1788,1770,3558
202,1789,1770,3559
202,1789,1770,3559
202,1790,1770,3560
202,1790,1770,3560
202,1790,1771,3561
202,1789,1771,3560
202,1789,1771,3560
202,1789,1771,3560
202,1790,1771,3561
202,1790,1771,3561
202,1790,1772,3562
202,1790,1772,3562
202,1790,1773,3563
202,1790,1772,3562
202,1790,1772,3562
202,1791,1772,3563
202,1791,1772,3563
202,1792,1772,3564
202,1792,1772,3564
202,1792,1773,3565
202,1792,1773,3565
202,1792,1773,3565
202,1792,1773,3565
202,1792,1774,3566
202,1792,1774,3566
202,1792,1774,3566
202,1792,1775,3567
202,1792,1775,3567
202,1792,1776,3568
202,1792,1776,3568
202,1792,1777,3569
202,1792,1777,3569
202,1792,1776,3568
202,1792,1776,3568
202,1793,1776,3569
202,1793,1776,3569
202,1794,1776,3570
202,1794,1776,3570
202,1794,1776,3570
202,1795,1776,3571
202,1795,1776,3571
202,1795,1776,3571
202,1795,1777,3572
202,1795,1777,3572
202,1795,1778,3573
202,1795,1778,3573
202,1796,1778,3574
202,1796,1777,3573
202,1796,1777,3573
202,1797,1777,3574
202,1797,1777,3574
202,1798,1777,3575
202,1798,1777,3575
202,1799,1777,3576
202,1799,1777,3576
202,1800,1777,3577
202,1800,1777,3577
202,1799,1777,3576
202,1799,1777,3576
202,1798,1777,3575
202,1798,1777,3575
202,1798,1778,3576
202,1798,1778,3576
202,1797,1778,3575
202,1797,1778,3575
202,1797,1778,3575
202,1798,1778,3576
202,1798,1778,3576
202,1799,1778,3577
202,1799,1778,3577
202,1799,1779,3578
202,1799,1779,3578
202,1799,1780,3579
202,1799,1780,3579
202,1799,1781,3580
202,1799,1781,3580
202,1799,1782,3581
202,1799,1781,3580
202,1799,1781,3580
202,1799,1782,3581
202,1799,1781,3580
202,1799,1780,3579
202,1799,1780,3579
202,1800,1780,3580
202,1800,1780,3580
202,1800,1781,3581
202,1800,1780,3580
202,1800,1779,3579
202,1799,1779,3578
202,1799,1779,3578
202,1799,1780,3579
202,1799,1779,3578
202,1799,1779,3578
202,1799,1780,3579
202,1799,1780,3579
202,1799,1781,3580
202,1799,1780,3579
202,1799,1780,3579
202,1799,1781,3580
202,1799,1781,3580
202,1799,1782,3581
202,1799,1782,3581
202,1799,1781,3580
202,1799,1780,3579
202,1799,1779,3578
202,1799,1779,3578
202,1799,1779,3578
202,1800,1779,3579
202,1800,1779,3579
202,1800,1780,3580
202,1800,1779,3579
202,1800,1778,3578
202,1800,1778,3578
202,1801,1778,3579
202,1801,1778,3579
202,1801,1778,3579
202,1802,1778,3580
202,1802,1778,3580
202,1802,1779,3581
202,1802,1779,3581
202,1802,1779,3581
202,1802,1780,3582
202,1802,1780,3582
202,1803,1780,3583
202,1803,1780,3583
202,1804,1780,3584
202,1804,1780,3584
202,1805,1780,3585
202,1805,1780,3585
202,1806,1780,3586
202,1806,1780,3586
202,1806,1781,3587
202,1806,1781,3587
202,1806,1782,3588
202,1806,1782,3588
202,1807,1782,3589
202,1807,1782,3589
202,1807,1782,3589
202,1807,1782,3589
202,1807,1782,3589
202,1808,1782,3590
202,1808,1782,3590
202,1808,1783,3591
202,1808,1783,3591
202,1808,1783,3591
202,1808,1783,3591
202,1808,1784,3592
202,1808,1784,3592
202,1808,1784,3592
202,1809,1784,3593
202,1809,1784,3593
202,1809,1784,3593
202,1808,1784,3592
202,1808,1784,3592
202,1809,1784,3593
202,1809,1784,3593
202,1809,1785,3594
202,1808,1785,3593
202,1808,1785,3593
202,1808,1786,3594
202,1808,1786,3594
202,1808,1786,3594
202,1809,1786,3595
202,1809,1786,3595
202,1809,1787,3596
202,1809,1787,3596
202,1809,1788,3597
202,1809,1788,3597
202,1809,1789,3598
202,1809,1789,3598
202,1810,1789,3599
202,1810,1789,3599
202,1810,1790,3600
202,1810,1789,3599
202,1810,1789,3599
202,1811,1789,3600
202,1811,1789,3600
202,1811,1790,3601
202,1811,1790,3601
202,1811,1791,3602
202,1811,1791,3602
202,1811,1790,3601
202,1811,1789,3600
202,1811,1789,3600
202,1812,1789,3601
202,1812,1788,3600
202,1812,1788,3600
202,1813,1788,3601
202,1813,1788,3601
202,1814,1788,3602
202,1813,1788,3601
202,1813,1788,3601
202,1813,1789,3602
202,1813,1789,3602
202,1814,1789,3603
202,1814,1789,3603
202,1814,1790,3604
202,1814,1790,3604
202,1814,1790,3604
202,1815,1790,3605
202,1815,1790,3605
202,1815,1790,3605
202,1814,1790,3604
202,1814,1790,3604
202,1815,1790,3605
202,1815,1790,3605
202,1814,1790,3604
203,1814,1790,3604
203,1813,1790,3603
203,1813,1790,3603
203,1813,1790,3603
203,1813,1790,3603
203,1814,1790,3604
203,1814,1790,3604
203,1815,1790,3605
203,1815,1790,3605
203,1815,1790,3605
203,1816,1790,3606
203,1816,1789,3605
203,1815,1789,3604
203,1815,1789,3604
203,1816,1789,3605
203,1816,1789,3605
203,1816,1790,3606
203,1816,1790,3606
203,1817,1790,3607
203,1816,1790,3606
203,1816,1790,3606
203,1816,1791,3607
203,1816,1791,3607
203,1817,1791,3608
203,1816,1791,3607
203,1816,1791,3607
203,1816,1791,3607
203,1816,1791,3607
203,1816,1792,3608
203,1816,1792,3608
203,1816,1792,3608
203,1816,1792,3608
203,1816,1792,3608
203,1816,1792,3608
203,1816,1793,3609
203,1816,1793,3609
203,1816,1793,3609
203,1816,1794,3610
203,1815,1794,3609
203,1815,1794,3609
203,1815,1795,3610
203,1815,1795,3610
203,1816,1795,3611
203,1816,1795,3611
203,1816,1795,3611
203,1816,1796,3612
203,1816,1796,3612
203,1817,1796,3613
203,1817,1796,3613
203,1817,1797,3614
203,1817,1797,3614
203,1818,1797,3615
203,1818,1796,3614
203,1818,1796,3614
203,1819,1796,3615
203,1819,1796,3615
203,1819,1797,3616
203,1818,1797,3615
203,1818,1797,3615
203,1819,1797,3616
203,1819,1797,3616
203,1819,1798,3617
203,1819,1798,3617
203,1819,1798,3617
203,1820,1798,3618
203,1820,1797,3617
203,1820,1797,3617
203,1821,1797,3618
203,1821,1797,3618
203,1822,1797,3619
203,1822,1797,3619
203,1823,1797,3620
203,1823,1797,3620
203,1823,1797,3620
203,1823,1798,3621
203,1823,1798,3621
203,1823,1799,3622
203,1823,1799,3622
203,1822,1799,3621
203,1822,1799,3621
203,1823,1799,3622
203,1823,1798,3621
203,1823,1798,3621
203,1824,1798,3622
203,1824,1798,3622
203,1825,1798,3623
203,1825,1798,3623
203,1826,1798,3624
203,1826,1798,3624
203,1827,1798,3625
203,1827,1798,3625
203,1827,1799,3626
203,1827,1799,3626
203,1827,1799,3626
203,1827,1799,3626
203,1826,1799,3625
203,1826,1799,3625
203,1826,1800,3626
203,1826,1800,3626
203,1827,1800,3627
203,1827,1800,3627
203,1827,1801,3628
203,1827,1801,3628
203,1827,1802,3629
203,1827,1802,3629
203,1827,1803,3630
203,1827,1803,3630
203,1827,1803,3630
203,1828,1803,3631
203,1828,1803,3631
203,1828,1804,3632
203,1828,1804,3632
203,1829,1804,3633
203,1829,1803,3632
203,1829,1803,3632
203,1829,1803,3632
203,1829,1804,3633
203,1829,1804,3633
203,1829,1804,3633
203,1830,1804,3634
203,1830,1804,3634
203,1830,1804,3634
203,1831,1804,3635
203,1831,1804,3635
203,1831,1804,3635
203,1832,1804,3636
203,1832,1804,3636
203,1832,1805,3637
203,1832,1805,3637
203,1831,1805,3636
203,1831,1805,3636
203,1831,1806,3637
203,1831,1806,3637
203,1831,1806,3637
203,1831,1805,3636
203,1831,1805,3636
203,1831,1806,3637
203,1831,1806,3637
203,1832,1806,3638
203,1832,1806,3638
203,1832,1807,3639
203,1832,1806,3638
203,1832,1805,3637
203,1832,1805,3637
203,1833,1805,3638
203,1833,1805,3638
203,1834,1805,3639
203,1834,1805,3639
203,1835,1805,3640
203,1834,1805,3639
203,1834,1805,3639
203,1833,1805,3638
203,1833,1805,3638
203,1834,1805,3639
203,1834,1805,3639
203,1834,1806,3640
203,1834,1806,3640
203,1835,1806,3641
203,1835,1806,3641
203,1834,1806,3640
203,1834,1806,3640
203,1835,1806,3641
203,1835,1806,3641
203,1835,1807,3642
203,1835,1807,3642
203,1835,1807,3642
203,1835,1807,3642
203,1836,1807,3643
203,1836,1807,3643
203,1836,1807,3643
203,1836,1808,3644
203,1836,1808,3644
203,1836,1808,3644
203,1836,1808,3644
203,1836,1808,3644
203,1836,1809,3645
203,1836,1809,3645
203,1836,1809,3645
203,1837,1809,3646
203,1837,1809,3646
203,1838,1809,3647
203,1837,1809,3646
203,1837,1809,3646
203,1838,1809,3647
203,1838,1809,3647
203,1838,1809,3647
203,1839,1809,3648
203,1839,1809,3648
203,1840,1809,3649
203,1840,1809,3649
203,1839,1809,3648
203,1838,1809,3647
203,1838,1809,3647
203,1839,1809,3648
203,1838,1809,3647
203,1837,1809,3646
203,1837,1809,3646
203,1837,1810,3647
203,1837,1810,3647
203,1837,1811,3648
203,1837,1811,3648
203,1837,1812,3649
203,1837,1812,3649
203,1836,1812,3648
203,1836,1811,3647
203,1836,1811,3647
203,1836,1811,3647
203,1836,1812,3648
203,1836,1812,3648
203,1836,1811,3647
203,1836,1811,3647
203,1836,1811,3647
203,1836,1811,3647
203,1836,1812,3648
203,1836,1812,3648
203,1836,1811,3647
203,1836,1811,3647
203,1836,1811,3647
203,1836,1812,3648
203,1836,1812,3648
203,1836,1813,3649
203,1836,1813,3649
203,1836,1814,3650
203,1836,1814,3650
203,1837,1814,3651
203,1837,1814,3651
203,1837,1814,3651
203,1837,1815,3652
203,1837,1815,3652
203,1838,1815,3653
203,1838,1814,3652
203,1838,1814,3652
203,1839,1814,3653
203,1839,1814,3653
203,1840,1814,3654
203,1840,1814,3654
203,1841,1814,3655
203,1841,1814,3655
203,1841,1815,3656
203,1840,1815,3655
203,1840,1815,3655
203,1840,1815,3655
203,1840,1816,3656
203,1840,1816,3656
203,1840,1815,3655
203,1840,1815,3655
203,1840,1815,3655
203,1840,1815,3655
203,1840,1815,3655
203,1840,1816,3656
203,1840,1816,3656
203,1840,1817,3657
203,1840,1817,3657
203,1840,1817,3657
203,1840,1818,3658
203,1840,1817,3657
203,1840,1817,3657
203,1841,1817,3658
203,1841,1817,3658
203,1842,1817,3659
203,1842,1817,3659
203,1843,1817,3660
203,1843,1817,3660
203,1843,1817,3660
203,1844,1817,3661
203,1844,1817,3661
203,1844,1817,3661
203,1844,1818,3662
203,1844,1818,3662
203,1845,1818,3663
203,1845,1818,3663
203,1845,1817,3662
203,1845,1817,3662
203,1846,1817,3663
203,1846,1817,3663
203,1846,1817,3663
203,1846,1817,3663
203,1847,1817,3664
203,1847,1817,3664
203,1848,1817,3665
203,1847,1817,3664
203,1847,1817,3664
203,1848,1817,3665
203,1848,1817,3665
203,1848,1817,3665
203,1848,1818,3666
203,1848,1818,3666
203,1848,1818,3666
203,1848,1819,3667
203,1848,1819,3667
203,1849,1819,3668
203,1849,1819,3668
203,1849,1820,3669
203,1849,1820,3669
203,1850,1820,3670
203,1849,1820,3669
203,1849,1820,3669
203,1849,1821,3670
203,1849,1821,3670
203,1850,1821,3671
203,1850,1821,3671
203,1850,1821,3671
203,1849,1821,3670
203,1849,1821,3670
203,1850,1821,3671
203,1850,1821,3671
203,1851,1821,3672
203,1851,1821,3672
203,1852,1821,3673
203,1851,1821,3672
203,1851,1821,3672
203,1852,1821,3673
203,1852,1821,3673
203,1852,1822,3674
203,1852,1822,3674
203,1852,1823,3675
203,1852,1823,3675
203,1852,1824,3676
203,1852,1824,3676
203,1852,1825,3677
203,1852,1825,3677
203,1852,1826,3678
203,1852,1826,3678
203,1853,1826,3679
203,1852,1826,3678
203,1852,1826,3678
203,1853,1826,3679
203,1853,1826,3679
203,1854,1826,3680
203,1854,1826,3680
203,1855,1826,3681
203,1855,1826,3681
203,1855,1827,3682
203,1855,1827,3682
203,1855,1827,3682
203,1855,1828,3683
203,1855,1828,3683
203,1856,1828,3684
203,1855,1828,3683
203,1855,1828,3683
203,1855,1828,3683
203,1855,1828,3683
203,1855,1829,3684
203,1855,1829,3684
203,1855,1829,3684
203,1855,1829,3684
203,1855,1829,3684
203,1856,1829,3685
203,1856,1829,3685
203,1856,1829,3685
203,1856,1830,3686
203,1856,1830,3686
203,1856,1830,3686
203,1856,1831,3687
203,1856,1831,3687
203,1856,1832,3688
203,1856,1832,3688
203,1856,1833,3689
203,1856,1833,3689
203,1856,1834,3690
203,1856,1834,3690
203,1856,1835,3691
203,1855,1835,3690
203,1855,1835,3690
203,1855,1835,3690
203,1855,1835,3690
203,1855,1835,3690
203,1855,1836,3691
203,1855,1836,3691
203,1855,1836,3691
203,1855,1836,3691
203,1856,1836,3692
203,1856,1836,3692
203,1856,1837,3693
203,1856,1837,3693
203,1856,1838,3694
203,1856,1837,3693
203,1856,1837,3693
203,1856,1837,3693
203,1856,1838,3694
203,1856,1838,3694
203,1857,1838,3695
203,1857,1838,3695
203,1858,1838,3696
203,1858,1838,3696
203,1859,1838,3697
203,1859,1838,3697
203,1859,1838,3697
203,1860,1838,3698
203,1860,1837,3697
203,1860,1837,3697
203,1861,1837,3698
203,1861,1837,3698
203,1861,1838,3699
203,1861,1838,3699
203,1861,1839,3700
203,1861,1839,3700
203,1861,1840,3701
203,1861,1840,3701
203,1861,1840,3701
203,1862,1840,3702
203,1862,1840,3702
203,1862,1841,3703
203,1862,1841,3703
203,1862,1841,3703
203,1862,1842,3704
203,1862,1842,3704
203,1862,1842,3704
203,1862,1842,3704
203,1862,1842,3704
203,1862,1843,3705
203,1862,1843,3705
203,1863,1843,3706
203,1863,1843,3706
203,1863,1843,3706
203,1863,1843,3706
203,1863,1843,3706
203,1864,1843,3707
203,1864,1843,3707
203,1864,1843,3707
203,1864,1844,3708
203,1864,1844,3708
203,1863,1844,3707
203,1863,1844,3707
203,1863,1845,3708
203,1863,1845,3708
203,1863,1845,3708
203,1864,1845,3709
203,1864,1845,3709
203,1864,1844,3708
203,1864,1844,3708
203,1864,1844,3708
203,1865,1844,3709
203,1865,1844,3709
203,1866,1844,3710
203,1866,1844,3710
204,1866,1845,3711
204,1866,1845,3711
204,1866,1845,3711
204,1867,1845,3712
204,1867,1845,3712
204,1867,1845,3712
204,1866,1845,3711
204,1866,1845,3711
204,1867,1845,3712
204,1867,1845,3712
204,1868,1845,3713
204,1868,1845,3713
204,1868,1846,3714
204,1868,1846,3714
204,1869,1846,3715
204,1869,1846,3715
204,1869,1846,3715
204,1869,1846,3715
204,1870,1846,3716
204,1870,1846,3716
204,1870,1846,3716
204,1870,1847,3717
204,1869,1847,3716
204,1869,1847,3716
204,1869,1848,3717
204,1869,1848,3717
204,1869,1848,3717
204,1870,1848,3718
204,1870,1848,3718
204,1870,1848,3718
204,1870,1848,3718
204,1871,1848,3719
204,1871,1848,3719
204,1871,1849,3720
204,1871,1849,3720
204,1872,1849,3721
204,1872,1849,3721
204,1872,1850,3722
204,1872,1849,3721
204,1872,1849,3721
204,1873,1849,3722
204,1873,1849,3722
204,1873,1849,3722
204,1873,1850,3723
204,1873,1850,3723
204,1874,1850,3724
204,1874,1849,3723
204,1873,1849,3722
204,1873,1849,3722
204,1873,1849,3722
204,1874,1849,3723
204,1874,1849,3723
204,1875,1849,3724
204,1875,1849,3724
204,1875,1849,3724
204,1875,1850,3725
204,1875,1850,3725
204,1875,1850,3725
204,1875,1851,3726
204,1875,1851,3726
204,1876,1851,3727
204,1876,1851,3727
204,1877,1851,3728
204,1877,1851,3728
204,1878,1851,3729
204,1878,1851,3729
204,1878,1852,3730
204,1878,1852,3730
204,1878,1853,3731
204,1878,1853,3731
204,1878,1854,3732
204,1878,1854,3732
204,1878,1855,3733
204,1878,1854,3732
204,1878,1854,3732
204,1878,1854,3732
204,1879,1854,3733
204,1879,1854,3733
204,1879,1854,3733
204,1880,1854,3734
204,1880,1853,3733
204,1880,1853,3733
204,1880,1853,3733
204,1881,1853,3734
204,1881,1853,3734
204,1881,1853,3734
204,1881,1854,3735
204,1880,1854,3734
204,1880,1854,3734
204,1881,1854,3735
204,1881,1854,3735
204,1882,1854,3736
204,1882,1854,3736
204,1883,1854,3737
204,1883,1854,3737
204,1883,1854,3737
204,1883,1855,3738
204,1883,1855,3738
204,1883,1855,3738
204,1883,1855,3738
204,1884,1855,3739
204,1884,1855,3739
204,1884,1855,3739
204,1884,1855,3739
204,1885,1855,3740
204,1885,1854,3739
204,1885,1854,3739
204,1886,1854,3740
204,1885,1854,3739
204,1885,1854,3739
204,1885,1854,3739
204,1886,1854,3740
204,1885,1854,3739
204,1885,1854,3739
204,1885,1855,3740
204,1885,1855,3740
204,1885,1855,3740
204,1886,1855,3741
204,1886,1855,3741
204,1886,1855,3741
204,1885,1855,3740
204,1884,1855,3739
204,1884,1855,3739
204,1884,1856,3740
204,1884,1855,3739
204,1884,1855,3739
204,1885,1855,3740
204,1885,1855,3740
204,1885,1855,3740
204,1885,1855,3740
204,1885,1856,3741
204,1885,1855,3740
204,1885,1855,3740
204,1885,1856,3741
204,1885,1856,3741
204,1886,1856,3742
204,1886,1856,3742
204,1886,1857,3743
204,1886,1857,3743
204,1887,1857,3744
204,1887,1857,3744
204,1887,1858,3745
204,1887,1858,3745
204,1887,1859,3746
204,1887,1859,3746
204,1887,1859,3746
204,1887,1858,3745
204,1887,1858,3745
204,1887,1859,3746
204,1887,1859,3746
204,1887,1860,3747
204,1887,1859,3746
204,1887,1859,3746
204,1887,1859,3746
204,1887,1860,3747
204,1887,1859,3746
204,1887,1859,3746
204,1887,1860,3747
204,1887,1859,3746
204,1887,1859,3746
204,1888,1859,3747
204,1888,1859,3747
204,1888,1860,3748
204,1888,1860,3748
204,1888,1861,3749
204,1888,1861,3749
204,1889,1861,3750
204,1889,1860,3749
204,1889,1860,3749
204,1889,1861,3750
204,1888,1861,3749
204,1888,1861,3749
204,1889,1861,3750
204,1889,1861,3750
204,1889,1861,3750
204,1889,1861,3750
204,1890,1861,3751
204,1890,1860,3750
204,1890,1860,3750
204,1890,1860,3750
204,1890,1861,3751
204,1890,1861,3751
204,1890,1862,3752
204,1890,1862,3752
204,1890,1862,3752
204,1891,1862,3753
204,1891,1862,3753
204,1891,1862,3753
204,1892,1862,3754
204,1892,1862,3754
204,1892,1862,3754
204,1892,1862,3754
204,1892,1862,3754
204,1892,1862,3754
204,1892,1863,3755
204,1892,1863,3755
204,1892,1863,3755
204,1891,1863,3754
204,1891,1863,3754
204,1891,1863,3754
204,1891,1863,3754
204,1891,1864,3755
204,1891,1864,3755
204,1891,1864,3755
204,1892,1864,3756
204,1892,1863,3755
204,1891,1863,3754
204,1891,1863,3754
204,1892,1863,3755
204,1892,1863,3755
204,1892,1862,3754
204,1892,1862,3754
204,1893,1862,3755
204,1893,1862,3755
204,1893,1862,3755
204,1894,1862,3756
204,1894,1862,3756
204,1894,1863,3757
204,1894,1863,3757
204,1894,1864,3758
204,1894,1864,3758
204,1895,1864,3759
204,1895,1864,3759
204,1894,1864,3758
204,1894,1864,3758
204,1895,1864,3759
204,1895,1864,3759
204,1895,1865,3760
204,1895,1865,3760
204,1895,1866,3761
204,1895,1866,3761
204,1896,1866,3762
204,1895,1866,3761
204,1895,1866,3761
204,1895,1867,3762
204,1895,1867,3762
204,1896,1867,3763
204,1896,1867,3763
204,1897,1867,3764
204,1897,1867,3764
204,1897,1868,3765
204,1897,1868,3765
204,1898,1868,3766
204,1898,1868,3766
204,1898,1868,3766
204,1898,1868,3766
204,1898,1869,3767
204,1898,1869,3767
204,1898,1869,3767
204,1898,1870,3768
204,1898,1870,3768
204,1898,1870,3768
204,1898,1871,3769
204,1898,1871,3769
204,1898,1872,3770
204,1898,1872,3770
204,1898,1872,3770
204,1898,1872,3770
204,1899,1872,3771
204,1899,1872,3771
204,1899,1873,3772
204,1899,1873,3772
204,1899,1874,3773
204,1898,1874,3772
204,1898,1874,3772
204,1898,1874,3772
204,1898,1873,3771
204,1898,1873,3771
204,1898,1874,3772
204,1898,1874,3772
204,1899,1874,3773
204,1899,1874,3773
204,1899,1875,3774
204,1899,1875,3774
204,1899,1876,3775
204,1899,1876,3775
204,1900,1876,3776
204,1900,1876,3776
204,1900,1875,3775
204,1900,1875,3775
204,1900,1876,3776
204,1900,1876,3776
204,1901,1876,3777
204,1901,1876,3777
204,1901,1877,3778
204,1901,1877,3778
204,1901,1877,3778
204,1900,1877,3777
204,1900,1877,3777
204,1900,1878,3778
204,1900,1878,3778
204,1901,1878,3779
204,1901,1878,3779
204,1902,1878,3780
204,1902,1878,3780
204,1902,1878,3780
204,1902,1879,3781
204,1902,1879,3781
204,1903,1879,3782
204,1903,1878,3781
204,1903,1878,3781
204,1904,1878,3782
204,1904,1878,3782
204,1904,1878,3782
204,1905,1878,3783
204,1905,1878,3783
204,1905,1879,3784
204,1905,1879,3784
204,1905,1880,3785
204,1905,1880,3785
204,1905,1880,3785
204,1906,1880,3786
204,1905,1880,3785
204,1905,1880,3785
204,1905,1880,3785
204,1905,1880,3785
204,1905,1881,3786
204,1905,1881,3786
204,1905,1882,3787
204,1904,1882,3786
204,1904,1882,3786
204,1904,1882,3786
204,1905,1882,3787
204,1905,1881,3786
204,1905,1881,3786
204,1906,1881,3787
204,1906,1881,3787
204,1907,1881,3788
204,1907,1881,3788
204,1907,1882,3789
204,1907,1882,3789
204,1908,1882,3790
204,1908,1882,3790
204,1907,1882,3789
204,1907,1882,3789
204,1907,1882,3789
204,1907,1882,3789
204,1907,1883,3790
204,1907,1883,3790
204,1908,1883,3791
204,1908,1883,3791
204,1908,1883,3791
204,1908,1883,3791
204,1908,1884,3792
204,1908,1884,3792
204,1908,1884,3792
204,1908,1884,3792
204,1908,1885,3793
204,1908,1885,3793
204,1909,1885,3794
204,1908,1885,3793
204,1908,1885,3793
204,1909,1885,3794
204,1909,1885,3794
204,1909,1885,3794
204,1909,1886,3795
204,1908,1886,3794
204,1908,1886,3794
204,1909,1886,3795
204,1909,1886,3795
204,1909,1886,3795
204,1910,1886,3796
204,1910,1886,3796
204,1911,1886,3797
204,1911,1886,3797
204,1911,1885,3796
204,1911,1885,3796
204,1911,1886,3797
204,1911,1886,3797
204,1911,1886,3797
204,1911,1887,3798
204,1911,1887,3798
204,1912,1887,3799
204,1912,1887,3799
204,1912,1887,3799
204,1912,1887,3799
204,1913,1887,3800
204,1913,1887,3800
204,1913,1887,3800
204,1913,1887,3800
204,1914,1887,3801
204,1914,1887,3801
204,1914,1887,3801
204,1914,1888,3802
204,1914,1888,3802
204,1914,1889,3803
204,1914,1889,3803
204,1914,1890,3804
204,1914,1890,3804
204,1914,1890,3804
204,1914,1891,3805
204,1914,1891,3805
204,1914,1891,3805
204,1915,1891,3806
204,1915,1891,3806
204,1915,1892,3807
204,1915,1892,3807
204,1914,1892,3806
204,1914,1892,3806
204,1915,1892,3807
204,1915,1892,3807
204,1916,1892,3808
204,1916,1891,3807
204,1916,1891,3807
204,1916,1892,3808
204,1916,1892,3808
204,1916,1892,3808
204,1916,1893,3809
204,1916,1893,3809
204,1917,1893,3810
204,1917,1893,3810
204,1917,1894,3811
204,1917,1894,3811
204,1917,1894,3811
204,1918,1894,3812
204,1918,1894,3812
204,1918,1895,3813
204,1918,1895,3813
204,1918,1895,3813
204,1919,1895,3814
204,1919,1895,3814
204,1918,1895,3813
204,1918,1895,3813
204,1918,1896,3814
204,1918,1896,3814
204,1919,1896,3815
204,1919,1896,3815
204,1919,1897,3816
204,1918,1897,3815
204,1918,1897,3815
204,1919,1897,3816
204,1919,1897,3816
204,1920,1897,3817
204,1920,1896,3816
204,1920,1896,3816
204,1921,1896,3817
204,1921,1896,3817
204,1921,1897,3818
204,1921,1897,3818
204,1922,1897,3819
204,1922,1897,3819
204,1922,1898,3820
204,1922,1898,3820
204,1922,1899,3821
204,1922,1899,3821
204,1922,1900,3822
204,1922,1900,3822
204,1923,1900,3823
204,1923,1900,3823
204,1923,1900,3823
205,1923,1901,3824
205,1923,1901,3824
205,1924,1901,3825
205,1924,1901,3825
205,1925,1901,3826
205,1924,1901,3825
205,1924,1901,3825
205,1925,1901,3826
205,1924,1901,3825
205,1924,1901,3825
205,1924,1901,3825
205,1925,1901,3826
205,1925,1901,3826
205,1926,1901,3827
205,1926,1901,3827
205,1926,1901,3827
205,1927,1901,3828
205,1927,1901,3828
205,1927,1901,3828
205,1927,1902,3829
205,1927,1902,3829
205,1928,1902,3830
205,1928,1902,3830
205,1929,1902,3831
205,1929,1902,3831
205,1929,1903,3832
205,1929,1903,3832
205,1929,1904,3833
205,1928,1904,3832
205,1928,1903,3831
205,1928,1903,3831
205,1928,1904,3832
205,1928,1904,3832
205,1929,1904,3833
205,1929,1903,3832
205,1929,1903,3832
205,1929,1903,3832
205,1930,1903,3833
205,1930,1903,3833
205,1931,1903,3834
205,1931,1903,3834
205,1931,1903,3834
205,1931,1904,3835
205,1930,1904,3834
205,1930,1904,3834
205,1931,1904,3835
205,1931,1904,3835
205,1931,1904,3835
205,1932,1904,3836
205,1932,1904,3836
205,1933,1904,3837
205,1933,1904,3837
205,1933,1904,3837
205,1933,1905,3838
205,1933,1905,3838
205,1934,1905,3839
205,1934,1905,3839
205,1935,1905,3840
205,1935,1905,3840
205,1935,1906,3841
205,1935,1906,3841
205,1935,1907,3842
205,1935,1907,3842
205,1935,1906,3841
205,1935,1905,3840
205,1935,1905,3840
205,1935,1906,3841
205,1935,1906,3841
205,1935,1907,3842
205,1935,1907,3842
205,1936,1907,3843
205,1936,1907,3843
205,1937,1907,3844
205,1937,1907,3844
205,1938,1907,3845
205,1938,1907,3845
205,1938,1908,3846
205,1938,1908,3846
205,1938,1909,3847
205,1938,1909,3847
205,1938,1910,3848
205,1938,1910,3848
205,1938,1910,3848
205,1938,1910,3848
205,1938,1910,3848
205,1938,1910,3848
205,1939,1910,3849
205,1939,1910,3849
205,1939,1910,3849
205,1940,1910,3850
205,1940,1910,3850
205,1941,1910,3851
205,1941,1910,3851
205,1941,1910,3851
205,1941,1910,3851
205,1942,1910,3852
205,1942,1910,3852
205,1943,1910,3853
205,1943,1910,3853
205,1943,1911,3854
205,1943,1911,3854
205,1943,1912,3855
205,1943,1912,3855
205,1943,1912,3855
205,1944,1912,3856
205,1944,1912,3856
205,1944,1913,3857
205,1944,1913,3857
205,1944,1914,3858
205,1944,1913,3857
205,1944,1912,3856
205,1944,1911,3855
205,1944,1911,3855
205,1944,1911,3855
205,1945,1911,3856
205,1945,1911,3856
205,1946,1911,3857
205,1946,1911,3857
205,1947,1911,3858
205,1947,1911,3858
205,1947,1912,3859
205,1947,1912,3859
205,1948,1912,3860
205,1948,1912,3860
205,1948,1912,3860
205,1948,1912,3860
205,1949,1912,3861
205,1948,1912,3860
205,1948,1912,3860
205,1948,1912,3860
205,1948,1912,3860
205,1948,1912,3860
205,1949,1912,3861
205,1949,1912,3861
205,1949,1913,3862
205,1949,1913,3862
205,1949,1913,3862
205,1949,1913,3862
205,1949,1914,3863
205,1949,1914,3863
205,1949,1914,3863
205,1950,1914,3864
205,1949,1914,3863
205,1949,1914,3863
205,1949,1914,3863
205,1950,1914,3864
205,1949,1914,3863
205,1949,1914,3863
205,1949,1915,3864
205,1949,1915,3864
205,1949,1915,3864
205,1950,1915,3865
205,1950,1915,3865
205,1950,1915,3865
205,1950,1915,3865
205,1951,1915,3866
205,1950,1915,3865
205,1950,1915,3865
205,1951,1915,3866
205,1951,1915,3866
205,1951,1916,3867
205,1951,1916,3867
205,1951,1917,3868
205,1950,1917,3867
205,1950,1917,3867
205,1951,1917,3868
205,1951,1917,3868
205,1952,1917,3869
205,1952,1917,3869
205,1952,1918,3870
205,1952,1918,3870
205,1952,1918,3870
205,1953,1918,3871
205,1953,1918,3871
205,1954,1918,3872
205,1954,1918,3872
205,1954,1919,3873
205,1954,1919,3873
205,1954,1920,3874
205,1954,1920,3874
205,1954,1921,3875
205,1954,1921,3875
205,1955,1921,3876
205,1955,1921,3876
205,1955,1921,3876
205,1955,1921,3876
205,1955,1921,3876
205,1956,1921,3877
205,1956,1921,3877
205,1956,1922,3878
205,1956,1922,3878
205,1956,1923,3879
205,1956,1923,3879
205,1957,1923,3880
205,1957,1923,3880
205,1957,1924,3881
205,1957,1924,3881
205,1958,1924,3882
205,1958,1924,3882
205,1959,1924,3883
205,1959,1924,3883
205,1960,1924,3884
205,1960,1924,3884
205,1960,1924,3884
205,1961,1924,3885
205,1961,1924,3885
205,1962,1924,3886
205,1962,1923,3885
205,1962,1923,3885
205,1962,1924,3886
205,1962,1924,3886
205,1962,1925,3887
205,1961,1925,3886
205,1961,1925,3886
205,1961,1925,3886
205,1961,1926,3887
205,1961,1926,3887
205,1961,1927,3888
205,1961,1927,3888
205,1961,1927,3888
205,1961,1926,3887
205,1961,1926,3887
205,1961,1927,3888
205,1961,1927,3888
205,1962,1927,3889
205,1962,1927,3889
205,1962,1927,3889
205,1963,1927,3890
205,1963,1927,3890
205,1964,1927,3891
205,1964,1927,3891
205,1964,1927,3891
205,1965,1927,3892
205,1965,1927,3892
205,1966,1927,3893
205,1966,1927,3893
205,1966,1927,3893
205,1967,1927,3894
205,1967,1926,3893
205,1967,1926,3893
205,1968,1926,3894
205,1968,1926,3894
205,1968,1927,3895
205,1968,1927,3895
205,1968,1928,3896
205,1968,1928,3896
205,1968,1928,3896
205,1969,1928,3897
205,1968,1928,3896
205,1968,1928,3896
205,1969,1928,3897
205,1968,1928,3896
205,1967,1928,3895
205,1967,1928,3895
205,1967,1929,3896
205,1967,1929,3896
205,1968,1929,3897
205,1968,1929,3897
205,1969,1929,3898
205,1969,1929,3898
205,1969,1930,3899
205,1969,1930,3899
205,1970,1930,3900
205,1970,1930,3900
205,1970,1931,3901
205,1970,1930,3900
205,1970,1930,3900
205,1970,1931,3901
205,1970,1931,3901
205,1970,1931,3901
205,1971,1931,3902
205,1971,1931,3902
205,1971,1931,3902
205,1971,1932,3903
205,1971,1931,3902
205,1971,1931,3902
205,1972,1931,3903
205,1972,1930,3902
205,1972,1930,3902
205,1972,1930,3902
205,1972,1930,3902
205,1972,1931,3903
205,1972,1931,3903
205,1972,1931,3903
205,1972,1931,3903
205,1973,1931,3904
205,1973,1931,3904
205,1973,1931,3904
205,1973,1931,3904
205,1973,1931,3904
205,1973,1931,3904
205,1973,1931,3904
205,1972,1931,3903
205,1972,1931,3903
205,1972,1932,3904
205,1972,1932,3904
205,1973,1932,3905
205,1972,1932,3904
205,1972,1932,3904
205,1972,1933,3905
205,1972,1933,3905
205,1972,1933,3905
205,1972,1933,3905
205,1972,1933,3905
205,1972,1934,3906
205,1971,1934,3905
205,1971,1934,3905
205,1971,1935,3906
205,1971,1934,3905
205,1971,1934,3905
205,1971,1934,3905
205,1972,1934,3906
205,1972,1933,3905
205,1972,1933,3905
205,1972,1934,3906
205,1972,1934,3906
205,1972,1934,3906
205,1972,1934,3906
205,1973,1934,3907
205,1973,1934,3907
205,1973,1935,3908
205,1973,1935,3908
205,1973,1936,3909
205,1973,1936,3909
205,1974,1936,3910
205,1974,1936,3910
205,1974,1937,3911
205,1973,1937,3910
205,1973,1937,3910
205,1974,1937,3911
205,1974,1937,3911
205,1974,1938,3912
205,1974,1938,3912
205,1974,1939,3913
205,1974,1939,3913
205,1975,1939,3914
205,1975,1938,3913
205,1975,1938,3913
205,1975,1938,3913
205,1975,1938,3913
205,1975,1938,3913
205,1975,1939,3914
205,1975,1939,3914
205,1976,1939,3915
205,1975,1939,3914
205,1975,1939,3914
205,1976,1939,3915
205,1976,1939,3915
205,1977,1939,3916
205,1977,1939,3916
205,1977,1940,3917
205,1977,1940,3917
205,1977,1941,3918
205,1977,1941,3918
205,1977,1941,3918
205,1977,1942,3919
205,1976,1942,3918
205,1976,1942,3918
205,1976,1942,3918
205,1976,1941,3917
205,1976,1940,3916
205,1976,1940,3916
205,1976,1940,3916
205,1977,1940,3917
205,1977,1940,3917
205,1978,1940,3918
205,1978,1940,3918
205,1979,1940,3919
205,1979,1940,3919
205,1979,1941,3920
205,1979,1941,3920
205,1980,1941,3921
205,1980,1941,3921
205,1980,1941,3921
205,1980,1942,3922
205,1980,1942,3922
205,1980,1943,3923
205,1980,1943,3923
205,1981,1943,3924
205,1981,1943,3924
205,1981,1943,3924
205,1982,1943,3925
205,1982,1943,3925
205,1982,1942,3924
205,1982,1942,3924
205,1982,1943,3925
205,1981,1943,3924
205,1981,1943,3924
205,1981,1942,3923
205,1981,1942,3923
205,1981,1943,3924
205,1981,1943,3924
205,1981,1944,3925
205,1981,1944,3925
205,1981,1945,3926
205,1981,1945,3926
205,1981,1945,3926
205,1980,1945,3925
205,1980,1944,3924
205,1980,1944,3924
205,1980,1945,3925
205,1980,1945,3925
205,1981,1945,3926
205,1981,1944,3925
205,1981,1944,3925
205,1980,1944,3924
205,1980,1943,3923
205,1980,1943,3923
205,1981,1943,3924
205,1981,1943,3924
205,1981,1944,3925
205,1981,1944,3925
205,1982,1944,3926
205,1982,1943,3925
205,1982,1943,3925
205,1982,1943,3925
205,1982,1944,3926
205,1982,1944,3926
206,1983,1944,3927
206,1983,1944,3927
206,1984,1944,3928
206,1984,1944,3928
206,1984,1944,3928
206,1985,1944,3929
206,1985,1944,3929
206,1985,1945,3930
206,1985,1945,3930
206,1984,1945,3929
206,1984,1945,3929
206,1985,1945,3930
206,1985,1945,3930
206,1986,1945,3931
206,1986,1945,3931
206,1986,1945,3931
206,1987,1945,3932
206,1987,1945,3932
206,1987,1945,3932
206,1987,1946,3933
206,1987,1946,3933
206,1987,1947,3934
206,1987,1947,3934
206,1987,1947,3934
206,1988,1947,3935
206,1988,1947,3935
206,1989,1947,3936
206,1989,1947,3936
206,1989,1948,3937
206,1989,1948,3937
206,1990,1948,3938
206,1990,1948,3938
206,1990,1948,3938
206,1990,1948,3938
206,1990,1949,3939
206,1990,1949,3939
206,1990,1949,3939
206,1990,1950,3940
206,1990,1950,3940
206,1990,1950,3940
206,1990,1951,3941
206,1990,1950,3940
206,1990,1950,3940
206,1990,1949,3939
206,1990,1949,3939
206,1990,1950,3940
206,1990,1950,3940
206,1990,1950,3940
206,1991,1950,3941
206,1991,1950,3941
206,1992,1950,3942
206,1992,1950,3942
206,1993,1950,3943
206,1993,1950,3943
206,1993,1951,3944
206,1993,1951,3944
206,1993,1952,3945
206,1993,1952,3945
206,1993,1953,3946
206,1993,1952,3945
206,1993,1952,3945
206,1993,1953,3946
206,1993,1953,3946
206,1994,1953,3947
206,1994,1953,3947
206,1994,1954,3948
206,1994,1954,3948
206,1994,1954,3948
206,1995,1954,3949
206,1995,1954,3949
206,1995,1954,3949
206,1995,1955,3950
206,1995,1955,3950
206,1995,1954,3949
206,1995,1954,3949
206,1995,1954,3949
206,1996,1954,3950
206,1996,1954,3950
206,1996,1955,3951
206,1996,1955,3951
206,1997,1955,3952
206,1997,1954,3951
206,1997,1954,3951
206,1998,1954,3952
206,1998,1954,3952
206,1999,1954,3953
206,1999,1954,3953
206,1999,1954,3953
206,1999,1954,3953
206,2000,1954,3954
206,2000,1954,3954
206,2000,1955,3955
206,2000,1955,3955
206,2000,1956,3956
206,2000,1956,3956
206,2001,1956,3957
206,2001,1956,3957
206,2002,1956,3958
206,2002,1956,3958
206,2002,1956,3958
206,2002,1957,3959
206,2002,1957,3959
206,2002,1957,3959
206,2002,1957,3959
206,2002,1957,3959
206,2002,1957,3959
206,2002,1957,3959
206,2003,1957,3960
206,2003,1957,3960
206,2004,1957,3961
206,2004,1957,3961
206,2004,1957,3961
206,2004,1957,3961
206,2004,1958,3962
206,2004,1958,3962
206,2004,1959,3963
206,2004,1959,3963
206,2005,1959,3964
206,2004,1959,3963
206,2003,1959,3962
206,2003,1959,3962
206,2004,1959,3963
206,2004,1959,3963
206,2005,1959,3964
206,2005,1959,3964
206,2005,1960,3965
206,2005,1959,3964
206,2005,1959,3964
206,2005,1958,3963
206,2005,1958,3963
206,2006,1958,3964
206,2006,1958,3964
206,2007,1958,3965
206,2006,1958,3964
206,2006,1958,3964
206,2006,1959,3965
206,2006,1959,3965
206,2006,1960,3966
206,2006,1960,3966
206,2007,1960,3967
206,2007,1960,3967
206,2007,1960,3967
206,2007,1961,3968
206,2007,1961,3968
206,2008,1961,3969
206,2008,1961,3969
206,2008,1961,3969
206,2008,1961,3969
206,2008,1962,3970
206,2008,1962,3970
206,2008,1962,3970
206,2007,1962,3969
206,2007,1962,3969
206,2007,1963,3970
206,2007,1963,3970
206,2007,1964,3971
206,2007,1964,3971
206,2007,1964,3971
206,2008,1964,3972
206,2008,1964,3972
206,2009,1964,3973
206,2009,1964,3973
206,2009,1965,3974
206,2009,1964,3973
206,2009,1963,3972
206,2009,1963,3972
206,2009,1963,3972
206,2010,1963,3973
206,2010,1963,3973
206,2010,1963,3973
206,2009,1963,3972
206,2009,1963,3972
206,2008,1963,3971
206,2008,1963,3971
206,2008,1963,3971
206,2008,1964,3972
206,2008,1964,3972
206,2009,1964,3973
206,2008,1964,3972
206,2008,1964,3972
206,2007,1964,3971
206,2007,1964,3971
206,2007,1965,3972
206,2007,1964,3971
206,2007,1964,3971
206,2007,1964,3971
206,2007,1965,3972
206,2007,1965,3972
206,2007,1966,3973
206,2007,1966,3973
206,2008,1966,3974
206,2008,1966,3974
206,2009,1966,3975
206,2009,1965,3974
206,2009,1965,3974
206,2009,1966,3975
206,2009,1966,3975
206,2009,1967,3976
206,2009,1967,3976
206,2009,1967,3976
206,2010,1967,3977
206,2009,1967,3976
206,2009,1967,3976
206,2009,1967,3976
206,2010,1967,3977
206,2010,1967,3977
206,2010,1967,3977
206,2011,1967,3978
206,2011,1967,3978
206,2012,1967,3979
206,2011,1967,3978
206,2011,1967,3978
206,2011,1968,3979
206,2011,1968,3979
206,2012,1968,3980
206,2011,1968,3979
206,2011,1968,3979
206,2011,1969,3980
206,2011,1969,3980
206,2012,1969,3981
206,2012,1969,3981
206,2012,1970,3982
206,2012,1970,3982
206,2013,1970,3983
206,2013,1970,3983
206,2013,1971,3984
206,2013,1971,3984
206,2013,1971,3984
206,2013,1971,3984
206,2013,1971,3984
206,2013,1971,3984
206,2013,1972,3985
206,2013,1972,3985
206,2013,1972,3985
206,2014,1972,3986
206,2014,1972,3986
206,2014,1973,3987
206,2014,1973,3987
206,2015,1973,3988
206,2015,1973,3988
206,2015,1973,3988
206,2015,1974,3989
206,2015,1974,3989
206,2016,1974,3990
206,2016,1974,3990
206,2016,1975,3991
206,2016,1975,3991
206,2016,1975,3991
206,2016,1976,3992
206,2015,1976,3991
206,2015,1976,3991
206,2016,1976,3992
206,2016,1976,3992
206,2016,1977,3993
206,2016,1977,3993
206,2016,1977,3993
206,2017,1977,3994
206,2017,1976,3993
206,2017,1976,3993
206,2017,1976,3993
206,2017,1977,3994
206,2017,1977,3994
206,2018,1977,3995
206,2018,1977,3995
206,2019,1977,3996
206,2018,1977,3995
206,2018,1977,3995
206,2017,1977,3994
206,2017,1977,3994
206,2017,1977,3994
206,2018,1977,3995
206,2017,1977,3994
206,2016,1977,3993
206,2016,1977,3993
206,2017,1977,3994
206,2017,1977,3994
206,2018,1977,3995
206,2018,1977,3995
206,2018,1978,3996
206,2018,1978,3996
206,2019,1978,3997
206,2019,1978,3997
206,2019,1977,3996
206,2019,1977,3996
206,2020,1977,3997
206,2020,1977,3997
206,2020,1978,3998
206,2020,1978,3998
206,2021,1978,3999
206,2021,1978,3999
206,2022,1978,4000
206,2022,1978,4000
206,2022,1979,4001
206,2021,1979,4000
206,2021,1979,4000
206,2021,1980,4001
206,2021,1980,4001
206,2021,1980,4001
206,2021,1981,4002
206,2021,1981,4002
206,2021,1982,4003
206,2021,1982,4003
206,2021,1982,4003
206,2021,1982,4003
206,2022,1982,4004
206,2022,1982,4004
206,2022,1983,4005
206,2022,1983,4005
206,2022,1983,4005
206,2022,1982,4004
206,2022,1982,4004
206,2023,1982,4005
206,2023,1981,4004
206,2023,1981,4004
206,2023,1982,4005
206,2023,1982,4005
206,2024,1982,4006
206,2024,1982,4006
206,2025,1982,4007
206,2024,1982,4006
206,2024,1982,4006
206,2025,1982,4007
206,2025,1982,4007
206,2026,1982,4008
206,2026,1982,4008
206,2026,1983,4009
206,2026,1983,4009
206,2027,1983,4010
206,2027,1983,4010
206,2028,1983,4011
206,2028,1983,4011
206,2028,1983,4011
206,2028,1984,4012
206,2028,1984,4012
206,2029,1984,4013
206,2029,1984,4013
206,2029,1985,4014
206,2029,1985,4014
206,2029,1986,4015
206,2029,1986,4015
206,2030,1986,4016
206,2030,1986,4016
206,2031,1986,4017
206,2031,1986,4017
206,2031,1987,4018
206,2031,1987,4018
206,2031,1988,4019
206,2031,1988,4019
206,2031,1988,4019
206,2031,1989,4020
206,2030,1989,4019
206,2030,1989,4019
206,2031,1989,4020
206,2031,1989,4020
206,2031,1990,4021
206,2031,1990,4021
206,2031,1990,4021
206,2032,1990,4022
206,2032,1990,4022
206,2032,1991,4023
206,2032,1991,4023
206,2032,1991,4023
206,2032,1992,4024
206,2032,1991,4023
206,2032,1991,4023
206,2032,1992,4024
206,2032,1992,4024
206,2032,1993,4025
206,2032,1993,4025
206,2032,1994,4026
206,2032,1994,4026
206,2032,1995,4027
206,2032,1995,4027
206,2033,1995,4028
206,2033,1995,4028
206,2033,1996,4029
206,2033,1996,4029
206,2033,1996,4029
206,2034,1996,4030
206,2034,1996,4030
206,2035,1996,4031
206,2035,1996,4031
206,2036,1996,4032
206,2036,1996,4032
206,2036,1996,4032
206,2036,1996,4032
206,2036,1997,4033
206,2036,1997,4033
206,2036,1998,4034
206,2036,1998,4034
206,2036,1999,4035
206,2036,1999,4035
206,2036,2000,4036
206,2036,2000,4036
206,2036,2001,4037
206,2036,2001,4037
206,2037,2001,4038
206,2037,2000,4037
206,2037,2000,4037
206,2037,2000,4037
206,2036,2000,4036
206,2036,2000,4036
206,2036,2001,4037
206,2036,2001,4037
206,2036,2002,4038
206,2036,2002,4038
206,2036,2002,4038
206,2036,2003,4039
206,2036,2003,4039
206,2037,2003,4040
206,2037,2002,4039
206,2037,2002,4039
206,2037,2003,4040
206,2037,2003,4040
206,2037,2003,4040
206,2037,2004,4041
206,2037,2004,4041
206,2038,2004,4042
206,2038,2004,4042
206,2038,2004,4042
206,2039,2004,4043
206,2039,2004,4043
206,2039,2004,4043
206,2038,2004,4042
206,2038,2004,4042
206,2039,2004,4043
206,2039,2004,4043
206,2039,2005,4044
206,2039,2005,4044
206,2039,2006,4045
206,2039,2006,4045
206,2039,2006,4045
206,2039,2007,4046
206,2039,2007,4046
206,2040,2007,4047
206,2040,2007,4047
206,2040,2007,4047
206,2040,2007,4047
206,2041,2007,4048
206,2041,2007,4048
206,2041,2008,4049
206,2041,2008,4049
206,2041,2009,4050
206,2041,2009,4050
206,2042,2009,4051
206,2042,2009,4051
206,2042,2010,4052
206,2041,2010,4051
206,2041,2010,4051
206,2042,2010,4052
206,2042,2010,4052
206,2043,2010,4053
206,2043,2010,4053
206,2043,2011,4054
206,2043,2011,4054
206,2043,2011,4054
206,2043,2011,4054
206,2043,2011,4054
206,2043,2011,4054
206,2043,2012,4055
206,2043,2012,4055
206,2044,2012,4056
206,2044,2012,4056
206,2044,2012,4056
206,2044,2013,4057
206,2044,2013,4057
206,2045,2013,4058
206,2045,2013,4058
206,2045,2014,4059
206,2045,2014,4059
206,2045,2015,4060
206,2045,2015,4060
206,2046,2015,4061
206,2046,2015,4061
206,2047,2015,4062
206,2047,2015,4062
206,2048,2015,4063
206,2048,2015,4063
206,2048,2015,4063
206,2049,2015,4064
206,2049,2014,4063
206,2048,2014,4062
206,2048,2014,4062
206,2049,2014,4063
206,2049,2014,4063
206,2049,2015,4064
206,2048,2015,4063
206,2048,2015,4063
206,2049,2015,4064
206,2049,2015,4064
206,2049,2015,4064
206,2050,2015,4065
206,2050,2015,4065
206,2050,2015,4065
206,2050,2015,4065
206,2051,2015,4066
206,2051,2015,4066
206,2052,2015,4067
206,2052,2015,4067
206,2053,2015,4068
206,2053,2015,4068
206,2054,2015,4069
206,2054,2015,4069
206,2054,2016,4070
206,2054,2015,4069
206,2054,2015,4069
206,2054,2016,4070
206,2054,2016,4070
206,2054,2017,4071
206,2054,2017,4071
206,2055,2017,4072
206,2055,2017,4072
206,2055,2018,4073
206,2055,2018,4073
207,2056,2018,4074
207,2056,2018,4074
207,2056,2019,4075
207,2056,2019,4075
207,2056,2019,4075
207,2057,2019,4076
207,2057,2019,4076
207,2057,2020,4077
207,2057,2020,4077
207,2057,2020,4077
207,2057,2020,4077
207,2057,2020,4077
207,2057,2020,4077
207,2058,2020,4078
207,2058,2020,4078
207,2058,2020,4078
207,2059,2020,4079
207,2059,2019,4078
207,2059,2019,4078
207,2059,2019,4078
207,2060,2019,4079
207,2060,2019,4079
207,2061,2019,4080
207,2061,2019,4080
207,2061,2019,4080
207,2061,2020,4081
207,2061,2020,4081
207,2061,2021,4082
207,2061,2021,4082
207,2061,2022,4083
207,2060,2022,4082
207,2060,2021,4081
207,2060,2021,4081
207,2060,2021,4081
207,2060,2021,4081
207,2061,2021,4082
207,2061,2021,4082
207,2061,2020,4081
207,2061,2020,4081
207,2061,2020,4081
207,2061,2021,4082
207,2061,2021,4082
207,2061,2022,4083
207,2061,2022,4083
207,2062,2022,4084
207,2062,2022,4084
207,2061,2022,4083
207,2061,2022,4083
207,2062,2022,4084
207,2062,2022,4084
207,2063,2022,4085
207,2063,2022,4085
207,2063,2023,4086
207,2063,2023,4086
207,2062,2023,4085
207,2062,2023,4085
207,2063,2023,4086
207,2063,2023,4086
207,2063,2024,4087
207,2063,2024,4087
207,2063,2025,4088
207,2063,2025,4088
207,2063,2026,4089
207,2063,2026,4089
207,2063,2027,4090
207,2063,2027,4090
207,2063,2026,4089
207,2063,2026,4089
207,2064,2026,4090
207,2064,2026,4090
207,2064,2026,4090
207,2065,2026,4091
207,2065,2025,4090
207,2065,2025,4090
207,2065,2025,4090
207,2065,2025,4090
207,2066,2025,4091
207,2066,2025,4091
207,2066,2026,4092
207,2066,2026,4092
207,2067,2026,4093
207,2067,2026,4093
207,2067,2027,4094
207,2067,2027,4094
207,2067,2027,4094
207,2068,2027,4095
207,2068,2027,4095
207,2068,2028,4096
207,2068,2028,4096
207,2068,2029,4097
207,2067,2029,4096
207,2067,2028,4095
207,2067,2028,4095
207,2067,2029,4096
207,2067,2029,4096
207,2067,2028,4095
207,2067,2028,4095
207,2068,2028,4096
207,2068,2028,4096
207,2068,2029,4097
207,2068,2029,4097
207,2068,2030,4098
207,2068,2030,4098
207,2069,2030,4099
207,2069,2030,4099
207,2069,2030,4099
207,2069,2030,4099
207,2069,2031,4100
207,2069,2031,4100
207,2069,2031,4100
207,2069,2031,4100
207,2069,2032,4101
207,2069,2032,4101
207,2069,2033,4102
207,2069,2032,4101
207,2069,2032,4101
207,2070,2032,4102
207,2070,2032,4102
207,2070,2033,4103
207,2070,2033,4103
207,2071,2033,4104
207,2071,2032,4103
207,2071,2032,4103
207,2071,2032,4103
207,2070,2032,4102
207,2070,2032,4102
207,2071,2032,4103
207,2071,2032,4103
207,2071,2033,4104
207,2071,2033,4104
207,2072,2033,4105
207,2072,2033,4105
207,2073,2033,4106
207,2073,2033,4106
207,2073,2034,4107
207,2073,2034,4107
207,2073,2034,4107
207,2074,2034,4108
207,2074,2034,4108
207,2074,2034,4108
207,2074,2034,4108
207,2074,2035,4109
207,2074,2035,4109
207,2074,2036,4110
207,2074,2036,4110
207,2074,2037,4111
207,2074,2036,4110
207,2074,2036,4110
207,2075,2036,4111
207,2075,2036,4111
207,2075,2037,4112
207,2075,2037,4112
207,2076,2037,4113
207,2076,2037,4113
207,2077,2037,4114
207,2077,2037,4114
207,2077,2038,4115
207,2077,2038,4115
207,2077,2039,4116
207,2077,2039,4116
207,2077,2040,4117
207,2077,2040,4117
207,2077,2041,4118
207,2077,2040,4117
207,2077,2040,4117
207,2077,2041,4118
207,2077,2041,4118
207,2077,2041,4118
207,2077,2042,4119
207,2077,2042,4119
207,2078,2042,4120
207,2078,2042,4120
207,2078,2043,4121
207,2078,2043,4121
207,2078,2044,4122
207,2078,2044,4122
207,2078,2045,4123
207,2078,2045,4123
207,2078,2046,4124
207,2078,2046,4124
207,2078,2046,4124
207,2078,2047,4125
207,2078,2047,4125
207,2078,2048,4126
207,2078,2048,4126
207,2078,2048,4126
207,2079,2048,4127
207,2079,2048,4127
207,2080,2048,4128
207,2080,2048,4128
207,2081,2048,4129
207,2081,2048,4129
207,2081,2049,4130
207,2081,2049,4130
207,2082,2049,4131
207,2082,2049,4131
207,2082,2050,4132
207,2082,2049,4131
207,2082,2049,4131
207,2083,2049,4132
207,2083,2049,4132
207,2083,2049,4132
207,2083,2050,4133
207,2083,2050,4133
207,2084,2050,4134
207,2084,2050,4134
207,2085,2050,4135
207,2085,2050,4135
207,2085,2049,4134
207,2085,2049,4134
207,2086,2049,4135
207,2086,2049,4135
207,2087,2049,4136
207,2087,2049,4136
207,2087,2050,4137
207,2087,2050,4137
207,2087,2051,4138
207,2087,2051,4138
207,2088,2051,4139
207,2088,2051,4139
207,2088,2051,4139
207,2088,2052,4140
207,2088,2052,4140
207,2089,2052,4141
207,2089,2052,4141
207,2090,2052,4142
207,2090,2052,4142
207,2091,2052,4143
207,2091,2052,4143
207,2091,2053,4144
207,2091,2053,4144
207,2092,2053,4145
207,2092,2053,4145
207,2093,2053,4146
207,2093,2053,4146
207,2093,2054,4147
207,2093,2054,4147
207,2093,2054,4147
207,2093,2054,4147
207,2093,2054,4147
207,2094,2054,4148
207,2094,2054,4148
207,2094,2054,4148
207,2094,2054,4148
207,2094,2054,4148
207,2095,2054,4149
207,2095,2054,4149
207,2095,2055,4150
207,2095,2055,4150
207,2095,2056,4151
207,2095,2056,4151
207,2096,2056,4152
207,2095,2056,4151
207,2094,2056,4150
207,2094,2056,4150
207,2095,2056,4151
207,2095,2056,4151
207,2096,2056,4152
207,2096,2056,4152
207,2096,2057,4153
207,2096,2057,4153
207,2096,2057,4153
207,2096,2058,4154
207,2096,2058,4154
207,2097,2058,4155
207,2097,2058,4155
207,2097,2058,4155
207,2097,2058,4155
207,2098,2058,4156
207,2098,2057,4155
207,2098,2057,4155
207,2099,2057,4156
207,2098,2057,4155
207,2098,2057,4155
207,2098,2058,4156
207,2098,2058,4156
207,2098,2058,4156
207,2098,2059,4157
207,2098,2059,4157
207,2098,2059,4157
207,2098,2059,4157
207,2098,2060,4158
207,2097,2060,4157
207,2097,2059,4156
207,2097,2058,4155
207,2097,2058,4155
207,2097,2059,4156
207,2097,2059,4156
207,2098,2059,4157
207,2098,2059,4157
207,2099,2059,4158
207,2099,2059,4158
207,2099,2060,4159
207,2099,2060,4159
207,2099,2060,4159
207,2099,2061,4160
207,2099,2061,4160
207,2100,2061,4161
207,2100,2061,4161
207,2100,2061,4161
207,2101,2061,4162
207,2101,2061,4162
207,2101,2060,4161
207,2100,2060,4160
207,2100,2060,4160
207,2101,2060,4161
207,2101,2060,4161
207,2101,2061,4162
207,2101,2061,4162
207,2101,2061,4162
207,2101,2061,4162
207,2100,2061,4161
207,2100,2061,4161
207,2101,2061,4162
207,2101,2061,4162
207,2102,2061,4163
207,2102,2060,4162
207,2102,2060,4162
207,2102,2060,4162
207,2103,2060,4163
207,2103,2060,4163
207,2104,2060,4164
207,2104,2060,4164
207,2104,2060,4164
207,2104,2061,4165
207,2103,2061,4164
207,2103,2061,4164
207,2104,2061,4165
207,2104,2061,4165
207,2104,2061,4165
207,2105,2061,4166
207,2105,2060,4165
207,2105,2060,4165
207,2104,2060,4164
207,2103,2060,4163
207,2103,2060,4163
207,2103,2061,4164
207,2103,2061,4164
207,2103,2061,4164
207,2103,2062,4165
207,2102,2062,4164
207,2102,2062,4164
207,2102,2062,4164
207,2103,2062,4165
207,2103,2062,4165
207,2103,2062,4165
207,2103,2061,4164
207,2102,2061,4163
207,2102,2061,4163
207,2103,2061,4164
207,2103,2061,4164
207,2103,2062,4165
207,2103,2062,4165
207,2103,2062,4165
207,2103,2061,4164
207,2103,2061,4164
207,2104,2061,4165
207,2104,2061,4165
207,2104,2062,4166
207,2104,2062,4166
207,2104,2063,4167
207,2104,2062,4166
207,2104,2062,4166
207,2104,2062,4166
207,2104,2063,4167
207,2104,2063,4167
207,2104,2063,4167
207,2105,2063,4168
207,2105,2063,4168
207,2106,2063,4169
207,2106,2063,4169
207,2106,2064,4170
207,2106,2064,4170
207,2106,2064,4170
207,2106,2065,4171
207,2106,2065,4171
207,2107,2065,4172
207,2107,2065,4172
207,2108,2065,4173
207,2108,2065,4173
207,2109,2065,4174
207,2109,2065,4174
207,2109,2066,4175
207,2109,2066,4175
207,2109,2067,4176
207,2109,2067,4176
207,2109,2068,4177
207,2109,2068,4177
207,2110,2068,4178
207,2110,2068,4178
207,2111,2068,4179
207,2111,2068,4179
207,2111,2068,4179
207,2111,2069,4180
207,2111,2069,4180
207,2112,2069,4181
207,2112,2068,4180
207,2112,2068,4180
207,2113,2068,4181
207,2113,2068,4181
207,2114,2068,4182
207,2113,2068,4181
207,2113,2068,4181
207,2113,2068,4181
207,2113,2068,4181
207,2114,2068,4182
207,2114,2068,4182
207,2114,2068,4182
207,2115,2068,4183
207,2115,2068,4183
207,2115,2069,4184
207,2115,2069,4184
207,2116,2069,4185
207,2115,2069,4184
207,2114,2069,4183
207,2114,2069,4183
207,2114,2069,4183
207,2115,2069,4184
207,2115,2069,4184
207,2116,2069,4185
207,2116,2069,4185
207,2117,2069,4186
207,2117,2069,4186
207,2117,2070,4187
207,2117,2070,4187
207,2117,2071,4188
207,2117,2071,4188
207,2117,2072,4189
207,2117,2072,4189
207,2117,2072,4189
207,2117,2072,4189
207,2117,2072,4189
207,2117,2072,4189
207,2118,2072,4190
207,2118,2072,4190
207,2118,2071,4189
207,2118,2071,4189
207,2119,2071,4190
207,2119,2071,4190
207,2119,2071,4190
207,2120,2071,4191
207,2120,2071,4191
207,2120,2071,4191
207,2121,2071,4192
207,2121,2071,4192
207,2121,2072,4193
207,2121,2072,4193
207,2120,2072,4192
207,2120,2072,4192
207,2120,2072,4192
207,2120,2072,4192
207,2120,2071,4191
207,2120,2071,4191
207,2120,2072,4192
207,2120,2072,4192
207,2120,2072,4192
207,2121,2072,4193
207,2120,2072,4192
207,2120,2072,4192
207,2120,2072,4192
207,2121,2072,4193
207,2121,2072,4193
207,2121,2073,4194
207,2120,2073,4193
207,2120,2073,4193
207,2121,2073,4194
207,2121,2073,4194
207,2121,2074,4195
207,2121,2074,4195
207,2121,2074,4195
207,2122,2074,4196
207,2122,2074,4196
207,2122,2074,4196
207,2122,2075,4197
207,2122,2074,4196
207,2122,2074,4196
207,2123,2074,4197
207,2123,2074,4197
207,2124,2074,4198
207,2124,2074,4198
207,2125,2074,4199
207,2125,2073,4198
207,2125,2073,4198
207,2126,2073,4199
207,2125,2073,4198
207,2124,2073,4197
207,2124,2073,4197
207,2125,2073,4198
207,2125,2073,4198
207,2125,2073,4198
207,2125,2074,4199
207,2125,2074,4199
207,2125,2075,4200
207,2125,2075,4200
207,2125,2076,4201
207,2125,2076,4201
207,2125,2076,4201
207,2125,2076,4201
207,2126,2076,4202
207,2126,2076,4202
208,2127,2076,4203
208,2127,2076,4203
208,2127,2076,4203
208,2126,2076,4202
208,2125,2076,4201
208,2125,2076,4201
208,2125,2077,4202
208,2125,2077,4202
208,2125,2078,4203
208,2125,2078,4203
208,2125,2078,4203
208,2126,2078,4204
208,2126,2078,4204
208,2125,2078,4203
208,2125,2078,4203
208,2125,2079,4204
208,2125,2079,4204
208,2126,2079,4205
208,2125,2079,4204
208,2125,2079,4204
208,2125,2080,4205
208,2124,2080,4204
208,2124,2080,4204
208,2124,2081,4205
208,2124,2081,4205
208,2124,2082,4206
208,2124,2081,4205
208,2124,2081,4205
208,2124,2080,4204
208,2124,2079,4203
208,2124,2079,4203
208,2124,2080,4204
208,2124,2079,4203
208,2124,2079,4203
208,2124,2080,4204
208,2124,2079,4203
208,2124,2078,4202
208,2124,2078,4202
208,2125,2078,4203
208,2125,2077,4202
208,2125,2077,4202
208,2125,2077,4202
208,2125,2078,4203
208,2125,2078,4203
208,2125,2079,4204
208,2125,2079,4204
208,2126,2079,4205
208,2126,2079,4205
208,2126,2079,4205
208,2126,2079,4205
208,2126,2080,4206
208,2126,2080,4206
208,2126,2080,4206
208,2126,2081,4207
208,2126,2081,4207
208,2127,2081,4208
208,2127,2081,4208
208,2126,2081,4207
208,2126,2081,4207
208,2126,2081,4207
208,2126,2081,4207
208,2127,2081,4208
208,2127,2081,4208
208,2127,2082,4209
208,2127,2082,4209
208,2127,2082,4209
208,2128,2082,4210
208,2128,2082,4210
208,2129,2082,4211
208,2129,2082,4211
208,2129,2083,4212
208,2128,2083,4211
208,2128,2083,4211
208,2129,2083,4212
208,2129,2083,4212
208,2129,2084,4213
208,2129,2084,4213
208,2129,2084,4213
208,2130,2084,4214
208,2130,2084,4214
208,2130,2085,4215
208,2130,2085,4215
208,2130,2084,4214
208,2130,2084,4214
208,2131,2084,4215
208,2131,2083,4214
208,2131,2083,4214
208,2131,2083,4214
208,2132,2083,4215
208,2131,2083,4214
208,2130,2083,4213
208,2130,2083,4213
208,2130,2084,4214
208,2130,2084,4214
208,2130,2085,4215
208,2129,2085,4214
208,2129,2085,4214
208,2129,2086,4215
208,2129,2085,4214
208,2129,2084,4213
208,2129,2084,4213
208,2129,2085,4214
208,2129,2085,4214
208,2129,2086,4215
208,2129,2086,4215
208,2130,2086,4216
208,2130,2086,4216
208,2131,2086,4217
208,2131,2086,4217
208,2131,2086,4217
208,2132,2086,4218
208,2132,2085,4217
208,2132,2085,4217
208,2132,2086,4218
208,2132,2086,4218
208,2132,2087,4219
208,2132,2087,4219
208,2132,2088,4220
208,2132,2088,4220
208,2132,2088,4220
208,2132,2089,4221
208,2132,2089,4221
208,2133,2089,4222
208,2132,2089,4221
208,2132,2089,4221
208,2132,2089,4221
208,2132,2090,4222
208,2132,2090,4222
208,2132,2090,4222
208,2133,2090,4223
208,2133,2090,4223
208,2134,2090,4224
208,2134,2090,4224
208,2134,2091,4225
208,2134,2091,4225
208,2134,2092,4226
208,2134,2092,4226
208,2135,2092,4227
208,2134,2092,4226
208,2134,2092,4226
208,2133,2092,4225
208,2133,2091,4224
208,2133,2091,4224
208,2133,2090,4223
208,2133,2090,4223
208,2133,2091,4224
208,2133,2091,4224
208,2133,2091,4224
208,2133,2092,4225
208,2133,2092,4225
208,2133,2092,4225
208,2133,2093,4226
208,2133,2093,4226
208,2134,2093,4227
208,2133,2093,4226
208,2133,2093,4226
208,2132,2093,4225
208,2132,2093,4225
208,2132,2094,4226
208,2132,2094,4226
208,2132,2093,4225
208,2132,2093,4225
208,2132,2093,4225
208,2132,2094,4226
208,2132,2094,4226
208,2132,2094,4226
208,2133,2094,4227
208,2133,2094,4227
208,2133,2094,4227
208,2133,2093,4226
208,2132,2093,4225
208,2132,2093,4225
208,2133,2093,4226
208,2133,2093,4226
208,2133,2094,4227
208,2133,2094,4227
208,2134,2094,4228
208,2134,2094,4228
208,2134,2094,4228
208,2134,2094,4228
208,2135,2094,4229
208,2135,2094,4229
208,2135,2095,4230
208,2135,2095,4230
208,2136,2095,4231
208,2136,2095,4231
208,2137,2095,4232
208,2137,2095,4232
208,2137,2095,4232
208,2137,2096,4233
208,2137,2096,4233
208,2137,2097,4234
208,2137,2097,4234
208,2137,2096,4233
208,2137,2096,4233
208,2137,2097,4234
208,2137,2097,4234
208,2137,2097,4234
208,2137,2098,4235
208,2137,2097,4234
208,2137,2097,4234
208,2137,2097,4234
208,2137,2098,4235
208,2137,2098,4235
208,2137,2098,4235
208,2138,2098,4236
208,2138,2098,4236
208,2138,2098,4236
208,2139,2098,4237
208,2139,2098,4237
208,2140,2098,4238
208,2140,2098,4238
208,2140,2099,4239
208,2140,2099,4239
208,2140,2100,4240
208,2140,2100,4240
208,2141,2100,4241
208,2141,2100,4241
208,2142,2100,4242
208,2142,2100,4242
208,2143,2100,4243
208,2143,2100,4243
208,2143,2101,4244
208,2143,2100,4243
208,2143,2100,4243
208,2143,2101,4244
208,2143,2101,4244
208,2144,2101,4245
208,2144,2101,4245
208,2144,2100,4244
208,2144,2100,4244
208,2144,2100,4244
208,2144,2100,4244
208,2145,2100,4245
208,2145,2100,4245
208,2145,2101,4246
208,2145,2101,4246
208,2145,2101,4246
208,2145,2102,4247
208,2145,2102,4247
208,2145,2103,4248
208,2144,2103,4247
208,2144,2102,4246
208,2144,2102,4246
208,2144,2103,4247
208,2144,2103,4247
208,2145,2103,4248
208,2145,2103,4248
208,2145,2104,4249
208,2145,2104,4249
208,2145,2105,4250
208,2145,2105,4250
208,2145,2104,4249
208,2145,2104,4249
208,2145,2104,4249
208,2145,2104,4249
208,2145,2105,4250
208,2145,2105,4250
208,2146,2105,4251
208,2146,2105,4251
208,2146,2106,4252
208,2146,2105,4251
208,2146,2105,4251
208,2146,2104,4250
208,2146,2104,4250
208,2146,2104,4250
208,2146,2104,4250
208,2146,2105,4251
208,2146,2105,4251
208,2146,2106,4252
208,2146,2106,4252
208,2146,2106,4252
208,2146,2106,4252
208,2145,2106,4251
208,2145,2105,4250
208,2145,2105,4250
208,2145,2106,4251
208,2145,2105,4250
208,2145,2105,4250
208,2145,2105,4250
208,2146,2105,4251
208,2146,2105,4251
208,2147,2105,4252
208,2147,2105,4252
208,2148,2105,4253
208,2148,2104,4252
208,2148,2104,4252
208,2148,2105,4253
208,2148,2105,4253
208,2148,2105,4253
208,2148,2106,4254
208,2148,2106,4254
208,2147,2106,4253
208,2147,2106,4253
208,2147,2107,4254
208,2147,2107,4254
208,2147,2108,4255
208,2147,2108,4255
208,2147,2109,4256
208,2147,2108,4255
208,2147,2108,4255
208,2148,2108,4256
208,2148,2108,4256
208,2148,2108,4256
208,2149,2108,4257
208,2149,2108,4257
208,2149,2109,4258
208,2149,2109,4258
208,2149,2109,4258
208,2149,2109,4258
208,2149,2110,4259
208,2149,2110,4259
208,2150,2110,4260
208,2150,2110,4260
208,2151,2110,4261
208,2151,2109,4260
208,2151,2109,4260
208,2151,2109,4260
208,2151,2110,4261
208,2151,2110,4261
208,2151,2111,4262
208,2150,2111,4261
208,2150,2111,4261
208,2150,2112,4262
208,2150,2112,4262
208,2151,2112,4263
208,2151,2111,4262
208,2151,2111,4262
208,2151,2112,4263
208,2150,2112,4262
208,2150,2112,4262
208,2150,2111,4261
208,2150,2111,4261
208,2150,2111,4261
208,2151,2111,4262
208,2151,2111,4262
208,2152,2111,4263
208,2152,2111,4263
208,2152,2112,4264
208,2152,2112,4264
208,2152,2111,4263
208,2152,2111,4263
208,2152,2112,4264
208,2152,2112,4264
208,2152,2113,4265
208,2152,2112,4264
208,2152,2112,4264
208,2152,2113,4265
208,2152,2113,4265
208,2153,2113,4266
208,2153,2113,4266
208,2153,2114,4267
208,2153,2114,4267
208,2154,2114,4268
208,2154,2114,4268
208,2154,2115,4269
208,2154,2114,4268
208,2154,2113,4267
208,2154,2113,4267
208,2154,2113,4267
208,2154,2113,4267
208,2154,2113,4267
208,2155,2113,4268
208,2155,2113,4268
208,2156,2113,4269
208,2156,2113,4269
208,2157,2113,4270
208,2157,2113,4270
208,2158,2113,4271
208,2158,2113,4271
208,2158,2114,4272
208,2157,2114,4271
208,2157,2114,4271
208,2158,2114,4272
208,2158,2114,4272
208,2159,2114,4273
208,2159,2114,4273
208,2160,2114,4274
208,2160,2114,4274
208,2160,2113,4273
208,2160,2113,4273
208,2160,2114,4274
208,2160,2114,4274
208,2161,2114,4275
208,2161,2114,4275
208,2162,2114,4276
208,2161,2114,4275
208,2160,2114,4274
208,2160,2114,4274
208,2161,2114,4275
208,2160,2114,4274
208,2160,2114,4274
208,2161,2114,4275
208,2161,2114,4275
208,2162,2114,4276
208,2162,2114,4276
208,2162,2114,4276
208,2162,2114,4276
208,2162,2115,4277
208,2162,2115,4277
208,2162,2115,4277
208,2162,2116,4278
208,2162,2116,4278
208,2163,2116,4279
208,2163,2116,4279
208,2163,2117,4280
208,2163,2117,4280
208,2163,2117,4280
208,2163,2117,4280
208,2162,2117,4279
208,2162,2117,4279
208,2162,2117,4279
208,2162,2118,4280
208,2162,2118,4280
208,2162,2117,4279
208,2162,2117,4279
208,2163,2117,4280
208,2163,2117,4280
208,2163,2118,4281
208,2163,2117,4280
208,2163,2116,4279
208,2163,2116,4279
208,2163,2116,4279
208,2163,2116,4279
208,2163,2117,4280
208,2163,2117,4280
208,2163,2118,4281
208,2163,2118,4281
208,2164,2118,4282
208,2163,2118,4281
208,2163,2118,4281
208,2163,2119,4282
208,2163,2119,4282
208,2163,2120,4283
208,2163,2120,4283
208,2162,2120,4282
208,2162,2119,4281
208,2162,2119,4281
208,2162,2118,4280
208,2162,2118,4280
208,2162,2119,4281
208,2162,2119,4281
208,2163,2119,4282
208,2163,2119,4282
208,2163,2119,4282
208,2164,2119,4283
208,2164,2119,4283
208,2165,2119,4284
208,2165,2119,4284
208,2165,2119,4284
208,2166,2119,4285
208,2166,2118,4284
208,2166,2118,4284
208,2165,2118,4283
208,2164,2118,4282
208,2164,2118,4282
208,2164,2119,4283
208,2164,2119,4283
208,2164,2120,4284
208,2164,2120,4284
208,2164,2121,4285
208,2163,2121,4284
208,2163,2121,4284
208,2164,2121,4285
208,2164,2121,4285
208,2164,2122,4286
208,2164,2122,4286
208,2165,2122,4287
208,2165,2122,4287
208,2166,2122,4288
208,2166,2122,4288
208,2166,2123,4289
208,2166,2122,4288
208,2166,2122,4288
208,2166,2121,4287
208,2166,2121,4287
208,2167,2121,4288
208,2167,2121,4288
208,2167,2121,4288
208,2167,2122,4289
208,2167,2122,4289
208,2167,2123,4290
208,2166,2123,4289
208,2166,2123,4289
208,2167,2123,4290
208,2167,2123,4290
208,2167,2124,4291
208,2167,2124,4291
208,2167,2123,4290
208,2167,2123,4290
208,2167,2123,4290
208,2168,2123,4291
208,2168,2123,4291
208,2168,2123,4291
208,2169,2123,4292
208,2169,2123,4292
208,2169,2124,4293
208,2169,2124,4293
208,2169,2124,4293
208,2169,2125,4294
209,2169,2124,4293
209,2169,2123,4292
209,2169,2123,4292
209,2169,2124,4293
209,2169,2124,4293
209,2169,2125,4294
209,2169,2124,4293
209,2169,2123,4292
209,2169,2123,4292
209,2169,2124,4293
209,2169,2124,4293
209,2170,2124,4294
209,2170,2124,4294
209,2170,2124,4294
209,2170,2125,4295
209,2170,2124,4294
209,2170,2124,4294
209,2171,2124,4295
209,2171,2124,4295
209,2171,2125,4296
209,2171,2125,4296
209,2171,2125,4296
209,2171,2126,4297
209,2171,2126,4297
209,2172,2126,4298
209,2172,2125,4297
209,2172,2125,4297
209,2172,2126,4298
209,2171,2126,4297
209,2171,2125,4296
209,2171,2125,4296
209,2171,2126,4297
209,2171,2126,4297
209,2171,2126,4297
209,2171,2126,4297
209,2171,2127,4298
209,2171,2127,4298
209,2171,2127,4298
209,2171,2127,4298
209,2172,2127,4299
209,2172,2127,4299
209,2172,2128,4300
209,2172,2127,4299
209,2172,2127,4299
209,2172,2128,4300
209,2172,2128,4300
209,2173,2128,4301
209,2173,2127,4300
209,2173,2127,4300
209,2174,2127,4301
209,2174,2127,4301
209,2173,2127,4300
209,2173,2127,4300
209,2174,2127,4301
209,2174,2127,4301
209,2174,2127,4301
209,2174,2128,4302
209,2174,2128,4302
209,2175,2128,4303
209,2175,2128,4303
209,2174,2128,4302
209,2174,2128,4302
209,2175,2128,4303
209,2174,2128,4302
209,2174,2128,4302
209,2174,2128,4302
209,2174,2128,4302
209,2174,2129,4303
209,2174,2129,4303
209,2175,2129,4304
209,2175,2129,4304
209,2176,2129,4305
209,2176,2129,4305
209,2176,2130,4306
209,2176,2130,4306
209,2177,2130,4307
209,2177,2130,4307
209,2177,2131,4308
209,2177,2131,4308
209,2178,2131,4309
209,2177,2131,4308
209,2177,2131,4308
209,2177,2131,4308
209,2177,2131,4308
209,2177,2131,4308
209,2176,2131,4307
209,2176,2131,4307
209,2177,2131,4308
209,2177,2130,4307
209,2177,2130,4307
209,2176,2130,4306
209,2176,2130,4306
209,2176,2130,4306
209,2177,2130,4307
209,2177,2130,4307
209,2177,2130,4307
209,2177,2131,4308
209,2176,2131,4307
209,2176,2131,4307
209,2177,2131,4308
209,2177,2131,4308
209,2177,2132,4309
209,2177,2132,4309
209,2178,2132,4310
209,2178,2132,4310
209,2178,2131,4309
209,2178,2131,4309
209,2178,2132,4310
209,2177,2132,4309
209,2177,2132,4309
209,2178,2132,4310
209,2178,2132,4310
209,2178,2132,4310
209,2178,2132,4310
209,2179,2132,4311
209,2179,2132,4311
209,2179,2133,4312
209,2179,2133,4312
209,2180,2133,4313
209,2180,2133,4313
209,2180,2134,4314
209,2180,2133,4313
209,2180,2133,4313
209,2180,2132,4312
209,2180,2132,4312
209,2180,2132,4312
209,2181,2132,4313
209,2181,2132,4313
209,2180,2132,4312
209,2180,2132,4312
209,2180,2133,4313
209,2180,2133,4313
209,2180,2133,4313
209,2180,2134,4314
209,2180,2134,4314
209,2181,2134,4315
209,2181,2134,4315
209,2181,2134,4315
209,2181,2135,4316
209,2181,2135,4316
209,2182,2135,4317
209,2182,2135,4317
209,2183,2135,4318
209,2183,2135,4318
209,2184,2135,4319
209,2184,2135,4319
209,2184,2136,4320
209,2184,2136,4320
209,2184,2136,4320
209,2185,2136,4321
209,2185,2136,4321
209,2185,2137,4322
209,2185,2137,4322
209,2184,2137,4321
209,2184,2137,4321
209,2184,2138,4322
209,2184,2138,4322
209,2184,2139,4323
209,2184,2139,4323
209,2185,2139,4324
209,2185,2138,4323
209,2184,2138,4322
209,2184,2138,4322
209,2185,2138,4323
209,2185,2138,4323
209,2186,2138,4324
209,2186,2138,4324
209,2186,2138,4324
209,2187,2138,4325
209,2187,2137,4324
209,2187,2137,4324
209,2187,2138,4325
209,2187,2138,4325
209,2187,2138,4325
209,2187,2139,4326
209,2187,2139,4326
209,2186,2139,4325
209,2186,2139,4325
209,2186,2139,4325
209,2186,2140,4326
209,2186,2140,4326
209,2187,2140,4327
209,2187,2140,4327
209,2187,2141,4328
209,2187,2141,4328
209,2188,2141,4329
209,2188,2141,4329
209,2189,2141,4330
209,2189,2141,4330
209,2189,2142,4331
209,2189,2142,4331
209,2190,2142,4332
209,2190,2142,4332
209,2191,2142,4333
209,2191,2142,4333
209,2191,2143,4334
209,2191,2143,4334
209,2191,2143,4334
209,2191,2144,4335
209,2191,2144,4335
209,2191,2145,4336
209,2191,2145,4336
209,2191,2145,4336
209,2191,2146,4337
209,2191,2146,4337
209,2191,2147,4338
209,2191,2147,4338
209,2191,2147,4338
209,2191,2147,4338
209,2192,2147,4339
209,2192,2147,4339
209,2192,2148,4340
209,2192,2148,4340
209,2192,2149,4341
209,2192,2148,4340
209,2192,2147,4339
209,2192,2147,4339
209,2192,2148,4340
209,2192,2148,4340
209,2193,2148,4341
209,2193,2148,4341
209,2193,2149,4342
209,2193,2149,4342
209,2193,2150,4343
209,2193,2150,4343
209,2194,2150,4344
209,2194,2150,4344
209,2194,2150,4344
209,2194,2150,4344
209,2194,2150,4344
209,2194,2151,4345
209,2194,2150,4344
209,2194,2150,4344
209,2194,2151,4345
209,2194,2151,4345
209,2194,2151,4345
209,2194,2152,4346
209,2194,2152,4346
209,2194,2152,4346
209,2194,2153,4347
209,2194,2152,4346
209,2194,2152,4346
209,2194,2152,4346
209,2194,2152,4346
209,2195,2152,4347
209,2195,2152,4347
209,2195,2153,4348
209,2195,2153,4348
209,2196,2153,4349
209,2196,2153,4349
209,2196,2153,4349
209,2197,2153,4350
209,2197,2153,4350
209,2198,2153,4351
209,2198,2153,4351
209,2199,2153,4352
209,2199,2152,4351
209,2199,2152,4351
209,2198,2152,4350
209,2198,2152,4350
209,2199,2152,4351
209,2198,2152,4350
209,2198,2152,4350
209,2199,2152,4351
209,2199,2152,4351
209,2200,2152,4352
209,2200,2152,4352
209,2199,2152,4351
209,2199,2152,4351
209,2199,2152,4351
209,2199,2153,4352
209,2199,2153,4352
209,2199,2154,4353
209,2199,2154,4353
209,2198,2154,4352
209,2198,2154,4352
209,2199,2154,4353
209,2199,2154,4353
209,2199,2155,4354
209,2199,2155,4354
209,2200,2155,4355
209,2200,2155,4355
209,2200,2156,4356
209,2200,2156,4356
209,2201,2156,4357
209,2201,2156,4357
209,2201,2157,4358
209,2201,2157,4358
209,2202,2157,4359
209,2202,2157,4359
209,2202,2156,4358
209,2202,2156,4358
209,2202,2157,4359
209,2202,2157,4359
209,2203,2157,4360
209,2203,2157,4360
209,2203,2158,4361
209,2203,2158,4361
209,2204,2158,4362
209,2204,2158,4362
209,2204,2159,4363
209,2204,2159,4363
209,2205,2159,4364
209,2205,2159,4364
209,2205,2160,4365
209,2205,2160,4365
209,2205,2161,4366
209,2204,2161,4365
209,2204,2161,4365
209,2204,2161,4365
209,2204,2161,4365
209,2204,2162,4366
209,2204,2162,4366
209,2204,2161,4365
209,2204,2161,4365
209,2205,2161,4366
209,2205,2161,4366
209,2205,2161,4366
209,2205,2162,4367
209,2205,2162,4367
209,2205,2162,4367
209,2205,2163,4368
209,2205,2162,4367
209,2205,2161,4366
209,2205,2161,4366
209,2205,2162,4367
209,2205,2162,4367
209,2205,2162,4367
209,2205,2161,4366
209,2205,2161,4366
209,2206,2161,4367
209,2206,2161,4367
209,2206,2162,4368
209,2206,2162,4368
209,2206,2163,4369
209,2206,2163,4369
209,2207,2163,4370
209,2207,2163,4370
209,2207,2162,4369
209,2206,2162,4368
209,2206,2161,4367
209,2206,2161,4367
209,2207,2161,4368
209,2207,2161,4368
209,2207,2161,4368
209,2207,2161,4368
209,2207,2162,4369
209,2207,2162,4369
209,2208,2162,4370
209,2208,2162,4370
209,2208,2162,4370
209,2208,2163,4371
209,2208,2163,4371
209,2208,2163,4371
209,2208,2164,4372
209,2208,2163,4371
209,2208,2163,4371
209,2208,2163,4371
209,2208,2164,4372
209,2208,2164,4372
209,2208,2164,4372
209,2208,2163,4371
209,2208,2162,4370
209,2208,2162,4370
209,2209,2162,4371
209,2209,2162,4371
209,2210,2162,4372
209,2210,2162,4372
209,2210,2163,4373
209,2210,2162,4372
209,2210,2162,4372
209,2210,2162,4372
209,2211,2162,4373
209,2211,2162,4373
209,2211,2162,4373
209,2212,2162,4374
209,2212,2162,4374
209,2212,2162,4374
209,2212,2162,4374
209,2213,2162,4375
209,2213,2161,4374
209,2213,2161,4374
209,2212,2161,4373
209,2212,2161,4373
209,2211,2161,4372
209,2211,2161,4372
209,2211,2161,4372
209,2211,2162,4373
209,2211,2162,4373
209,2211,2163,4374
209,2211,2163,4374
209,2210,2163,4373
209,2210,2163,4373
209,2210,2163,4373
209,2210,2163,4373
209,2210,2164,4374
209,2210,2164,4374
209,2210,2164,4374
209,2210,2164,4374
209,2211,2164,4375
209,2211,2164,4375
209,2211,2163,4374
209,2211,2163,4374
209,2211,2164,4375
209,2211,2164,4375
209,2211,2164,4375
209,2211,2164,4375
209,2211,2165,4376
209,2211,2165,4376
209,2210,2165,4375
209,2210,2165,4375
209,2210,2166,4376
209,2210,2166,4376
209,2210,2165,4375
209,2210,2165,4375
209,2211,2165,4376
209,2211,2165,4376
209,2211,2166,4377
209,2211,2166,4377
209,2211,2167,4378
209,2211,2167,4378
209,2212,2167,4379
209,2212,2167,4379
209,2213,2167,4380
209,2213,2167,4380
209,2214,2167,4381
209,2214,2167,4381
209,2214,2168,4382
209,2214,2168,4382
209,2215,2168,4383
209,2215,2168,4383
209,2215,2169,4384
209,2215,2169,4384
209,2215,2169,4384
209,2216,2169,4385
209,2216,2169,4385
209,2217,2169,4386
209,2217,2169,4386
209,2217,2169,4386
209,2218,2169,4387
209,2218,2169,4387
209,2219,2169,4388
209,2219,2169,4388
209,2219,2169,4388
209,2219,2169,4388
209,2219,2170,4389
209,2219,2170,4389
209,2219,2171,4390
209,2219,2171,4390
209,2220,2171,4391
209,2220,2171,4391
209,2221,2171,4392
209,2221,2171,4392
209,2222,2171,4393
209,2222,2171,4393
209,2222,2172,4394
209,2222,2172,4394
209,2222,2173,4395
209,2222,2172,4394
209,2222,2172,4394
209,2223,2172,4395
209,2223,2171,4394
209,2223,2171,4394
209,2223,2171,4394
209,2224,2171,4395
209,2224,2171,4395
209,2224,2172,4396
209,2224,2172,4396
209,2225,2172,4397
209,2225,2172,4397
209,2225,2172,4397
209,2225,2173,4398
209,2225,2173,4398
209,2225,2173,4398
209,2225,2174,4399
209,2225,2174,4399
209,2226,2174,4400
209,2225,2174,4399
209,2225,2174,4399
209,2225,2174,4399
209,2225,2174,4399
209,2225,2174,4399
209,2226,2174,4400
209,2226,2174,4400
209,2226,2175,4401
209,2225,2175,4400
209,2225,2175,4400
209,2226,2175,4401
209,2226,2174,4400
209,2226,2174,4400
209,2227,2174,4401
209,2227,2174,4401
209,2227,2174,4401
209,2227,2174,4401
209,2228,2174,4402
209,2227,2174,4401
209,2227,2174,4401
209,2227,2175,4402
209,2227,2175,4402
209,2228,2175,4403
209,2227,2175,4402
209,2227,2175,4402
209,2228,2175,4403
209,2228,2175,4403
209,2228,2176,4404
209,2228,2176,4404
209,2229,2176,4405
209,2229,2176,4405
209,2229,2176,4405
209,2229,2177,4406
209,2229,2177,4406
209,2229,2178,4407
209,2229,2178,4407
209,2230,2178,4408
209,2230,2178,4408
209,2230,2178,4408
209,2230,2179,4409
209,2230,2179,4409
209,2231,2179,4410
209,2231,2179,4410
209,2231,2179,4410
209,2230,2179,4409
209,2230,2179,4409
210,2230,2180,4410
210,2230,2180,4410
210,2230,2181,4411
210,2229,2181,4410
210,2229,2181,4410
210,2229,2182,4411
210,2229,2182,4411
210,2229,2183,4412
210,2229,2182,4411
210,2229,2182,4411
210,2230,2182,4412
210,2230,2182,4412
210,2230,2183,4413
210,2230,2182,4412
210,2230,2182,4412
210,2230,2181,4411
210,2230,2181,4411
210,2230,2182,4412
210,2229,2182,4411
210,2229,2182,4411
210,2230,2182,4412
210,2230,2182,4412
210,2231,2182,4413
210,2231,2182,4413
210,2231,2183,4414
210,2231,2183,4414
210,2231,2184,4415
210,2231,2184,4415
210,2231,2185,4416
210,2231,2185,4416
210,2232,2185,4417
210,2232,2185,4417
210,2233,2185,4418
210,2233,2185,4418
210,2233,2185,4418
210,2233,2186,4419
210,2233,2185,4418
210,2233,2184,4417
210,2233,2184,4417
210,2233,2184,4417
210,2233,2185,4418
210,2232,2185,4417
210,2232,2185,4417
210,2233,2185,4418
210,2233,2185,4418
210,2233,2186,4419
210,2233,2186,4419
210,2233,2187,4420
210,2233,2187,4420
210,2233,2188,4421
210,2233,2188,4421
210,2234,2188,4422
210,2234,2188,4422
210,2234,2189,4423
210,2234,2188,4422
210,2234,2188,4422
210,2235,2188,4423
210,2235,2188,4423
210,2236,2188,4424
210,2236,2188,4424
210,2237,2188,4425
210,2237,2188,4425
210,2237,2189,4426
210,2237,2189,4426
210,2237,2189,4426
210,2238,2189,4427
210,2238,2189,4427
210,2238,2189,4427
210,2238,2190,4428
210,2238,2189,4427
210,2238,2189,4427
210,2238,2190,4428
210,2238,2190,4428
210,2238,2191,4429
210,2238,2191,4429
210,2239,2191,4430
210,2239,2191,4430
210,2240,2191,4431
210,2240,2191,4431
210,2241,2191,4432
210,2241,2191,4432
210,2241,2191,4432
210,2241,2191,4432
210,2241,2191,4432
210,2241,2192,4433
210,2241,2192,4433
210,2241,2192,4433
210,2241,2192,4433
210,2241,2193,4434
210,2241,2192,4433
210,2241,2192,4433
210,2242,2192,4434
210,2242,2192,4434
210,2242,2191,4433
210,2242,2191,4433
210,2243,2191,4434
210,2243,2191,4434
210,2243,2191,4434
210,2244,2191,4435
210,2244,2191,4435
210,2244,2191,4435
210,2243,2191,4434
210,2243,2191,4434
210,2243,2192,4435
210,2243,2192,4435
210,2244,2192,4436
210,2243,2192,4435
210,2242,2192,4434
210,2242,2192,4434
210,2242,2192,4434
210,2242,2193,4435
210,2242,2193,4435
210,2242,2193,4435
210,2242,2194,4436
210,2242,2194,4436
210,2242,2195,4437
210,2242,2195,4437
210,2242,2196,4438
210,2242,2195,4437
210,2242,2194,4436
210,2242,2193,4435
210,2242,2193,4435
210,2242,2193,4435
210,2242,2193,4435
210,2243,2193,4436
210,2243,2192,4435
210,2242,2192,4434
210,2242,2192,4434
210,2242,2193,4435
210,2242,2193,4435
210,2242,2194,4436
210,2242,2194,4436
210,2242,2193,4435
210,2242,2193,4435
210,2242,2193,4435
210,2242,2193,4435
210,2242,2193,4435
210,2242,2194,4436
210,2242,2194,4436
210,2242,2195,4437
210,2242,2195,4437
210,2242,2195,4437
210,2242,2196,4438
210,2242,2196,4438
210,2242,2196,4438
210,2242,2196,4438
210,2242,2196,4438
210,2242,2197,4439
210,2242,2197,4439
210,2243,2197,4440
210,2243,2197,4440
210,2244,2197,4441
210,2244,2197,4441
210,2244,2197,4441
210,2244,2197,4441
210,2244,2198,4442
210,2244,2198,4442
210,2245,2198,4443
210,2245,2197,4442
210,2244,2197,4441
210,2244,2197,4441
210,2244,2198,4442
210,2244,2198,4442
210,2244,2199,4443
210,2244,2198,4442
210,2244,2197,4441
210,2244,2197,4441
210,2244,2198,4442
210,2244,2198,4442
210,2244,2198,4442
210,2244,2198,4442
210,2244,2198,4442
210,2245,2198,4443
210,2245,2197,4442
210,2244,2197,4441
210,2244,2197,4441
210,2245,2197,4442
210,2245,2197,4442
210,2245,2198,4443
210,2245,2198,4443
210,2246,2198,4444
210,2246,2198,4444
210,2247,2198,4445
210,2247,2198,4445
210,2248,2198,4446
210,2248,2198,4446
210,2248,2199,4447
210,2248,2199,4447
210,2249,2199,4448
210,2249,2198,4447
210,2249,2198,4447
210,2249,2198,4447
210,2249,2199,4448
210,2249,2199,4448
210,2249,2199,4448
210,2249,2200,4449
210,2249,2200,4449
210,2249,2201,4450
210,2248,2201,4449
210,2248,2201,4449
210,2249,2201,4450
210,2249,2201,4450
210,2249,2200,4449
210,2249,2200,4449
210,2249,2201,4450
210,2249,2201,4450
210,2250,2201,4451
210,2250,2201,4451
210,2249,2201,4450
210,2248,2201,4449
210,2248,2201,4449
210,2248,2202,4450
210,2248,2202,4450
210,2248,2203,4451
210,2248,2203,4451
210,2248,2204,4452
210,2248,2204,4452
210,2248,2205,4453
210,2248,2205,4453
210,2249,2205,4454
210,2249,2205,4454
210,2249,2206,4455
210,2249,2206,4455
210,2249,2207,4456
210,2249,2207,4456
210,2249,2207,4456
210,2249,2207,4456
210,2250,2207,4457
210,2250,2206,4456
210,2250,2206,4456
210,2250,2206,4456
210,2251,2206,4457
210,2251,2206,4457
210,2252,2206,4458
210,2251,2206,4457
210,2251,2206,4457
210,2251,2206,4457
210,2251,2206,4457
210,2252,2206,4458
210,2252,2206,4458
210,2253,2206,4459
210,2253,2206,4459
210,2254,2206,4460
210,2254,2206,4460
210,2255,2206,4461
210,2255,2206,4461
210,2256,2206,4462
210,2256,2206,4462
210,2257,2206,4463
210,2257,2206,4463
210,2257,2207,4464
210,2257,2207,4464
210,2257,2208,4465
210,2257,2208,4465
210,2258,2208,4466
210,2258,2208,4466
210,2258,2209,4467
210,2258,2209,4467
210,2258,2210,4468
210,2257,2210,4467
210,2257,2210,4467
210,2257,2210,4467
210,2257,2211,4468
210,2257,2211,4468
210,2257,2211,4468
210,2257,2211,4468
210,2258,2211,4469
210,2258,2211,4469
210,2259,2211,4470
210,2259,2211,4470
210,2259,2211,4470
210,2259,2212,4471
210,2259,2212,4471
210,2260,2212,4472
210,2260,2212,4472
210,2261,2212,4473
210,2261,2212,4473
210,2262,2212,4474
210,2262,2212,4474
210,2262,2211,4473
210,2262,2211,4473
210,2262,2212,4474
210,2261,2212,4473
210,2261,2212,4473
210,2262,2212,4474
210,2262,2212,4474
210,2262,2212,4474
210,2263,2212,4475
210,2263,2211,4474
210,2263,2211,4474
210,2264,2211,4475
210,2264,2211,4475
210,2263,2211,4474
210,2263,2211,4474
210,2264,2211,4475
210,2264,2211,4475
210,2264,2212,4476
210,2264,2212,4476
210,2265,2212,4477
210,2265,2212,4477
210,2265,2212,4477
210,2266,2212,4478
210,2266,2212,4478
210,2266,2213,4479
210,2266,2213,4479
210,2266,2214,4480
210,2266,2214,4480
210,2267,2214,4481
210,2267,2214,4481
210,2267,2215,4482
210,2267,2215,4482
210,2267,2216,4483
210,2267,2216,4483
210,2267,2216,4483
210,2268,2216,4484
210,2268,2216,4484
210,2268,2217,4485
210,2268,2217,4485
210,2268,2217,4485
210,2268,2218,4486
210,2268,2218,4486
210,2268,2219,4487
210,2268,2219,4487
210,2267,2219,4486
210,2267,2219,4486
210,2267,2219,4486
210,2267,2219,4486
210,2267,2220,4487
210,2267,2219,4486
210,2267,2219,4486
210,2267,2220,4487
210,2267,2219,4486
210,2267,2218,4485
210,2267,2218,4485
210,2267,2218,4485
210,2267,2219,4486
210,2267,2219,4486
210,2267,2219,4486
210,2268,2219,4487
210,2268,2218,4486
210,2268,2218,4486
210,2269,2218,4487
210,2269,2218,4487
210,2270,2218,4488
210,2269,2218,4487
210,2269,2218,4487
210,2269,2218,4487
210,2269,2218,4487
210,2269,2219,4488
210,2268,2219,4487
210,2268,2219,4487
210,2269,2219,4488
210,2269,2218,4487
210,2268,2218,4486
210,2267,2218,4485
210,2267,2218,4485
210,2268,2218,4486
210,2268,2218,4486
210,2268,2218,4486
210,2268,2217,4485
210,2267,2217,4484
210,2267,2217,4484
210,2267,2218,4485
210,2267,2218,4485
210,2267,2217,4484
210,2267,2216,4483
210,2267,2216,4483
210,2267,2216,4483
210,2267,2216,4483
210,2267,2217,4484
210,2267,2217,4484
210,2267,2217,4484
210,2267,2217,4484
210,2268,2217,4485
210,2268,2217,4485
210,2269,2217,4486
210,2269,2217,4486
210,2269,2218,4487
210,2269,2218,4487
210,2270,2218,4488
210,2270,2218,4488
210,2270,2218,4488
210,2270,2219,4489
210,2270,2219,4489
210,2269,2219,4488
210,2269,2218,4487
210,2269,2218,4487
210,2269,2218,4487
210,2270,2218,4488
210,2270,2218,4488
210,2270,2219,4489
210,2270,2219,4489
210,2271,2219,4490
210,2271,2219,4490
210,2271,2220,4491
210,2270,2220,4490
210,2270,2220,4490
210,2270,2221,4491
210,2270,2220,4490
210,2270,2220,4490
210,2270,2220,4490
210,2270,2221,4491
210,2270,2220,4490
210,2270,2220,4490
210,2270,2220,4490
210,2271,2220,4491
210,2271,2220,4491
210,2271,2221,4492
210,2271,2221,4492
210,2271,2220,4491
210,2271,2220,4491
210,2271,2221,4492
210,2271,2221,4492
210,2272,2221,4493
210,2272,2221,4493
210,2272,2222,4494
210,2272,2222,4494
210,2272,2222,4494
210,2272,2222,4494
210,2272,2222,4494
210,2272,2221,4493
210,2272,2221,4493
210,2273,2221,4494
210,2273,2221,4494
210,2274,2221,4495
210,2274,2220,4494
210,2273,2220,4493
210,2273,2220,4493
210,2273,2221,4494
210,2273,2221,4494
210,2274,2221,4495
210,2273,2221,4494
210,2272,2221,4493
210,2272,2220,4492
210,2272,2220,4492
210,2271,2220,4491
210,2271,2220,4491
210,2271,2220,4491
210,2271,2220,4491
210,2271,2220,4491
210,2271,2221,4492
210,2271,2221,4492
210,2271,2221,4492
210,2271,2221,4492
210,2271,2222,4493
210,2271,2222,4493
210,2271,2222,4493
210,2271,2221,4492
210,2271,2220,4491
210,2271,2219,4490
210,2271,2219,4490
210,2272,2219,4491
210,2272,2219,4491
210,2271,2219,4490
210,2271,2219,4490
210,2271,2220,4491
210,2271,2220,4491
210,2270,2220,4490
210,2270,2220,4490
210,2270,2220,4490
210,2270,2221,4491
210,2270,2221,4491
210,2270,2221,4491
210,2271,2221,4492
210,2271,2221,4492
210,2272,2221,4493
210,2272,2221,4493
210,2272,2221,4493
210,2272,2222,4494
210,2272,2222,4494
210,2272,2223,4495
210,2272,2223,4495
210,2272,2223,4495
210,2272,2223,4495
210,2272,2223,4495
210,2273,2223,4496
210,2273,2223,4496
210,2273,2224,4497
210,2273,2224,4497
210,2273,2224,4497
210,2273,2224,4497
210,2273,2225,4498
210,2273,2224,4497
210,2273,2224,4497
210,2273,2223,4496
210,2273,2222,4495
210,2273,2222,4495
210,2272,2222,4494
210,2272,2222,4494
210,2272,2222,4494
210,2273,2222,4495
210,2273,2222,4495
210,2274,2222,4496
210,2274,2222,4496
210,2274,2223,4497
210,2274,2223,4497
210,2274,2224,4498
210,2274,2224,4498
210,2274,2223,4497
210,2274,2223,4497
210,2274,2224,4498
210,2274,2223,4497
210,2274,2222,4496
210,2274,2222,4496
210,2275,2222,4497
210,2275,2222,4497
210,2275,2221,4496
210,2275,2221,4496
210,2274,2221,4495
210,2274,2221,4495
210,2275,2221,4496
210,2275,2221,4496
210,2275,2221,4496
210,2274,2221,4495
210,2274,2221,4495
210,2274,2222,4496
210,2273,2222,4495
210,2273,2222,4495
210,2273,2223,4496
210,2273,2223,4496
210,2273,2224,4497
210,2273,2224,4497
210,2273,2224,4497
210,2273,2224,4497
210,2273,2224,4497
210,2273,2225,4498
210,2273,2225,4498
210,2274,2225,4499
210,2274,2225,4499
210,2274,2226,4500
210,2274,2226,4500
210,2274,2226,4500
210,2274,2227,4501
210,2274,2227,4501
210,2274,2227,4501
210,2275,2227,4502
210,2275,2227,4502
211,2275,2228,4503
211,2275,2228,4503
211,2275,2228,4503
211,2275,2228,4503
211,2275,2228,4503
211,2276,2228,4504
211,2276,2228,4504
211,2277,2228,4505
211,2277,2228,4505
211,2277,2229,4506
211,2277,2228,4505
211,2277,2228,4505
211,2277,2228,4505
211,2277,2229,4506
211,2277,2229,4506
211,2277,2230,4507
211,2277,2230,4507
211,2277,2231,4508
211,2277,2230,4507
211,2277,2230,4507
211,2277,2231,4508
211,2277,2231,4508
211,2277,2232,4509
211,2277,2232,4509
211,2277,2232,4509
211,2277,2232,4509
211,2278,2232,4510
211,2278,2232,4510
211,2278,2233,4511
211,2278,2233,4511
211,2279,2233,4512
211,2279,2232,4511
211,2279,2232,4511
211,2279,2233,4512
211,2279,2233,4512
211,2279,2234,4513
211,2279,2234,4513
211,2280,2234,4514
211,2280,2234,4514
211,2281,2234,4515
211,2281,2234,4515
211,2281,2234,4515
211,2282,2234,4516
211,2282,2234,4516
211,2283,2234,4517
211,2283,2234,4517
211,2283,2234,4517
211,2283,2235,4518
211,2283,2235,4518
211,2284,2235,4519
211,2284,2235,4519
211,2284,2236,4520
211,2284,2236,4520
211,2284,2237,4521
211,2284,2237,4521
211,2284,2238,4522
211,2284,2238,4522
211,2284,2238,4522
211,2285,2238,4523
211,2284,2238,4522
211,2283,2238,4521
211,2283,2238,4521
211,2284,2238,4522
211,2284,2238,4522
211,2284,2238,4522
211,2284,2238,4522
211,2284,2239,4523
211,2284,2239,4523
211,2284,2239,4523
211,2284,2240,4524
211,2284,2240,4524
211,2284,2241,4525
211,2284,2240,4524
211,2284,2240,4524
211,2284,2241,4525
211,2284,2241,4525
211,2284,2242,4526
211,2284,2242,4526
211,2284,2243,4527
211,2284,2243,4527
211,2285,2243,4528
211,2285,2243,4528
211,2285,2244,4529
211,2285,2244,4529
211,2285,2244,4529
211,2286,2244,4530
211,2286,2244,4530
211,2287,2244,4531
211,2287,2244,4531
211,2288,2244,4532
211,2288,2243,4531
211,2288,2243,4531
211,2289,2243,4532
211,2289,2243,4532
211,2289,2243,4532
211,2290,2243,4533
211,2290,2243,4533
211,2291,2243,4534
211,2290,2243,4533
211,2290,2243,4533
211,2291,2243,4534
211,2291,2243,4534
211,2291,2244,4535
211,2291,2244,4535
211,2291,2245,4536
211,2290,2245,4535
211,2290,2245,4535
211,2290,2246,4536
211,2290,2246,4536
211,2290,2246,4536
211,2290,2247,4537
211,2290,2246,4536
211,2290,2246,4536
211,2291,2246,4537
211,2291,2246,4537
211,2292,2246,4538
211,2292,2245,4537
211,2292,2245,4537
211,2293,2245,4538
211,2293,2245,4538
211,2292,2245,4537
211,2292,2245,4537
211,2293,2245,4538
211,2293,2245,4538
211,2293,2245,4538
211,2293,2246,4539
211,2293,2246,4539
211,2293,2247,4540
211,2293,2247,4540
211,2293,2248,4541
211,2293,2248,4541
211,2293,2248,4541
211,2293,2249,4542
211,2293,2249,4542
211,2294,2249,4543
211,2294,2249,4543
211,2294,2250,4544
211,2294,2250,4544
211,2294,2251,4545
211,2294,2251,4545
211,2294,2252,4546
211,2294,2252,4546
211,2294,2253,4547
211,2294,2253,4547
211,2294,2254,4548
211,2293,2254,4547
211,2293,2254,4547
211,2294,2254,4548
211,2294,2254,4548
211,2294,2254,4548
211,2295,2254,4549
211,2295,2254,4549
211,2295,2255,4550
211,2295,2255,4550
211,2295,2255,4550
211,2295,2256,4551
211,2295,2256,4551
211,2295,2256,4551
211,2295,2256,4551
211,2295,2257,4552
211,2295,2256,4551
211,2295,2256,4551
211,2296,2256,4552
211,2296,2256,4552
211,2296,2256,4552
211,2296,2257,4553
211,2296,2257,4553
211,2296,2257,4553
211,2296,2257,4553
211,2296,2257,4553
211,2297,2257,4554
211,2297,2257,4554
211,2297,2256,4553
211,2297,2256,4553
211,2297,2257,4554
211,2297,2257,4554
211,2297,2257,4554
211,2297,2258,4555
211,2296,2258,4554
211,2296,2258,4554
211,2297,2258,4555
211,2297,2258,4555
211,2298,2258,4556
211,2298,2258,4556
211,2298,2259,4557
211,2298,2259,4557
211,2299,2259,4558
211,2299,2258,4557
211,2299,2258,4557
211,2299,2258,4557
211,2299,2259,4558
211,2299,2259,4558
211,2298,2259,4557
211,2298,2259,4557
211,2298,2259,4557
211,2299,2259,4558
211,2299,2259,4558
211,2299,2258,4557
211,2298,2258,4556
211,2298,2257,4555
211,2297,2257,4554
211,2297,2257,4554
211,2297,2257,4554
211,2296,2257,4553
211,2296,2257,4553
211,2296,2258,4554
211,2296,2258,4554
211,2296,2259,4555
211,2296,2259,4555
211,2297,2259,4556
211,2297,2259,4556
211,2297,2259,4556
211,2297,2260,4557
211,2297,2260,4557
211,2297,2261,4558
211,2297,2261,4558
211,2297,2261,4558
211,2297,2262,4559
211,2297,2262,4559
211,2298,2262,4560
211,2298,2262,4560
211,2298,2263,4561
211,2298,2262,4560
211,2298,2261,4559
211,2297,2261,4558
211,2297,2260,4557
211,2297,2260,4557
211,2298,2260,4558
211,2298,2260,4558
211,2298,2260,4558
211,2298,2260,4558
211,2298,2259,4557
211,2298,2259,4557
211,2298,2260,4558
211,2297,2260,4557
211,2297,2260,4557
211,2297,2260,4557
211,2297,2261,4558
211,2297,2260,4557
211,2297,2259,4556
211,2297,2258,4555
211,2296,2258,4554
211,2296,2258,4554
211,2296,2258,4554
211,2296,2257,4553
211,2296,2257,4553
211,2296,2258,4554
211,2296,2258,4554
211,2296,2259,4555
211,2296,2259,4555
211,2296,2259,4555
211,2296,2260,4556
211,2296,2260,4556
211,2296,2261,4557
211,2296,2261,4557
211,2296,2261,4557
211,2296,2261,4557
211,2296,2261,4557
211,2296,2262,4558
211,2296,2262,4558
211,2297,2262,4559
211,2297,2262,4559
211,2297,2262,4559
211,2297,2263,4560
211,2297,2263,4560
211,2297,2263,4560
211,2298,2263,4561
211,2298,2263,4561
211,2298,2264,4562
211,2298,2263,4561
211,2298,2263,4561
211,2299,2263,4562
211,2299,2263,4562
211,2299,2263,4562
211,2299,2263,4562
211,2300,2263,4563
211,2300,2263,4563
211,2300,2264,4564
211,2300,2264,4564
211,2301,2264,4565
211,2301,2264,4565
211,2302,2264,4566
211,2302,2264,4566
211,2303,2264,4567
211,2303,2263,4566
211,2303,2263,4566
211,2303,2264,4567
211,2303,2264,4567
211,2303,2264,4567
211,2302,2264,4566
211,2302,2264,4566
211,2302,2265,4567
211,2302,2265,4567
211,2302,2265,4567
211,2303,2265,4568
211,2303,2264,4567
211,2302,2264,4566
211,2302,2263,4565
211,2302,2263,4565
211,2303,2263,4566
211,2303,2263,4566
211,2303,2263,4566
211,2302,2263,4565
211,2302,2263,4565
211,2303,2263,4566
211,2303,2263,4566
211,2303,2264,4567
211,2303,2264,4567
211,2303,2265,4568
211,2303,2265,4568
211,2303,2265,4568
211,2304,2265,4569
211,2304,2265,4569
211,2304,2266,4570
211,2304,2266,4570
211,2305,2266,4571
211,2305,2266,4571
211,2305,2266,4571
211,2306,2266,4572
211,2306,2266,4572
211,2306,2266,4572
211,2306,2267,4573
211,2306,2267,4573
211,2306,2267,4573
211,2307,2267,4574
211,2307,2267,4574
211,2307,2268,4575
211,2307,2268,4575
211,2308,2268,4576
211,2308,2268,4576
211,2309,2268,4577
211,2309,2268,4577
211,2309,2268,4577
211,2309,2268,4577
211,2310,2268,4578
211,2309,2268,4577
211,2309,2268,4577
211,2310,2268,4578
211,2309,2268,4577
211,2309,2268,4577
211,2310,2268,4578
211,2310,2268,4578
211,2310,2268,4578
211,2310,2269,4579
211,2310,2269,4579
211,2309,2269,4578
211,2309,2268,4577
211,2309,2268,4577
211,2309,2269,4578
211,2309,2269,4578
211,2309,2269,4578
211,2309,2270,4579
211,2309,2270,4579
211,2309,2270,4579
211,2309,2271,4580
211,2309,2271,4580
211,2309,2272,4581
211,2309,2272,4581
211,2308,2272,4580
211,2308,2272,4580
211,2308,2273,4581
211,2308,2273,4581
211,2309,2273,4582
211,2309,2273,4582
211,2309,2274,4583
211,2309,2274,4583
211,2309,2275,4584
211,2309,2275,4584
211,2309,2276,4585
211,2309,2276,4585
211,2309,2277,4586
211,2309,2276,4585
211,2309,2276,4585
211,2310,2276,4586
211,2310,2276,4586
211,2310,2276,4586
211,2310,2276,4586
211,2310,2276,4586
211,2310,2276,4586
211,2311,2276,4587
211,2311,2275,4586
211,2311,2275,4586
211,2311,2275,4586
211,2311,2276,4587
211,2310,2276,4586
211,2310,2276,4586
211,2311,2276,4587
211,2311,2276,4587
211,2311,2277,4588
211,2311,2277,4588
211,2312,2277,4589
211,2312,2277,4589
211,2312,2277,4589
211,2312,2277,4589
211,2312,2278,4590
211,2312,2278,4590
211,2312,2278,4590
211,2312,2277,4589
211,2312,2276,4588
211,2312,2276,4588
211,2311,2276,4587
211,2311,2276,4587
211,2311,2277,4588
211,2311,2276,4587
211,2311,2276,4587
211,2311,2277,4588
211,2311,2277,4588
211,2312,2277,4589
211,2312,2277,4589
211,2312,2277,4589
211,2312,2278,4590
211,2312,2278,4590
211,2312,2279,4591
211,2312,2279,4591
211,2312,2279,4591
211,2312,2279,4591
211,2313,2279,4592
211,2313,2279,4592
211,2314,2279,4593
211,2314,2279,4593
211,2315,2279,4594
211,2315,2279,4594
211,2315,2279,4594
211,2316,2279,4595
211,2316,2279,4595
211,2316,2280,4596
211,2316,2280,4596
211,2316,2280,4596
211,2316,2281,4597
211,2316,2281,4597
211,2316,2282,4598
211,2316,2282,4598
211,2316,2283,4599
211,2316,2283,4599
211,2317,2283,4600
211,2317,2283,4600
211,2317,2283,4600
211,2317,2283,4600
211,2317,2284,4601
211,2317,2284,4601
211,2317,2283,4600
211,2317,2283,4600
211,2318,2283,4601
211,2318,2283,4601
211,2318,2283,4601
211,2318,2283,4601
211,2318,2284,4602
211,2318,2284,4602
211,2318,2284,4602
211,2318,2283,4601
211,2318,2283,4601
211,2318,2284,4602
211,2318,2284,4602
211,2318,2285,4603
211,2318,2285,4603
211,2318,2285,4603
211,2318,2284,4602
211,2318,2284,4602
211,2318,2284,4602
211,2319,2284,4603
211,2319,2284,4603
211,2320,2284,4604
211,2320,2284,4604
211,2321,2284,4605
211,2321,2284,4605
211,2321,2284,4605
211,2321,2284,4605
211,2321,2284,4605
211,2322,2284,4606
211,2322,2283,4605
211,2322,2283,4605
211,2322,2284,4606
211,2322,2284,4606
211,2322,2285,4607
211,2322,2285,4607
211,2322,2286,4608
211,2322,2286,4608
211,2322,2287,4609
211,2321,2287,4608
211,2321,2287,4608
211,2321,2287,4608
211,2321,2288,4609
211,2321,2288,4609
211,2322,2288,4610
211,2322,2288,4610
211,2322,2289,4611
211,2322,2289,4611
211,2322,2289,4611
211,2322,2290,4612
211,2322,2289,4611
211,2322,2289,4611
211,2322,2290,4612
211,2322,2290,4612
211,2323,2290,4613
211,2323,2289,4612
211,2323,2289,4612
211,2323,2290,4613
211,2323,2290,4613
211,2323,2290,4613
211,2323,2290,4613
211,2323,2290,4613
211,2323,2291,4614
211,2323,2291,4614
211,2323,2292,4615
211,2323,2292,4615
211,2323,2293,4616
211,2322,2293,4615
211,2322,2293,4615
211,2322,2293,4615
211,2322,2294,4616
211,2322,2294,4616
211,2322,2294,4616
211,2322,2295,4617
211,2322,2295,4617
211,2323,2295,4618
211,2323,2295,4618
211,2323,2295,4618
211,2323,2295,4618
211,2323,2296,4619
211,2323,2296,4619
211,2323,2297,4620
211,2323,2297,4620
211,2323,2298,4621
211,2323,2297,4620
211,2323,2297,4620
211,2323,2297,4620
211,2323,2296,4619
211,2323,2295,4618
211,2323,2295,4618
211,2324,2295,4619
211,2324,2295,4619
211,2325,2295,4620
211,2325,2295,4620
211,2325,2296,4621
211,2325,2295,4620
211,2325,2294,4619
211,2325,2294,4619
211,2325,2294,4619
211,2325,2295,4620
211,2325,2295,4620
211,2326,2295,4621
211,2326,2295,4621
211,2326,2296,4622
211,2326,2296,4622
211,2326,2297,4623
211,2326,2297,4623
211,2326,2297,4623
211,2327,2297,4624
211,2326,2297,4623
211,2326,2297,4623
211,2326,2297,4623
212,2327,2297,4624
212,2326,2297,4623
212,2326,2297,4623
212,2327,2297,4624
212,2327,2297,4624
212,2327,2298,4625
212,2327,2298,4625
212,2327,2298,4625
212,2328,2298,4626
212,2327,2298,4625
212,2327,2298,4625
212,2327,2299,4626
212,2327,2299,4626
212,2327,2299,4626
212,2328,2299,4627
212,2328,2299,4627
212,2328,2299,4627
212,2328,2299,4627
212,2329,2299,4628
212,2329,2299,4628
212,2329,2300,4629
212,2329,2300,4629
212,2330,2300,4630
212,2330,2300,4630
212,2331,2300,4631
212,2331,2300,4631
212,2330,2300,4630
212,2330,2300,4630
212,2330,2301,4631
212,2330,2301,4631
212,2330,2301,4631
212,2331,2301,4632
212,2331,2301,4632
212,2332,2301,4633
212,2331,2301,4632
212,2331,2301,4632
212,2331,2302,4633
212,2331,2302,4633
212,2331,2303,4634
212,2330,2303,4633
212,2330,2303,4633
212,2330,2303,4633
212,2330,2304,4634
212,2330,2304,4634
212,2330,2305,4635
212,2330,2305,4635
212,2331,2305,4636
212,2331,2305,4636
212,2331,2306,4637
212,2331,2306,4637
212,2331,2306,4637
212,2332,2306,4638
212,2332,2305,4637
212,2332,2305,4637
212,2333,2305,4638
212,2333,2305,4638
212,2333,2306,4639
212,2332,2306,4638
212,2332,2306,4638
212,2333,2306,4639
212,2333,2306,4639
212,2333,2306,4639
212,2333,2306,4639
212,2333,2305,4638
212,2333,2305,4638
212,2333,2305,4638
212,2334,2305,4639
212,2334,2305,4639
212,2334,2305,4639
212,2334,2306,4640
212,2334,2306,4640
212,2334,2307,4641
212,2334,2307,4641
212,2333,2307,4640
212,2333,2307,4640
212,2333,2308,4641
212,2333,2308,4641
212,2334,2308,4642
212,2334,2307,4641
212,2333,2307,4640
212,2333,2307,4640
212,2333,2308,4641
212,2333,2308,4641
212,2333,2309,4642
212,2333,2309,4642
212,2334,2309,4643
212,2334,2309,4643
212,2334,2309,4643
212,2334,2310,4644
212,2334,2310,4644
212,2335,2310,4645
212,2335,2310,4645
212,2336,2310,4646
212,2336,2310,4646
212,2337,2310,4647
212,2337,2310,4647
212,2337,2311,4648
212,2337,2311,4648
212,2338,2311,4649
212,2338,2310,4648
212,2337,2310,4647
212,2337,2310,4647
212,2337,2311,4648
212,2337,2311,4648
212,2338,2311,4649
212,2338,2310,4648
212,2338,2310,4648
212,2338,2310,4648
212,2338,2310,4648
212,2337,2310,4647
212,2337,2310,4647
212,2338,2310,4648
212,2338,2310,4648
212,2338,2311,4649
212,2338,2311,4649
212,2338,2312,4650
212,2338,2312,4650
212,2339,2312,4651
212,2339,2312,4651
212,2339,2312,4651
212,2339,2313,4652
212,2339,2312,4651
212,2339,2312,4651
212,2339,2313,4652
212,2339,2313,4652
212,2339,2313,4652
212,2339,2314,4653
212,2339,2314,4653
212,2339,2315,4654
212,2339,2315,4654
212,2339,2316,4655
212,2339,2316,4655
212,2339,2317,4656
212,2339,2316,4655
212,2339,2316,4655
212,2339,2316,4655
212,2339,2317,4656
212,2339,2317,4656
212,2339,2317,4656
212,2339,2318,4657
212,2339,2318,4657
212,2340,2318,4658
212,2340,2318,4658
212,2340,2319,4659
212,2340,2319,4659
212,2341,2319,4660
212,2341,2319,4660
212,2341,2320,4661
212,2341,2320,4661
212,2341,2320,4661
212,2341,2319,4660
212,2341,2319,4660
212,2342,2319,4661
212,2342,2319,4661
212,2342,2318,4660
212,2341,2318,4659
212,2341,2318,4659
212,2342,2318,4660
212,2342,2318,4660
212,2343,2318,4661
212,2343,2318,4661
212,2343,2318,4661
212,2344,2318,4662
212,2344,2318,4662
212,2344,2319,4663
212,2344,2319,4663
212,2345,2319,4664
212,2345,2319,4664
212,2346,2319,4665
212,2346,2319,4665
212,2346,2319,4665
212,2346,2320,4666
212,2346,2320,4666
212,2346,2320,4666
212,2346,2320,4666
212,2347,2320,4667
212,2347,2320,4667
212,2348,2320,4668
212,2348,2320,4668
212,2348,2320,4668
212,2348,2320,4668
212,2349,2320,4669
212,2349,2320,4669
212,2349,2321,4670
212,2349,2321,4670
212,2349,2322,4671
212,2348,2322,4670
212,2348,2321,4669
212,2348,2321,4669
212,2348,2320,4668
212,2348,2320,4668
212,2348,2320,4668
212,2348,2321,4669
212,2348,2321,4669
212,2349,2321,4670
212,2349,2321,4670
212,2349,2322,4671
212,2349,2322,4671
212,2350,2322,4672
212,2350,2322,4672
212,2350,2322,4672
212,2350,2322,4672
212,2350,2322,4672
212,2350,2323,4673
212,2349,2323,4672
212,2349,2323,4672
212,2349,2323,4672
212,2350,2323,4673
212,2350,2323,4673
212,2351,2323,4674
212,2351,2323,4674
212,2352,2323,4675
212,2352,2323,4675
212,2353,2323,4676
212,2353,2322,4675
212,2353,2322,4675
212,2353,2322,4675
212,2352,2322,4674
212,2352,2322,4674
212,2352,2322,4674
212,2352,2323,4675
212,2352,2323,4675
212,2352,2324,4676
212,2351,2324,4675
212,2351,2324,4675
212,2352,2324,4676
212,2352,2324,4676
212,2352,2324,4676
212,2353,2324,4677
212,2353,2324,4677
212,2354,2324,4678
212,2354,2324,4678
212,2354,2324,4678
212,2354,2324,4678
212,2354,2325,4679
212,2354,2325,4679
212,2354,2325,4679
212,2355,2325,4680
212,2355,2325,4680
212,2355,2325,4680
212,2356,2325,4681
212,2356,2325,4681
212,2356,2326,4682
212,2356,2326,4682
212,2356,2325,4681
212,2356,2325,4681
212,2356,2326,4682
212,2356,2326,4682
212,2356,2327,4683
212,2356,2327,4683
212,2356,2327,4683
212,2357,2327,4684
212,2357,2327,4684
212,2357,2328,4685
212,2357,2327,4684
212,2357,2327,4684
212,2357,2327,4684
212,2357,2327,4684
212,2357,2327,4684
212,2357,2328,4685
212,2357,2328,4685
212,2357,2328,4685
212,2357,2328,4685
212,2357,2329,4686
212,2357,2329,4686
212,2357,2329,4686
212,2357,2328,4685
212,2357,2328,4685
212,2358,2328,4686
212,2358,2328,4686
212,2359,2328,4687
212,2359,2328,4687
212,2359,2328,4687
212,2359,2329,4688
212,2359,2329,4688
212,2359,2329,4688
212,2360,2329,4689
212,2360,2329,4689
212,2360,2330,4690
212,2360,2330,4690
212,2361,2330,4691
212,2361,2330,4691
212,2361,2330,4691
212,2361,2331,4692
212,2361,2331,4692
212,2361,2332,4693
212,2361,2331,4692
212,2361,2331,4692
212,2362,2331,4693
212,2362,2330,4692
212,2362,2330,4692
212,2363,2330,4693
212,2363,2330,4693
212,2363,2330,4693
212,2364,2330,4694
212,2364,2330,4694
212,2364,2330,4694
212,2364,2331,4695
212,2364,2331,4695
212,2364,2332,4696
212,2364,2332,4696
212,2364,2332,4696
212,2365,2332,4697
212,2365,2332,4697
212,2366,2332,4698
212,2366,2332,4698
212,2367,2332,4699
212,2367,2332,4699
212,2367,2332,4699
212,2368,2332,4700
212,2367,2332,4699
212,2367,2332,4699
212,2368,2332,4700
212,2368,2332,4700
212,2368,2332,4700
212,2368,2332,4700
212,2368,2332,4700
212,2367,2332,4699
212,2366,2332,4698
212,2366,2332,4698
212,2366,2333,4699
212,2366,2333,4699
212,2367,2333,4700
212,2367,2333,4700
212,2367,2333,4700
212,2367,2333,4700
212,2367,2334,4701
212,2367,2334,4701
212,2367,2335,4702
212,2367,2335,4702
212,2367,2335,4702
212,2367,2335,4702
212,2367,2335,4702
212,2368,2335,4703
212,2368,2335,4703
212,2368,2336,4704
212,2368,2336,4704
212,2368,2336,4704
212,2369,2336,4705
212,2369,2336,4705
212,2370,2336,4706
212,2370,2336,4706
212,2371,2336,4707
212,2371,2336,4707
212,2372,2336,4708
212,2372,2336,4708
212,2372,2337,4709
212,2371,2337,4708
212,2371,2337,4708
212,2372,2337,4709
212,2372,2337,4709
212,2372,2337,4709
212,2372,2337,4709
212,2373,2337,4710
212,2373,2337,4710
212,2374,2337,4711
212,2374,2337,4711
212,2374,2338,4712
212,2374,2338,4712
212,2375,2338,4713
212,2375,2338,4713
212,2376,2338,4714
212,2376,2338,4714
212,2376,2338,4714
212,2376,2337,4713
212,2376,2337,4713
212,2376,2338,4714
212,2376,2338,4714
212,2376,2339,4715
212,2375,2339,4714
212,2375,2338,4713
212,2375,2337,4712
212,2375,2337,4712
212,2375,2338,4713
212,2375,2338,4713
212,2374,2338,4712
212,2374,2338,4712
212,2375,2338,4713
212,2375,2338,4713
212,2375,2339,4714
212,2375,2338,4713
212,2375,2338,4713
212,2375,2339,4714
212,2375,2339,4714
212,2376,2339,4715
212,2376,2339,4715
212,2376,2339,4715
212,2376,2340,4716
212,2376,2340,4716
212,2376,2341,4717
212,2376,2341,4717
212,2376,2341,4717
212,2376,2341,4717
212,2377,2341,4718
212,2377,2341,4718
212,2378,2341,4719
212,2378,2341,4719
212,2378,2341,4719
212,2378,2341,4719
212,2378,2340,4718
212,2378,2340,4718
212,2378,2341,4719
212,2378,2341,4719
212,2378,2341,4719
212,2378,2341,4719
212,2378,2341,4719
212,2378,2342,4720
212,2378,2342,4720
212,2379,2342,4721
212,2379,2342,4721
212,2380,2342,4722
212,2380,2342,4722
212,2380,2342,4722
212,2381,2342,4723
212,2380,2342,4722
212,2380,2342,4722
212,2380,2342,4722
212,2380,2342,4722
212,2380,2342,4722
212,2380,2342,4722
212,2380,2343,4723
212,2379,2343,4722
212,2379,2343,4722
212,2379,2343,4722
212,2379,2344,4723
212,2379,2343,4722
212,2379,2343,4722
212,2380,2343,4723
212,2380,2343,4723
212,2381,2343,4724
212,2381,2343,4724
212,2381,2343,4724
212,2382,2343,4725
212,2382,2343,4725
212,2383,2343,4726
212,2383,2343,4726
212,2383,2344,4727
212,2383,2344,4727
212,2383,2344,4727
212,2384,2344,4728
212,2384,2344,4728
212,2384,2344,4728
212,2384,2345,4729
212,2384,2345,4729
212,2384,2345,4729
212,2384,2345,4729
212,2385,2345,4730
212,2385,2344,4729
212,2385,2344,4729
212,2385,2345,4730
212,2385,2345,4730
212,2385,2346,4731
212,2385,2346,4731
212,2385,2346,4731
212,2386,2346,4732
212,2386,2346,4732
212,2386,2347,4733
212,2386,2347,4733
212,2386,2348,4734
212,2385,2348,4733
212,2385,2348,4733
212,2386,2348,4734
212,2386,2348,4734
212,2386,2348,4734
212,2386,2347,4733
212,2386,2347,4733
212,2387,2347,4734
212,2386,2347,4733
212,2386,2347,4733
212,2387,2347,4734
212,2387,2347,4734
212,2387,2348,4735
212,2387,2348,4735
212,2388,2348,4736
212,2387,2348,4735
212,2387,2348,4735
212,2387,2349,4736
212,2387,2349,4736
212,2387,2350,4737
212,2386,2350,4736
212,2386,2350,4736
212,2386,2351,4737
212,2386,2351,4737
212,2386,2352,4738
212,2386,2352,4738
212,2386,2353,4739
212,2386,2353,4739
212,2387,2353,4740
212,2387,2353,4740
212,2388,2353,4741
212,2388,2353,4741
212,2388,2354,4742
212,2388,2354,4742
212,2388,2355,4743
212,2388,2355,4743
212,2388,2356,4744
212,2388,2356,4744
212,2388,2357,4745
212,2388,2357,4745
212,2388,2357,4745
212,2388,2357,4745
212,2388,2357,4745
212,2388,2357,4745
212,2388,2356,4744
212,2388,2356,4744
212,2388,2356,4744
212,2389,2356,4745
212,2389,2356,4745
212,2389,2356,4745
212,2389,2356,4745
212,2389,2357,4746
212,2389,2357,4746
212,2389,2357,4746
212,2389,2358,4747
212,2389,2358,4747
212,2389,2358,4747
212,2390,2358,4748
212,2390,2358,4748
212,2391,2358,4749
212,2391,2358,4749
212,2391,2358,4749
212,2391,2359,4750
212,2391,2359,4750
212,2391,2359,4750
212,2391,2360,4751
212,2391,2360,4751
212,2391,2361,4752
212,2391,2361,4752
212,2391,2361,4752
212,2391,2362,4753
212,2391,2362,4753
212,2391,2362,4753
212,2392,2362,4754
212,2392,2362,4754
212,2392,2362,4754
212,2393,2362,4755
212,2393,2362,4755
212,2393,2363,4756
212,2393,2362,4755
212,2393,2362,4755
212,2393,2362,4755
212,2393,2362,4755
212,2393,2363,4756
212,2393,2362,4755
212,2393,2362,4755
212,2393,2363,4756
212,2393,2362,4755
212,2393,2362,4755
212,2393,2361,4754
212,2393,2361,4754
212,2393,2362,4755
212,2393,2362,4755
212,2393,2363,4756
212,2393,2363,4756
212,2393,2363,4756
212,2394,2363,4757
212,2394,2363,4757
212,2394,2364,4758
212,2394,2364,4758
212,2394,2365,4759
212,2394,2365,4759
212,2394,2365,4759
212,2395,2365,4760
212,2395,2365,4760
212,2396,2365,4761
212,2395,2365,4760
212,2395,2365,4760
212,2396,2365,4761
212,2396,2365,4761
212,2396,2365,4761
212,2397,2365,4762
212,2397,2365,4762
212,2398,2365,4763
212,2397,2365,4762
212,2396,2365,4761
212,2395,2365,4760
212,2394,2365,4759
212,2394,2365,4759
212,2394,2366,4760
212,2394,2366,4760
212,2394,2367,4761
212,2394,2367,4761
212,2394,2368,4762
212,2393,2368,4761
212,2393,2368,4761
212,2393,2369,4762
212,2393,2368,4761
212,2393,2368,4761
212,2393,2368,4761
212,2393,2368,4761
212,2393,2368,4761
212,2393,2369,4762
212,2393,2368,4761
212,2393,2368,4761
212,2394,2368,4762
212,2394,2368,4762
212,2394,2368,4762
213,2395,2368,4763
213,2395,2368,4763
213,2396,2368,4764
213,2396,2368,4764
213,2396,2367,4763
213,2396,2367,4763
213,2397,2367,4764
213,2396,2367,4763
213,2396,2367,4763
213,2397,2367,4764
213,2397,2367,4764
213,2398,2367,4765
213,2397,2367,4764
213,2396,2367,4763
213,2396,2367,4763
213,2396,2367,4763
213,2396,2367,4763
213,2397,2367,4764
213,2396,2367,4763
213,2396,2367,4763
213,2396,2367,4763
213,2397,2367,4764
213,2397,2367,4764
213,2398,2367,4765
213,2398,2367,4765
213,2399,2367,4766
213,2399,2367,4766
213,2399,2367,4766
213,2399,2368,4767
213,2399,2368,4767
213,2400,2368,4768
213,2399,2368,4767
213,2399,2368,4767
213,2399,2368,4767
213,2399,2369,4768
213,2399,2369,4768
213,2400,2369,4769
213,2400,2369,4769
213,2401,2369,4770
213,2401,2369,4770
213,2401,2370,4771
213,2401,2370,4771
213,2401,2371,4772
213,2401,2371,4772
213,2402,2371,4773
213,2401,2371,4772
213,2400,2371,4771
213,2400,2371,4771
213,2400,2372,4772
213,2400,2372,4772
213,2400,2372,4772
213,2400,2372,4772
213,2401,2372,4773
213,2401,2372,4773
213,2401,2372,4773
213,2402,2372,4774
213,2402,2372,4774
213,2403,2372,4775
213,2403,2372,4775
213,2404,2372,4776
213,2404,2372,4776
213,2405,2372,4777
213,2405,2371,4776
213,2405,2371,4776
213,2405,2371,4776
213,2405,2372,4777
213,2405,2372,4777
213,2405,2373,4778
213,2404,2373,4777
213,2404,2373,4777
213,2405,2373,4778
213,2405,2372,4777
213,2405,2372,4777
213,2404,2372,4776
213,2404,2372,4776
213,2404,2372,4776
213,2404,2372,4776
213,2404,2372,4776
213,2404,2373,4777
213,2404,2373,4777
213,2405,2373,4778
213,2405,2373,4778
213,2405,2374,4779
213,2405,2373,4778
213,2405,2373,4778
213,2406,2373,4779
213,2406,2373,4779
213,2406,2373,4779
213,2407,2373,4780
213,2407,2373,4780
213,2407,2373,4780
213,2408,2373,4781
213,2408,2373,4781
213,2408,2372,4780
213,2408,2372,4780
213,2409,2372,4781
213,2409,2372,4781
213,2409,2373,4782
213,2409,2373,4782
213,2409,2373,4782
213,2409,2374,4783
213,2409,2374,4783
213,2410,2374,4784
213,2410,2374,4784
213,2410,2374,4784
213,2411,2374,4785
213,2411,2374,4785
213,2410,2374,4784
213,2410,2374,4784
213,2411,2374,4785
213,2411,2374,4785
213,2412,2374,4786
213,2411,2374,4785
213,2410,2374,4784
213,2410,2374,4784
213,2411,2374,4785
213,2411,2374,4785
213,2411,2374,4785
213,2412,2374,4786
213,2412,2374,4786
213,2411,2374,4785
213,2411,2374,4785
213,2411,2374,4785
213,2411,2375,4786
213,2411,2375,4786
213,2411,2375,4786
213,2412,2375,4787
213,2412,2375,4787
213,2412,2375,4787
213,2412,2375,4787
213,2412,2375,4787
213,2413,2375,4788
213,2413,2375,4788
213,2413,2376,4789
213,2413,2376,4789
213,2413,2376,4789
213,2412,2376,4788
213,2412,2376,4788
213,2412,2376,4788
213,2412,2376,4788
213,2413,2376,4789
213,2413,2375,4788
213,2413,2375,4788
213,2414,2375,4789
213,2414,2375,4789
213,2415,2375,4790
213,2415,2375,4790
213,2414,2375,4789
213,2414,2375,4789
213,2414,2376,4790
213,2414,2376,4790
213,2414,2377,4791
213,2414,2377,4791
213,2414,2378,4792
213,2414,2378,4792
213,2414,2379,4793
213,2413,2379,4792
213,2413,2379,4792
213,2413,2380,4793
213,2413,2380,4793
213,2413,2381,4794
213,2413,2380,4793
213,2413,2380,4793
213,2413,2381,4794
213,2413,2381,4794
213,2413,2382,4795
213,2413,2382,4795
213,2413,2383,4796
213,2413,2383,4796
213,2413,2383,4796
213,2413,2382,4795
213,2413,2382,4795
213,2413,2383,4796
213,2413,2382,4795
213,2413,2382,4795
213,2413,2383,4796
213,2413,2383,4796
213,2414,2383,4797
213,2414,2383,4797
213,2414,2384,4798
213,2414,2384,4798
213,2414,2385,4799
213,2414,2385,4799
213,2414,2386,4800
213,2414,2385,4799
213,2414,2385,4799
213,2414,2385,4799
213,2414,2386,4800
213,2414,2386,4800
213,2415,2386,4801
213,2415,2386,4801
213,2416,2386,4802
213,2416,2386,4802
213,2416,2387,4803
213,2416,2386,4802
213,2416,2385,4801
213,2416,2385,4801
213,2415,2385,4800
213,2415,2385,4800
213,2415,2386,4801
213,2415,2386,4801
213,2415,2386,4801
213,2415,2386,4801
213,2416,2386,4802
213,2416,2386,4802
213,2416,2387,4803
213,2416,2387,4803
213,2415,2387,4802
213,2415,2387,4802
213,2415,2386,4801
213,2415,2386,4801
213,2415,2387,4802
213,2415,2387,4802
213,2416,2387,4803
213,2416,2387,4803
213,2416,2388,4804
213,2416,2388,4804
213,2416,2388,4804
213,2416,2389,4805
213,2416,2389,4805
213,2415,2389,4804
213,2415,2389,4804
213,2415,2388,4803
213,2415,2388,4803
213,2416,2388,4804
213,2416,2388,4804
213,2416,2389,4805
213,2416,2389,4805
213,2417,2389,4806
213,2417,2388,4805
213,2417,2388,4805
213,2418,2388,4806
213,2418,2388,4806
213,2419,2388,4807
213,2419,2388,4807
213,2419,2389,4808
213,2419,2389,4808
213,2420,2389,4809
213,2420,2389,4809
213,2420,2389,4809
213,2420,2389,4809
213,2420,2390,4810
213,2420,2390,4810
213,2420,2390,4810
213,2420,2391,4811
213,2420,2391,4811
213,2420,2392,4812
213,2420,2392,4812
213,2420,2392,4812
213,2421,2392,4813
213,2421,2392,4813
213,2421,2393,4814
213,2421,2393,4814
213,2421,2394,4815
213,2420,2394,4814
213,2420,2393,4813
213,2420,2393,4813
213,2420,2394,4814
213,2420,2394,4814
213,2420,2394,4814
213,2421,2394,4815
213,2421,2394,4815
213,2422,2394,4816
213,2422,2394,4816
213,2423,2394,4817
213,2423,2394,4817
213,2424,2394,4818
213,2424,2394,4818
213,2424,2395,4819
213,2424,2395,4819
213,2424,2395,4819
213,2425,2395,4820
213,2425,2395,4820
213,2425,2395,4820
213,2425,2394,4819
213,2425,2394,4819
213,2425,2394,4819
213,2425,2394,4819
213,2425,2394,4819
213,2425,2394,4819
213,2424,2394,4818
213,2424,2394,4818
213,2424,2394,4818
213,2424,2394,4818
213,2424,2394,4818
213,2425,2394,4819
213,2425,2394,4819
213,2426,2394,4820
213,2426,2394,4820
213,2426,2395,4821
213,2426,2395,4821
213,2427,2395,4822
213,2427,2394,4821
213,2427,2394,4821
213,2428,2394,4822
213,2428,2394,4822
213,2429,2394,4823
213,2429,2394,4823
213,2429,2394,4823
213,2429,2394,4823
213,2429,2394,4823
213,2430,2394,4824
213,2430,2394,4824
213,2431,2394,4825
213,2431,2394,4825
213,2431,2395,4826
213,2431,2395,4826
213,2431,2395,4826
213,2431,2395,4826
213,2430,2395,4825
213,2430,2394,4824
213,2430,2394,4824
213,2430,2394,4824
213,2431,2394,4825
213,2431,2394,4825
213,2432,2394,4826
213,2432,2394,4826
213,2432,2394,4826
213,2432,2394,4826
213,2432,2394,4826
213,2433,2394,4827
213,2433,2394,4827
213,2433,2395,4828
213,2433,2395,4828
213,2434,2395,4829
213,2434,2395,4829
213,2434,2396,4830
213,2434,2396,4830
213,2434,2396,4830
213,2435,2396,4831
213,2435,2396,4831
213,2435,2396,4831
213,2434,2396,4830
213,2434,2396,4830
213,2434,2397,4831
213,2434,2397,4831
213,2435,2397,4832
213,2435,2397,4832
213,2435,2398,4833
213,2434,2398,4832
213,2434,2397,4831
213,2434,2397,4831
213,2435,2397,4832
213,2434,2397,4831
213,2433,2397,4830
213,2433,2397,4830
213,2433,2398,4831
213,2433,2398,4831
213,2433,2398,4831
213,2434,2398,4832
213,2434,2398,4832
213,2434,2399,4833
213,2434,2399,4833
213,2434,2399,4833
213,2435,2399,4834
213,2435,2399,4834
213,2435,2400,4835
213,2435,2400,4835
213,2435,2400,4835
213,2436,2400,4836
213,2436,2400,4836
213,2436,2401,4837
213,2436,2401,4837
213,2436,2402,4838
213,2436,2401,4837
213,2436,2401,4837
213,2436,2402,4838
213,2436,2402,4838
213,2436,2401,4837
213,2436,2401,4837
213,2436,2402,4838
213,2436,2402,4838
213,2436,2403,4839
213,2436,2402,4838
213,2436,2402,4838
213,2437,2402,4839
213,2437,2402,4839
213,2437,2402,4839
213,2437,2403,4840
213,2437,2403,4840
213,2437,2404,4841
213,2437,2403,4840
213,2437,2403,4840
213,2437,2403,4840
213,2437,2404,4841
213,2437,2404,4841
213,2438,2404,4842
213,2438,2404,4842
213,2438,2405,4843
213,2438,2405,4843
213,2439,2405,4844
213,2439,2405,4844
213,2440,2405,4845
213,2440,2405,4845
213,2441,2405,4846
213,2441,2405,4846
213,2441,2406,4847
213,2441,2406,4847
213,2441,2406,4847
213,2441,2407,4848
213,2441,2407,4848
213,2441,2408,4849
213,2441,2407,4848
213,2441,2407,4848
213,2442,2407,4849
213,2442,2407,4849
213,2442,2408,4850
213,2442,2408,4850
213,2443,2408,4851
213,2443,2408,4851
213,2444,2408,4852
213,2444,2408,4852
213,2444,2408,4852
213,2445,2408,4853
213,2445,2408,4853
213,2445,2409,4854
213,2445,2409,4854
213,2445,2409,4854
213,2446,2409,4855
213,2446,2409,4855
213,2446,2409,4855
213,2447,2409,4856
213,2447,2409,4856
213,2447,2409,4856
213,2447,2410,4857
213,2447,2410,4857
213,2447,2411,4858
213,2447,2411,4858
213,2447,2410,4857
213,2447,2410,4857
213,2448,2410,4858
213,2448,2410,4858
213,2448,2410,4858
213,2448,2410,4858
213,2448,2411,4859
213,2448,2411,4859
213,2448,2412,4860
213,2448,2411,4859
213,2448,2411,4859
213,2448,2410,4858
213,2448,2410,4858
213,2448,2411,4859
213,2448,2411,4859
213,2448,2411,4859
213,2448,2412,4860
213,2448,2412,4860
213,2449,2412,4861
213,2449,2411,4860
213,2449,2411,4860
213,2450,2411,4861
213,2450,2411,4861
213,2450,2411,4861
213,2450,2411,4861
213,2451,2411,4862
213,2451,2411,4862
213,2451,2411,4862
213,2452,2411,4863
213,2452,2411,4863
213,2453,2411,4864
213,2453,2411,4864
213,2453,2412,4865
213,2452,2412,4864
213,2452,2412,4864
213,2452,2412,4864
213,2452,2413,4865
213,2452,2413,4865
213,2452,2414,4866
213,2452,2414,4866
213,2452,2414,4866
213,2453,2414,4867
213,2453,2414,4867
213,2453,2415,4868
213,2453,2415,4868
213,2453,2415,4868
213,2454,2415,4869
213,2454,2415,4869
213,2454,2416,4870
213,2454,2416,4870
213,2454,2416,4870
213,2454,2417,4871
213,2454,2416,4870
213,2454,2416,4870
213,2455,2416,4871
213,2455,2416,4871
213,2455,2416,4871
213,2456,2416,4872
213,2456,2416,4872
213,2457,2416,4873
213,2457,2416,4873
213,2457,2416,4873
213,2457,2417,4874
213,2457,2417,4874
213,2457,2417,4874
213,2458,2417,4875
213,2458,2417,4875
213,2459,2417,4876
213,2459,2417,4876
213,2459,2418,4877
213,2459,2418,4877
213,2460,2418,4878
213,2460,2418,4878
213,2460,2419,4879
213,2460,2418,4878
213,2460,2417,4877
213,2459,2417,4876
213,2459,2417,4876
213,2459,2418,4877
213,2459,2417,4876
213,2459,2417,4876
213,2459,2418,4877
213,2459,2417,4876
213,2459,2417,4876
213,2459,2417,4876
213,2459,2417,4876
213,2459,2418,4877
213,2459,2418,4877
213,2459,2419,4878
213,2459,2418,4877
213,2459,2418,4877
213,2459,2418,4877
213,2460,2418,4878
213,2460,2417,4877
213,2459,2417,4876
213,2459,2417,4876
213,2459,2416,4875
213,2459,2416,4875
213,2459,2416,4875
213,2459,2416,4875
213,2460,2416,4876
213,2460,2416,4876
213,2460,2417,4877
213,2460,2417,4877
213,2460,2418,4878
213,2459,2418,4877
213,2459,2418,4877
213,2459,2418,4877
213,2460,2418,4878
213,2460,2418,4878
213,2460,2418,4878
213,2460,2418,4878
213,2460,2419,4879
213,2460,2418,4878
213,2460,2418,4878
213,2460,2417,4877
213,2460,2417,4877
213,2460,2418,4878
213,2460,2418,4878
213,2459,2418,4877
213,2459,2418,4877
213,2459,2418,4877
213,2459,2419,4878
213,2459,2419,4878
213,2459,2419,4878
213,2460,2419,4879
213,2460,2418,4878
213,2460,2418,4878
213,2461,2418,4879
213,2461,2418,4879
213,2461,2418,4879
213,2462,2418,4880
213,2462,2418,4880
213,2462,2419,4881
213,2461,2419,4880
213,2461,2419,4880
213,2461,2419,4880
213,2461,2420,4881
213,2461,2420,4881
213,2461,2421,4882
213,2461,2421,4882
213,2461,2421,4882
213,2461,2422,4883
213,2461,2421,4882
213,2461,2421,4882
213,2462,2421,4883
213,2462,2421,4883
213,2462,2422,4884
213,2462,2422,4884
213,2462,2423,4885
213,2462,2423,4885
213,2463,2423,4886
213,2463,2423,4886
213,2464,2423,4887
213,2464,2423,4887
213,2464,2423,4887
213,2464,2423,4887
213,2464,2423,4887
213,2464,2422,4886
213,2464,2422,4886
213,2464,2422,4886
213,2464,2423,4887
213,2464,2423,4887
213,2463,2423,4886
213,2463,2423,4886
213,2464,2423,4887
213,2464,2422,4886
213,2464,2422,4886
213,2464,2422,4886
213,2464,2422,4886
213,2465,2422,4887
213,2465,2422,4887
213,2465,2422,4887
214,2466,2422,4888
214,2466,2422,4888
214,2466,2422,4888
214,2466,2423,4889
214,2466,2423,4889
214,2466,2423,4889
214,2466,2424,4890
214,2466,2424,4890
214,2466,2424,4890
214,2466,2424,4890
214,2466,2425,4891
214,2466,2425,4891
214,2466,2425,4891
214,2466,2425,4891
214,2467,2425,4892
214,2466,2425,4891
214,2466,2425,4891
214,2467,2425,4892
214,2467,2425,4892
214,2467,2425,4892
214,2466,2425,4891
214,2465,2425,4890
214,2465,2425,4890
214,2465,2425,4890
214,2465,2425,4890
214,2466,2425,4891
214,2466,2425,4891
214,2466,2425,4891
214,2466,2426,4892
214,2466,2425,4891
214,2466,2425,4891
214,2466,2426,4892
214,2466,2426,4892
214,2467,2426,4893
214,2467,2426,4893
214,2467,2427,4894
214,2467,2427,4894
214,2467,2427,4894
214,2468,2427,4895
214,2468,2427,4895
214,2468,2428,4896
214,2468,2428,4896
214,2468,2427,4895
214,2468,2427,4895
214,2468,2427,4895
214,2469,2427,4896
214,2469,2427,4896
214,2469,2427,4896
214,2469,2427,4896
214,2469,2428,4897
214,2469,2428,4897
214,2469,2429,4898
214,2469,2429,4898
214,2470,2429,4899
214,2470,2428,4898
214,2470,2428,4898
214,2470,2428,4898
214,2471,2428,4899
214,2471,2428,4899
214,2472,2428,4900
214,2471,2428,4899
214,2471,2428,4899
214,2471,2429,4900
214,2471,2429,4900
214,2470,2429,4899
214,2470,2429,4899
214,2471,2429,4900
214,2471,2429,4900
214,2472,2429,4901
214,2472,2429,4901
214,2472,2429,4901
214,2472,2430,4902
214,2472,2430,4902
214,2473,2430,4903
214,2473,2430,4903
214,2473,2431,4904
214,2473,2431,4904
214,2473,2432,4905
214,2473,2432,4905
214,2473,2432,4905
214,2473,2433,4906
214,2473,2433,4906
214,2474,2433,4907
214,2474,2433,4907
214,2475,2433,4908
214,2475,2433,4908
214,2475,2433,4908
214,2476,2433,4909
214,2476,2433,4909
214,2477,2433,4910
214,2477,2432,4909
214,2477,2432,4909
214,2477,2433,4910
214,2476,2433,4909
214,2476,2433,4909
214,2476,2433,4909
214,2476,2434,4910
214,2476,2434,4910
214,2477,2434,4911
214,2477,2433,4910
214,2477,2433,4910
214,2478,2433,4911
214,2478,2433,4911
214,2477,2433,4910
214,2477,2433,4910
214,2476,2433,4909
214,2476,2432,4908
214,2475,2432,4907
214,2474,2432,4906
214,2474,2432,4906
214,2474,2433,4907
214,2474,2433,4907
214,2474,2433,4907
214,2474,2433,4907
214,2474,2434,4908
214,2474,2434,4908
214,2474,2434,4908
214,2474,2435,4909
214,2474,2435,4909
214,2474,2435,4909
214,2474,2435,4909
214,2474,2436,4910
214,2474,2436,4910
214,2474,2437,4911
214,2474,2437,4911
214,2475,2437,4912
214,2475,2437,4912
214,2475,2438,4913
214,2474,2438,4912
214,2474,2438,4912
214,2475,2438,4913
214,2475,2438,4913
214,2475,2439,4914
214,2475,2439,4914
214,2475,2440,4915
214,2475,2440,4915
214,2475,2441,4916
214,2475,2440,4915
214,2475,2440,4915
214,2476,2440,4916
214,2476,2440,4916
214,2476,2440,4916
214,2476,2441,4917
214,2476,2440,4916
214,2476,2440,4916
214,2477,2440,4917
214,2477,2440,4917
214,2477,2440,4917
214,2478,2440,4918
214,2478,2440,4918
214,2478,2440,4918
214,2479,2440,4919
214,2479,2439,4918
214,2479,2439,4918
214,2480,2439,4919
214,2480,2439,4919
214,2480,2439,4919
214,2481,2439,4920
214,2481,2439,4920
214,2481,2439,4920
214,2481,2440,4921
214,2481,2440,4921
214,2481,2441,4922
214,2481,2441,4922
214,2481,2441,4922
214,2482,2441,4923
214,2482,2441,4923
214,2482,2442,4924
214,2482,2442,4924
214,2482,2443,4925
214,2482,2443,4925
214,2482,2443,4925
214,2483,2443,4926
214,2483,2443,4926
214,2484,2443,4927
214,2484,2443,4927
214,2485,2443,4928
214,2484,2443,4927
214,2484,2443,4927
214,2485,2443,4928
214,2485,2443,4928
214,2484,2443,4927
214,2483,2443,4926
214,2483,2443,4926
214,2484,2443,4927
214,2483,2443,4926
214,2483,2443,4926
214,2483,2443,4926
214,2484,2443,4927
214,2484,2443,4927
214,2484,2444,4928
214,2484,2444,4928
214,2485,2444,4929
214,2485,2444,4929
214,2485,2445,4930
214,2485,2445,4930
214,2484,2445,4929
214,2484,2445,4929
214,2484,2446,4930
214,2484,2446,4930
214,2485,2446,4931
214,2485,2446,4931
214,2486,2446,4932
214,2486,2446,4932
214,2486,2447,4933
214,2486,2447,4933
214,2486,2447,4933
214,2486,2447,4933
214,2486,2448,4934
214,2486,2448,4934
214,2487,2448,4935
214,2487,2448,4935
214,2487,2449,4936
214,2487,2449,4936
214,2488,2449,4937
214,2488,2449,4937
214,2488,2448,4936
214,2488,2448,4936
214,2489,2448,4937
214,2488,2448,4936
214,2488,2448,4936
214,2487,2448,4935
214,2487,2448,4935
214,2487,2448,4935
214,2487,2449,4936
214,2487,2449,4936
214,2488,2449,4937
214,2488,2449,4937
214,2488,2450,4938
214,2488,2450,4938
214,2489,2450,4939
214,2489,2450,4939
214,2489,2451,4940
214,2489,2451,4940
214,2489,2451,4940
214,2489,2452,4941
214,2489,2452,4941
214,2489,2453,4942
214,2489,2453,4942
214,2489,2454,4943
214,2489,2453,4942
214,2489,2453,4942
214,2490,2453,4943
214,2490,2452,4942
214,2490,2452,4942
214,2491,2452,4943
214,2491,2452,4943
214,2492,2452,4944
214,2492,2452,4944
214,2492,2453,4945
214,2492,2453,4945
214,2492,2453,4945
214,2492,2453,4945
214,2492,2454,4946
214,2492,2454,4946
214,2493,2454,4947
214,2493,2454,4947
214,2493,2454,4947
214,2494,2454,4948
214,2494,2454,4948
214,2494,2454,4948
214,2494,2454,4948
214,2495,2454,4949
214,2495,2454,4949
214,2496,2454,4950
214,2496,2454,4950
214,2496,2454,4950
214,2496,2455,4951
214,2495,2455,4950
214,2495,2455,4950
214,2496,2455,4951
214,2496,2455,4951
214,2496,2456,4952
214,2496,2456,4952
214,2497,2456,4953
214,2497,2455,4952
214,2497,2455,4952
214,2497,2455,4952
214,2498,2455,4953
214,2498,2455,4953
214,2498,2456,4954
214,2498,2456,4954
214,2498,2457,4955
214,2497,2457,4954
214,2497,2457,4954
214,2498,2457,4955
214,2498,2456,4954
214,2497,2456,4953
214,2497,2456,4953
214,2497,2456,4953
214,2497,2455,4952
214,2497,2455,4952
214,2497,2456,4953
214,2497,2456,4953
214,2497,2456,4953
214,2497,2456,4953
214,2496,2456,4952
214,2496,2455,4951
214,2496,2454,4950
214,2496,2454,4950
214,2496,2455,4951
214,2496,2455,4951
214,2495,2455,4950
214,2495,2455,4950
214,2495,2455,4950
214,2495,2455,4950
214,2495,2455,4950
214,2495,2455,4950
214,2495,2455,4950
214,2496,2455,4951
214,2496,2455,4951
214,2496,2456,4952
214,2496,2456,4952
214,2496,2457,4953
214,2496,2456,4952
214,2496,2456,4952
214,2497,2456,4953
214,2497,2456,4953
214,2498,2456,4954
214,2498,2456,4954
214,2498,2457,4955
214,2498,2457,4955
214,2499,2457,4956
214,2499,2456,4955
214,2499,2456,4955
214,2500,2456,4956
214,2499,2456,4955
214,2499,2456,4955
214,2499,2456,4955
214,2498,2456,4954
214,2498,2456,4954
214,2499,2456,4955
214,2499,2456,4955
214,2499,2457,4956
214,2499,2456,4955
214,2499,2456,4955
214,2499,2457,4956
214,2499,2457,4956
214,2499,2458,4957
214,2499,2458,4957
214,2499,2457,4956
214,2499,2457,4956
214,2499,2456,4955
214,2499,2456,4955
214,2499,2457,4956
214,2499,2457,4956
214,2500,2457,4957
214,2500,2457,4957
214,2500,2458,4958
214,2500,2458,4958
214,2500,2459,4959
214,2500,2459,4959
214,2501,2459,4960
214,2501,2459,4960
214,2501,2459,4960
214,2501,2460,4961
214,2501,2460,4961
214,2502,2460,4962
214,2502,2459,4961
214,2502,2459,4961
214,2503,2459,4962
214,2503,2459,4962
214,2502,2459,4961
214,2502,2459,4961
214,2502,2459,4961
214,2502,2460,4962
214,2502,2460,4962
214,2502,2461,4963
214,2501,2461,4962
214,2501,2461,4962
214,2501,2461,4962
214,2501,2462,4963
214,2501,2462,4963
214,2501,2462,4963
214,2501,2462,4963
214,2502,2462,4964
214,2502,2461,4963
214,2502,2461,4963
214,2502,2462,4964
214,2501,2462,4963
214,2501,2462,4963
214,2501,2463,4964
214,2501,2463,4964
214,2502,2463,4965
214,2502,2463,4965
214,2502,2463,4965
214,2502,2463,4965
214,2502,2464,4966
214,2502,2464,4966
214,2502,2465,4967
214,2502,2465,4967
214,2503,2465,4968
214,2503,2465,4968
214,2503,2465,4968
214,2503,2465,4968
214,2503,2465,4968
214,2504,2465,4969
214,2504,2465,4969
214,2505,2465,4970
214,2505,2465,4970
214,2505,2466,4971
214,2505,2465,4970
214,2505,2465,4970
214,2505,2465,4970
214,2506,2465,4971
214,2506,2465,4971
214,2506,2466,4972
214,2506,2466,4972
214,2506,2467,4973
214,2506,2467,4973
214,2506,2468,4974
214,2506,2468,4974
214,2507,2468,4975
214,2507,2468,4975
214,2507,2469,4976
214,2507,2468,4975
214,2507,2468,4975
214,2507,2468,4975
214,2507,2467,4974
214,2506,2467,4973
214,2506,2466,4972
214,2506,2466,4972
214,2506,2467,4973
214,2506,2466,4972
214,2506,2465,4971
214,2506,2465,4971
214,2506,2466,4972
214,2506,2466,4972
214,2506,2467,4973
214,2506,2467,4973
214,2506,2467,4973
214,2506,2468,4974
214,2506,2468,4974
214,2507,2468,4975
214,2507,2468,4975
214,2507,2469,4976
214,2507,2468,4975
214,2507,2468,4975
214,2507,2468,4975
214,2507,2469,4976
214,2507,2469,4976
214,2508,2469,4977
214,2508,2469,4977
214,2509,2469,4978
214,2509,2469,4978
214,2509,2469,4978
214,2510,2469,4979
214,2510,2469,4979
214,2511,2469,4980
214,2511,2469,4980
214,2511,2468,4979
214,2511,2468,4979
214,2512,2468,4980
214,2512,2468,4980
214,2513,2468,4981
214,2513,2468,4981
214,2514,2468,4982
214,2514,2468,4982
214,2515,2468,4983
214,2515,2468,4983
214,2515,2468,4983
214,2515,2468,4983
214,2515,2468,4983
214,2516,2468,4984
214,2516,2468,4984
214,2516,2469,4985
214,2516,2469,4985
214,2517,2469,4986
214,2517,2469,4986
214,2518,2469,4987
214,2518,2469,4987
214,2518,2470,4988
214,2518,2470,4988
214,2519,2470,4989
214,2519,2470,4989
214,2519,2470,4989
214,2519,2470,4989
214,2519,2470,4989
214,2520,2470,4990
214,2519,2470,4989
214,2518,2470,4988
214,2518,2470,4988
214,2519,2470,4989
214,2519,2470,4989
214,2519,2470,4989
214,2519,2470,4989
214,2520,2470,4990
214,2520,2470,4990
214,2521,2470,4991
214,2521,2470,4991
214,2522,2470,4992
214,2522,2470,4992
214,2521,2470,4991
214,2521,2470,4991
214,2521,2471,4992
214,2521,2471,4992
214,2521,2472,4993
214,2521,2472,4993
214,2521,2472,4993
214,2521,2473,4994
214,2521,2473,4994
214,2521,2474,4995
214,2521,2474,4995
214,2522,2474,4996
214,2522,2474,4996
214,2523,2474,4997
214,2523,2474,4997
214,2523,2475,4998
214,2523,2475,4998
214,2524,2475,4999
214,2524,2475,4999
214,2523,2475,4998
214,2523,2475,4998
214,2522,2475,4997
214,2522,2475,4997
214,2523,2475,4998
214,2523,2475,4998
214,2523,2474,4997
214,2523,2474,4997
214,2523,2474,4997
214,2524,2474,4998
214,2523,2474,4997
214,2523,2474,4997
214,2523,2474,4997
214,2522,2474,4996
214,2522,2474,4996
214,2523,2474,4997
214,2523,2474,4997
214,2524,2474,4998
214,2524,2474,4998
214,2524,2474,4998
214,2525,2474,4999
214,2524,2474,4998
214,2524,2474,4998
214,2524,2475,4999
214,2524,2475,4999
214,2524,2476,5000
214,2524,2476,5000
214,2525,2476,5001
214,2525,2476,5001
214,2525,2476,5001
214,2525,2476,5001
214,2525,2476,5001
214,2526,2476,5002
214,2526,2476,5002
214,2526,2477,5003
214,2526,2477,5003
214,2525,2477,5002
214,2525,2476,5001
214,2525,2476,5001
214,2525,2476,5001
214,2525,2476,5001
214,2525,2476,5001
214,2524,2476,5000
214,2524,2476,5000
214,2524,2477,5001
214,2524,2477,5001
214,2525,2477,5002
214,2525,2477,5002
214,2525,2477,5002
214,2525,2478,5003
214,2524,2478,5002
214,2524,2478,5002
214,2525,2478,5003
214,2525,2478,5003
214,2525,2477,5002
214,2525,2477,5002
214,2525,2478,5003
214,2525,2478,5003
214,2526,2478,5004
214,2526,2478,5004
214,2526,2478,5004
214,2526,2479,5005
214,2526,2479,5005
214,2526,2480,5006
214,2526,2480,5006
214,2527,2480,5007
214,2527,2480,5007
214,2527,2480,5007
214,2528,2480,5008
214,2528,2480,5008
214,2528,2480,5008
214,2528,2481,5009
214,2528,2481,5009
214,2528,2482,5010
214,2528,2482,5010
214,2528,2483,5011
214,2528,2483,5011
214,2528,2484,5012
214,2528,2484,5012
214,2528,2484,5012
214,2528,2485,5013
214,2527,2485,5012
214,2527,2485,5012
214,2528,2485,5013
214,2528,2485,5013
214,2528,2484,5012
214,2528,2484,5012
214,2528,2484,5012
214,2528,2485,5013
214,2528,2485,5013
214,2529,2485,5014
214,2529,2485,5014
214,2528,2485,5013
214,2528,2485,5013
214,2528,2485,5013
214,2529,2485,5014
214,2529,2485,5014
214,2530,2485,5015
214,2530,2485,5015
214,2531,2485,5016
214,2531,2485,5016
215,2532,2485,5017
215,2532,2485,5017
215,2533,2485,5018
215,2533,2485,5018
215,2533,2486,5019
215,2533,2486,5019
215,2534,2486,5020
215,2534,2486,5020
215,2534,2487,5021
215,2534,2487,5021
215,2534,2488,5022
215,2534,2488,5022
215,2534,2489,5023
215,2534,2489,5023
215,2534,2490,5024
215,2533,2490,5023
215,2533,2489,5022
215,2533,2489,5022
215,2534,2489,5023
215,2534,2488,5022
215,2534,2488,5022
215,2534,2488,5022
215,2534,2489,5023
215,2534,2489,5023
215,2533,2489,5022
215,2533,2489,5022
215,2533,2489,5022
215,2533,2489,5022
215,2533,2490,5023
215,2533,2490,5023
215,2533,2490,5023
215,2533,2491,5024
215,2533,2490,5023
215,2533,2489,5022
215,2533,2489,5022
215,2533,2490,5023
215,2533,2490,5023
215,2533,2490,5023
215,2533,2490,5023
215,2533,2490,5023
215,2534,2490,5024
215,2534,2490,5024
215,2534,2491,5025
215,2534,2490,5024
215,2534,2490,5024
215,2534,2491,5025
215,2534,2491,5025
215,2534,2491,5025
215,2535,2491,5026
215,2535,2491,5026
215,2535,2491,5026
215,2535,2490,5025
215,2535,2490,5025
215,2536,2490,5026
215,2536,2490,5026
215,2537,2490,5027
215,2537,2490,5027
215,2537,2491,5028
215,2536,2491,5027
215,2536,2491,5027
215,2537,2491,5028
215,2537,2491,5028
215,2537,2491,5028
215,2537,2491,5028
215,2538,2491,5029
215,2538,2491,5029
215,2538,2492,5030
215,2538,2492,5030
215,2539,2492,5031
215,2539,2492,5031
215,2539,2493,5032
215,2539,2492,5031
215,2539,2491,5030
215,2539,2491,5030
215,2540,2491,5031
215,2540,2491,5031
215,2540,2491,5031
215,2540,2491,5031
215,2540,2491,5031
215,2540,2491,5031
215,2540,2491,5031
215,2540,2492,5032
215,2540,2492,5032
215,2539,2492,5031
215,2539,2492,5031
215,2540,2492,5032
215,2540,2492,5032
215,2540,2493,5033
215,2540,2493,5033
215,2541,2493,5034
215,2541,2492,5033
215,2541,2492,5033
215,2541,2493,5034
215,2540,2493,5033
215,2540,2493,5033
215,2541,2493,5034
215,2541,2493,5034
215,2541,2493,5034
215,2542,2493,5035
215,2542,2492,5034
215,2541,2492,5033
215,2541,2492,5033
215,2541,2493,5034
215,2541,2493,5034
215,2541,2493,5034
215,2541,2493,5034
215,2541,2493,5034
215,2541,2493,5034
215,2541,2493,5034
215,2540,2493,5033
215,2540,2492,5032
215,2540,2492,5032
215,2541,2492,5033
215,2541,2492,5033
215,2542,2492,5034
215,2542,2492,5034
215,2542,2493,5035
215,2542,2493,5035
215,2542,2494,5036
215,2542,2494,5036
215,2542,2494,5036
215,2542,2494,5036
215,2542,2493,5035
215,2542,2492,5034
215,2542,2491,5033
215,2542,2491,5033
215,2542,2492,5034
215,2542,2492,5034
215,2542,2493,5035
215,2542,2493,5035
215,2542,2494,5036
215,2542,2494,5036
215,2542,2494,5036
215,2543,2494,5037
215,2543,2494,5037
215,2542,2494,5036
215,2542,2494,5036
215,2542,2495,5037
215,2542,2495,5037
215,2543,2495,5038
215,2543,2495,5038
215,2543,2495,5038
215,2544,2495,5039
215,2544,2495,5039
215,2545,2495,5040
215,2545,2495,5040
215,2545,2496,5041
215,2545,2496,5041
215,2546,2496,5042
215,2546,2496,5042
215,2546,2497,5043
215,2545,2497,5042
215,2545,2496,5041
215,2545,2496,5041
215,2545,2496,5041
215,2546,2496,5042
215,2546,2496,5042
215,2545,2496,5041
215,2545,2496,5041
215,2544,2496,5040
215,2544,2496,5040
215,2544,2497,5041
215,2544,2496,5040
215,2544,2496,5040
215,2544,2497,5041
215,2544,2497,5041
215,2544,2498,5042
215,2544,2498,5042
215,2544,2498,5042
215,2544,2497,5041
215,2544,2497,5041
215,2544,2497,5041
215,2544,2498,5042
215,2544,2498,5042
215,2544,2499,5043
215,2544,2499,5043
215,2545,2499,5044
215,2545,2499,5044
215,2546,2499,5045
215,2546,2499,5045
215,2546,2499,5045
215,2546,2500,5046
215,2546,2499,5045
215,2546,2499,5045
215,2546,2500,5046
215,2546,2499,5045
215,2546,2499,5045
215,2546,2500,5046
215,2546,2500,5046
215,2546,2500,5046
215,2547,2500,5047
215,2547,2499,5046
215,2546,2499,5045
215,2546,2499,5045
215,2546,2498,5044
215,2546,2498,5044
215,2547,2498,5045
215,2546,2498,5044
215,2546,2498,5044
215,2547,2498,5045
215,2547,2498,5045
215,2548,2498,5046
215,2548,2498,5046
215,2549,2498,5047
215,2549,2498,5047
215,2549,2499,5048
215,2548,2499,5047
215,2548,2499,5047
215,2548,2500,5048
215,2548,2500,5048
215,2548,2500,5048
215,2549,2500,5049
215,2549,2500,5049
215,2550,2500,5050
215,2550,2500,5050
215,2551,2500,5051
215,2551,2500,5051
215,2551,2501,5052
215,2551,2501,5052
215,2551,2502,5053
215,2551,2502,5053
215,2551,2502,5053
215,2551,2503,5054
215,2551,2503,5054
215,2552,2503,5055
215,2552,2503,5055
215,2553,2503,5056
215,2553,2503,5056
215,2553,2502,5055
215,2553,2502,5055
215,2553,2502,5055
215,2553,2502,5055
215,2554,2502,5056
215,2553,2502,5055
215,2553,2502,5055
215,2553,2502,5055
215,2553,2502,5055
215,2552,2502,5054
215,2552,2502,5054
215,2553,2502,5055
215,2553,2502,5055
215,2553,2502,5055
215,2552,2502,5054
215,2552,2502,5054
215,2552,2502,5054
215,2552,2502,5054
215,2553,2502,5055
215,2552,2502,5054
215,2552,2502,5054
215,2553,2502,5055
215,2552,2502,5054
215,2552,2502,5054
215,2552,2502,5054
215,2552,2502,5054
215,2552,2502,5054
215,2552,2503,5055
215,2552,2503,5055
215,2551,2503,5054
215,2551,2503,5054
215,2552,2503,5055
215,2552,2503,5055
215,2552,2503,5055
215,2552,2503,5055
215,2552,2503,5055
215,2552,2503,5055
215,2552,2503,5055
215,2552,2504,5056
215,2552,2504,5056
215,2552,2505,5057
215,2552,2505,5057
215,2552,2505,5057
215,2553,2505,5058
215,2553,2505,5058
215,2553,2504,5057
215,2553,2504,5057
215,2553,2505,5058
215,2553,2505,5058
215,2554,2505,5059
215,2554,2505,5059
215,2554,2505,5059
215,2554,2506,5060
215,2554,2506,5060
215,2554,2507,5061
215,2554,2507,5061
215,2554,2507,5061
215,2555,2507,5062
215,2554,2507,5061
215,2554,2507,5061
215,2554,2507,5061
215,2555,2507,5062
215,2555,2507,5062
215,2555,2508,5063
215,2555,2508,5063
215,2555,2509,5064
215,2555,2509,5064
215,2555,2510,5065
215,2555,2510,5065
215,2555,2511,5066
215,2555,2511,5066
215,2555,2511,5066
215,2556,2511,5067
215,2556,2511,5067
215,2557,2511,5068
215,2557,2511,5068
215,2557,2511,5068
215,2558,2511,5069
215,2557,2511,5068
215,2557,2511,5068
215,2556,2511,5067
215,2556,2511,5067
215,2556,2511,5067
215,2556,2511,5067
215,2556,2511,5067
215,2556,2511,5067
215,2556,2512,5068
215,2556,2512,5068
215,2557,2512,5069
215,2557,2512,5069
215,2557,2513,5070
215,2557,2513,5070
215,2557,2513,5070
215,2557,2513,5070
215,2558,2513,5071
215,2558,2513,5071
215,2558,2514,5072
215,2557,2514,5071
215,2557,2514,5071
215,2558,2514,5072
215,2558,2513,5071
215,2558,2513,5071
215,2558,2514,5072
215,2558,2514,5072
215,2559,2514,5073
215,2559,2514,5073
215,2560,2514,5074
215,2560,2514,5074
215,2561,2514,5075
215,2561,2514,5075
215,2562,2514,5076
215,2562,2514,5076
215,2562,2515,5077
215,2562,2515,5077
215,2562,2516,5078
215,2562,2516,5078
215,2562,2517,5079
215,2562,2517,5079
215,2562,2518,5080
215,2562,2518,5080
215,2563,2518,5081
215,2563,2518,5081
215,2563,2519,5082
215,2563,2519,5082
215,2563,2519,5082
215,2563,2519,5082
215,2563,2520,5083
215,2562,2520,5082
215,2562,2520,5082
215,2562,2520,5082
215,2562,2521,5083
215,2562,2521,5083
215,2562,2522,5084
215,2562,2521,5083
215,2562,2520,5082
215,2562,2519,5081
215,2562,2519,5081
215,2562,2519,5081
215,2562,2520,5082
215,2562,2519,5081
215,2562,2519,5081
215,2562,2519,5081
215,2563,2519,5082
215,2563,2519,5082
215,2564,2519,5083
215,2564,2519,5083
215,2565,2519,5084
215,2565,2519,5084
215,2565,2519,5084
215,2566,2519,5085
215,2566,2519,5085
215,2566,2519,5085
215,2567,2519,5086
215,2567,2519,5086
215,2568,2519,5087
215,2568,2519,5087
215,2569,2519,5088
215,2569,2519,5088
215,2569,2520,5089
215,2569,2520,5089
215,2569,2519,5088
215,2569,2519,5088
215,2569,2519,5088
215,2570,2519,5089
215,2570,2519,5089
215,2571,2519,5090
215,2571,2519,5090
215,2571,2519,5090
215,2572,2519,5091
215,2572,2518,5090
215,2571,2518,5089
215,2571,2518,5089
215,2572,2518,5090
215,2572,2518,5090
215,2572,2519,5091
215,2572,2519,5091
215,2571,2519,5090
215,2571,2519,5090
215,2572,2519,5091
215,2572,2519,5091
215,2572,2520,5092
215,2572,2520,5092
215,2572,2519,5091
215,2572,2519,5091
215,2572,2520,5092
215,2572,2520,5092
215,2572,2520,5092
215,2572,2520,5092
215,2572,2519,5091
215,2572,2519,5091
215,2573,2519,5092
215,2573,2518,5091
215,2573,2518,5091
215,2573,2518,5091
215,2574,2518,5092
215,2574,2518,5092
215,2574,2519,5093
215,2574,2519,5093
215,2574,2520,5094
215,2573,2520,5093
215,2573,2520,5093
215,2573,2520,5093
215,2574,2520,5094
215,2574,2520,5094
215,2575,2520,5095
215,2575,2520,5095
215,2575,2519,5094
215,2575,2519,5094
215,2576,2519,5095
215,2576,2519,5095
215,2577,2519,5096
215,2577,2519,5096
215,2578,2519,5097
215,2578,2519,5097
215,2578,2520,5098
215,2578,2520,5098
215,2578,2521,5099
215,2577,2521,5098
215,2577,2521,5098
215,2577,2522,5099
215,2577,2522,5099
215,2578,2522,5100
215,2578,2522,5100
215,2578,2523,5101
215,2578,2522,5100
215,2578,2522,5100
215,2579,2522,5101
215,2579,2522,5101
215,2579,2522,5101
215,2580,2522,5102
215,2580,2522,5102
215,2581,2522,5103
215,2581,2522,5103
215,2582,2522,5104
215,2582,2521,5103
215,2581,2521,5102
215,2581,2521,5102
215,2581,2521,5102
215,2582,2521,5103
215,2581,2521,5102
215,2580,2521,5101
215,2580,2521,5101
215,2580,2522,5102
215,2580,2522,5102
215,2580,2522,5102
215,2579,2522,5101
215,2579,2522,5101
215,2579,2523,5102
215,2579,2522,5101
215,2579,2522,5101
215,2579,2522,5101
215,2579,2522,5101
215,2579,2523,5102
215,2579,2523,5102
215,2579,2524,5103
215,2579,2524,5103
215,2579,2524,5103
215,2580,2524,5104
215,2580,2524,5104
215,2581,2524,5105
215,2581,2524,5105
215,2581,2524,5105
215,2581,2524,5105
215,2581,2524,5105
215,2581,2524,5105
215,2581,2525,5106
215,2581,2525,5106
215,2581,2526,5107
215,2581,2526,5107
215,2581,2526,5107
215,2581,2527,5108
215,2581,2527,5108
215,2581,2527,5108
215,2581,2528,5109
215,2581,2527,5108
215,2581,2527,5108
215,2581,2528,5109
215,2581,2528,5109
215,2581,2529,5110
215,2581,2529,5110
215,2581,2529,5110
215,2582,2529,5111
215,2582,2529,5111
215,2583,2529,5112
215,2583,2529,5112
215,2583,2530,5113
215,2583,2530,5113
215,2583,2530,5113
215,2583,2531,5114
215,2583,2530,5113
215,2583,2530,5113
215,2583,2530,5113
215,2584,2530,5114
215,2584,2530,5114
215,2584,2531,5115
215,2584,2531,5115
215,2584,2531,5115
215,2584,2532,5116
215,2584,2532,5116
215,2585,2532,5117
215,2585,2532,5117
215,2585,2532,5117
215,2586,2532,5118
215,2586,2532,5118
215,2586,2533,5119
215,2586,2532,5118
215,2586,2532,5118
215,2587,2532,5119
215,2587,2532,5119
215,2588,2532,5120
215,2588,2531,5119
215,2588,2531,5119
216,2588,2532,5120
216,2588,2532,5120
216,2589,2532,5121
216,2588,2532,5120
216,2588,2532,5120
216,2589,2532,5121
216,2588,2532,5120
216,2588,2532,5120
216,2588,2533,5121
216,2588,2533,5121
216,2589,2533,5122
216,2589,2533,5122
216,2590,2533,5123
216,2590,2533,5123
216,2590,2533,5123
216,2590,2533,5123
216,2591,2533,5124
216,2591,2533,5124
216,2592,2533,5125
216,2592,2533,5125
216,2592,2534,5126
216,2591,2534,5125
216,2591,2534,5125
216,2591,2534,5125
216,2592,2534,5126
216,2592,2534,5126
216,2592,2533,5125
216,2592,2533,5125
216,2593,2533,5126
216,2592,2533,5125
216,2591,2533,5124
216,2590,2533,5123
216,2590,2533,5123
216,2590,2534,5124
216,2589,2534,5123
216,2589,2534,5123
216,2589,2535,5124
216,2589,2534,5123
216,2589,2534,5123
216,2589,2534,5123
216,2589,2533,5122
216,2588,2533,5121
216,2588,2533,5121
216,2589,2533,5122
216,2588,2533,5121
216,2587,2533,5120
216,2587,2533,5120
216,2587,2534,5121
216,2587,2534,5121
216,2587,2534,5121
216,2587,2534,5121
216,2587,2535,5122
216,2587,2535,5122
216,2587,2535,5122
216,2588,2535,5123
216,2588,2535,5123
216,2588,2535,5123
216,2588,2536,5124
216,2588,2536,5124
216,2589,2536,5125
216,2589,2535,5124
216,2589,2535,5124
216,2589,2536,5125
216,2589,2536,5125
216,2589,2537,5126
216,2589,2537,5126
216,2590,2537,5127
216,2590,2537,5127
216,2590,2537,5127
216,2590,2537,5127
216,2590,2537,5127
216,2590,2537,5127
216,2590,2538,5128
216,2590,2538,5128
216,2590,2539,5129
216,2590,2539,5129
216,2590,2539,5129
216,2590,2540,5130
216,2590,2540,5130
216,2590,2541,5131
216,2590,2541,5131
216,2589,2541,5130
216,2589,2541,5130
216,2589,2541,5130
216,2589,2541,5130
216,2589,2542,5131
216,2589,2542,5131
216,2590,2542,5132
216,2590,2542,5132
216,2590,2541,5131
216,2590,2541,5131
216,2591,2541,5132
216,2591,2541,5132
216,2591,2541,5132
216,2591,2542,5133
216,2591,2542,5133
216,2591,2543,5134
216,2590,2543,5133
216,2590,2543,5133
216,2590,2544,5134
216,2590,2544,5134
216,2590,2545,5135
216,2590,2545,5135
216,2591,2545,5136
216,2591,2545,5136
216,2591,2545,5136
216,2591,2546,5137
216,2591,2546,5137
216,2591,2547,5138
216,2591,2547,5138
216,2591,2548,5139
216,2591,2547,5138
216,2591,2547,5138
216,2591,2548,5139
216,2591,2548,5139
216,2591,2548,5139
216,2591,2548,5139
216,2591,2549,5140
216,2591,2549,5140
216,2591,2549,5140
216,2591,2548,5139
216,2591,2548,5139
216,2592,2548,5140
216,2592,2547,5139
216,2592,2547,5139
216,2592,2548,5140
216,2592,2548,5140
216,2592,2549,5141
216,2592,2549,5141
216,2592,2549,5141
216,2592,2550,5142
216,2591,2550,5141
216,2591,2549,5140
216,2591,2549,5140
216,2591,2549,5140
216,2592,2549,5141
216,2592,2549,5141
216,2592,2550,5142
216,2592,2550,5142
216,2592,2551,5143
216,2592,2551,5143
216,2592,2551,5143
216,2592,2552,5144
216,2592,2552,5144
216,2593,2552,5145
216,2593,2551,5144
216,2593,2551,5144
216,2593,2552,5145
216,2593,2552,5145
216,2593,2552,5145
216,2593,2552,5145
216,2594,2552,5146
216,2594,2552,5146
216,2594,2552,5146
216,2594,2553,5147
216,2594,2553,5147
216,2595,2553,5148
216,2595,2553,5148
216,2594,2553,5147
216,2594,2553,5147
216,2595,2553,5148
216,2595,2553,5148
216,2596,2553,5149
216,2596,2553,5149
216,2597,2553,5150
216,2596,2553,5149
216,2596,2553,5149
216,2596,2553,5149
216,2597,2553,5150
216,2597,2553,5150
216,2598,2553,5151
216,2598,2553,5151
216,2599,2553,5152
216,2599,2553,5152
216,2599,2553,5152
216,2600,2553,5153
216,2600,2553,5153
216,2600,2554,5154
216,2600,2554,5154
216,2600,2555,5155
216,2600,2555,5155
216,2599,2555,5154
216,2599,2554,5153
216,2599,2553,5152
216,2598,2553,5151
216,2598,2553,5151
216,2599,2553,5152
216,2599,2553,5152
216,2599,2554,5153
216,2599,2554,5153
216,2599,2555,5154
216,2599,2555,5154
216,2600,2555,5155
216,2600,2555,5155
216,2600,2556,5156
216,2600,2556,5156
216,2600,2557,5157
216,2600,2557,5157
216,2599,2557,5156
216,2599,2557,5156
216,2600,2557,5157
216,2600,2557,5157
216,2601,2557,5158
216,2601,2557,5158
216,2601,2558,5159
216,2601,2558,5159
216,2601,2559,5160
216,2601,2559,5160
216,2601,2560,5161
216,2601,2560,5161
216,2601,2560,5161
216,2602,2560,5162
216,2602,2559,5161
216,2602,2559,5161
216,2603,2559,5162
216,2603,2559,5162
216,2603,2559,5162
216,2603,2560,5163
216,2603,2560,5163
216,2604,2560,5164
216,2604,2560,5164
216,2604,2560,5164
216,2605,2560,5165
216,2605,2560,5165
216,2605,2560,5165
216,2605,2561,5166
216,2605,2561,5166
216,2605,2562,5167
216,2605,2562,5167
216,2605,2563,5168
216,2604,2563,5167
216,2604,2563,5167
216,2605,2563,5168
216,2605,2563,5168
216,2605,2564,5169
216,2605,2564,5169
216,2606,2564,5170
216,2606,2564,5170
216,2606,2564,5170
216,2606,2565,5171
216,2606,2565,5171
216,2606,2565,5171
216,2606,2565,5171
216,2606,2565,5171
216,2606,2566,5172
216,2606,2566,5172
216,2607,2566,5173
216,2607,2566,5173
216,2607,2566,5173
216,2607,2567,5174
216,2607,2567,5174
216,2607,2567,5174
216,2607,2568,5175
216,2607,2567,5174
216,2607,2566,5173
216,2607,2565,5172
216,2607,2565,5172
216,2608,2565,5173
216,2608,2565,5173
216,2609,2565,5174
216,2609,2565,5174
216,2610,2565,5175
216,2610,2565,5175
216,2610,2566,5176
216,2610,2566,5176
216,2610,2566,5176
216,2611,2566,5177
216,2611,2566,5177
216,2611,2566,5177
216,2611,2566,5177
216,2612,2566,5178
216,2612,2566,5178
216,2612,2566,5178
216,2612,2566,5178
216,2612,2567,5179
216,2612,2567,5179
216,2613,2567,5180
216,2613,2567,5180
216,2613,2567,5180
216,2612,2567,5179
216,2612,2567,5179
216,2613,2567,5180
216,2613,2567,5180
216,2613,2568,5181
216,2613,2568,5181
216,2614,2568,5182
216,2613,2568,5181
216,2613,2568,5181
216,2613,2568,5181
216,2613,2569,5182
216,2613,2569,5182
216,2613,2569,5182
216,2613,2570,5183
216,2613,2570,5183
216,2612,2570,5182
216,2612,2570,5182
216,2613,2570,5183
216,2613,2570,5183
216,2613,2571,5184
216,2613,2570,5183
216,2613,2570,5183
216,2613,2571,5184
216,2613,2571,5184
216,2613,2571,5184
216,2613,2572,5185
216,2613,2572,5185
216,2613,2572,5185
216,2613,2572,5185
216,2613,2573,5186
216,2613,2573,5186
216,2613,2573,5186
216,2613,2573,5186
216,2613,2574,5187
216,2613,2573,5186
216,2613,2572,5185
216,2613,2572,5185
216,2613,2572,5185
216,2613,2573,5186
216,2613,2573,5186
216,2614,2573,5187
216,2614,2573,5187
216,2615,2573,5188
216,2615,2573,5188
216,2615,2573,5188
216,2615,2574,5189
216,2615,2574,5189
216,2616,2574,5190
216,2616,2574,5190
216,2616,2575,5191
216,2616,2575,5191
216,2617,2575,5192
216,2617,2575,5192
216,2617,2575,5192
216,2617,2576,5193
216,2617,2576,5193
216,2618,2576,5194
216,2618,2576,5194
216,2618,2575,5193
216,2618,2575,5193
216,2619,2575,5194
216,2618,2575,5193
216,2617,2575,5192
216,2617,2575,5192
216,2618,2575,5193
216,2618,2574,5192
216,2617,2574,5191
216,2616,2574,5190
216,2616,2574,5190
216,2617,2574,5191
216,2617,2574,5191
216,2617,2575,5192
216,2617,2575,5192
216,2617,2576,5193
216,2617,2576,5193
216,2617,2576,5193
216,2617,2575,5192
216,2617,2575,5192
216,2617,2576,5193
216,2617,2576,5193
216,2617,2577,5194
216,2617,2577,5194
216,2618,2577,5195
216,2618,2577,5195
216,2618,2577,5195
216,2618,2578,5196
216,2618,2578,5196
216,2619,2578,5197
216,2619,2578,5197
216,2619,2579,5198
216,2619,2579,5198
216,2620,2579,5199
216,2620,2579,5199
216,2620,2580,5200
216,2620,2580,5200
216,2620,2581,5201
216,2620,2580,5200
216,2620,2580,5200
216,2620,2581,5201
216,2620,2580,5200
216,2620,2579,5199
216,2620,2579,5199
216,2620,2580,5200
216,2620,2580,5200
216,2620,2580,5200
216,2620,2580,5200
216,2620,2581,5201
216,2620,2581,5201
216,2620,2582,5202
216,2620,2582,5202
216,2621,2582,5203
216,2621,2582,5203
216,2621,2582,5203
216,2621,2583,5204
216,2621,2583,5204
216,2621,2582,5203
216,2621,2582,5203
216,2621,2582,5203
216,2622,2582,5204
216,2622,2582,5204
216,2622,2582,5204
216,2622,2582,5204
216,2622,2582,5204
216,2622,2582,5204
216,2622,2582,5204
216,2623,2582,5205
216,2623,2582,5205
216,2623,2581,5204
216,2623,2581,5204
216,2624,2581,5205
216,2624,2581,5205
216,2624,2581,5205
216,2624,2582,5206
216,2624,2582,5206
216,2625,2582,5207
216,2625,2582,5207
216,2624,2582,5206
216,2624,2582,5206
216,2625,2582,5207
216,2625,2582,5207
216,2625,2582,5207
216,2625,2582,5207
216,2626,2582,5208
216,2625,2582,5207
216,2624,2582,5206
216,2624,2582,5206
216,2624,2583,5207
216,2624,2583,5207
216,2624,2583,5207
216,2625,2583,5208
216,2625,2583,5208
216,2625,2584,5209
216,2625,2584,5209
216,2626,2584,5210
216,2625,2584,5209
216,2625,2584,5209
216,2625,2585,5210
216,2625,2585,5210
216,2626,2585,5211
216,2626,2585,5211
216,2625,2585,5210
216,2625,2585,5210
216,2626,2585,5211
216,2626,2585,5211
216,2627,2585,5212
216,2627,2585,5212
216,2628,2585,5213
216,2628,2585,5213
216,2627,2585,5212
216,2627,2585,5212
216,2627,2585,5212
216,2628,2585,5213
216,2628,2585,5213
216,2628,2585,5213
216,2629,2585,5214
216,2629,2585,5214
216,2630,2585,5215
216,2630,2585,5215
216,2631,2585,5216
216,2631,2585,5216
216,2631,2586,5217
216,2631,2586,5217
216,2631,2587,5218
216,2631,2587,5218
216,2632,2587,5219
216,2631,2587,5218
216,2630,2587,5217
216,2630,2587,5217
216,2630,2588,5218
216,2630,2588,5218
216,2630,2587,5217
216,2630,2587,5217
216,2631,2587,5218
216,2631,2587,5218
216,2631,2588,5219
216,2631,2588,5219
216,2631,2589,5220
216,2631,2589,5220
216,2632,2589,5221
216,2632,2589,5221
216,2633,2589,5222
216,2633,2588,5221
216,2633,2588,5221
216,2634,2588,5222
216,2633,2588,5221
216,2633,2588,5221
216,2633,2588,5221
216,2632,2588,5220
216,2632,2588,5220
216,2633,2588,5221
216,2633,2588,5221
216,2633,2589,5222
216,2633,2589,5222
216,2633,2589,5222
216,2633,2589,5222
216,2634,2589,5223
216,2634,2589,5223
216,2635,2589,5224
216,2635,2589,5224
216,2635,2589,5224
216,2634,2589,5223
216,2633,2589,5222
216,2633,2589,5222
216,2634,2589,5223
216,2634,2589,5223
216,2634,2590,5224
216,2634,2590,5224
216,2635,2590,5225
216,2635,2590,5225
216,2634,2590,5224
216,2634,2590,5224
216,2634,2590,5224
216,2635,2590,5225
216,2634,2590,5224
216,2633,2590,5223
216,2633,2590,5223
216,2634,2590,5224
216,2634,2590,5224
216,2634,2590,5224
216,2634,2591,5225
216,2634,2590,5224
216,2634,2589,5223
216,2634,2589,5223
216,2635,2589,5224
216,2635,2589,5224
216,2635,2589,5224
216,2635,2589,5224
216,2635,2590,5225
216,2635,2590,5225
216,2635,2591,5226
216,2635,2591,5226
216,2635,2592,5227
216,2634,2592,5226
216,2634,2592,5226
216,2634,2592,5226
216,2634,2592,5226
216,2634,2592,5226
216,2634,2592,5226
216,2634,2591,5225
216,2634,2590,5224
216,2634,2589,5223
216,2634,2589,5223
216,2633,2589,5222
216,2632,2589,5221
216,2632,2589,5221
216,2633,2589,5222
216,2633,2589,5222
216,2633,2589,5222
216,2633,2590,5223
216,2633,2590,5223
216,2633,2590,5223
216,2633,2591,5224
216,2633,2591,5224
216,2634,2591,5225
216,2634,2591,5225
216,2634,2591,5225
216,2635,2591,5226
216,2635,2590,5225
216,2635,2590,5225
216,2636,2590,5226
216,2636,2590,5226
216,2636,2591,5227
216,2636,2591,5227
216,2637,2591,5228
216,2637,2591,5228
216,2637,2591,5228
216,2637,2592,5229
216,2636,2592,5228
216,2636,2592,5228
216,2636,2593,5229
216,2636,2593,5229
216,2636,2594,5230
216,2636,2594,5230
216,2636,2593,5229
216,2636,2592,5228
216,2636,2592,5228
216,2636,2592,5228
216,2636,2591,5227
216,2636,2591,5227
216,2636,2591,5227
216,2636,2591,5227
216,2637,2591,5228
216,2637,2591,5228
216,2638,2591,5229
216,2638,2591,5229
216,2638,2591,5229
216,2638,2591,5229
216,2638,2591,5229
216,2639,2591,5230
216,2639,2591,5230
216,2640,2591,5231
216,2640,2591,5231
216,2641,2591,5232
216,2641,2591,5232
216,2641,2592,5233
216,2641,2592,5233
216,2641,2592,5233
216,2641,2593,5234
216,2640,2593,5233
216,2640,2593,5233
216,2640,2594,5234
216,2640,2594,5234
216,2640,2594,5234
216,2641,2594,5235
216,2641,2594,5235
217,2641,2594,5235
217,2641,2594,5235
217,2641,2594,5235
217,2642,2594,5236
217,2642,2594,5236
217,2642,2595,5237
217,2642,2595,5237
217,2642,2596,5238
217,2642,2596,5238
217,2642,2595,5237
217,2642,2595,5237
217,2642,2596,5238
217,2642,2596,5238
217,2642,2596,5238
217,2643,2596,5239
217,2643,2596,5239
217,2643,2597,5240
217,2643,2597,5240
217,2643,2597,5240
217,2643,2596,5239
217,2643,2596,5239
217,2644,2596,5240
217,2644,2596,5240
217,2645,2596,5241
217,2645,2595,5240
217,2645,2595,5240
217,2645,2596,5241
217,2645,2596,5241
217,2646,2596,5242
217,2646,2596,5242
217,2647,2596,5243
217,2647,2596,5243
217,2647,2597,5244
217,2647,2597,5244
217,2647,2597,5244
217,2648,2597,5245
217,2647,2597,5244
217,2647,2597,5244
217,2647,2598,5245
217,2646,2598,5244
217,2646,2598,5244
217,2646,2598,5244
217,2646,2598,5244
217,2646,2598,5244
217,2646,2597,5243
217,2646,2597,5243
217,2646,2597,5243
217,2646,2598,5244
217,2646,2598,5244
217,2647,2598,5245
217,2647,2597,5244
217,2647,2597,5244
217,2646,2597,5243
217,2646,2597,5243
217,2646,2597,5243
217,2646,2597,5243
217,2646,2598,5244
217,2646,2598,5244
217,2647,2598,5245
217,2647,2598,5245
217,2648,2598,5246
217,2648,2598,5246
217,2649,2598,5247
217,2649,2598,5247
217,2650,2598,5248
217,2650,2597,5247
217,2650,2597,5247
217,2650,2598,5248
217,2650,2598,5248
217,2650,2599,5249
217,2650,2599,5249
217,2651,2599,5250
217,2651,2599,5250
217,2651,2600,5251
217,2650,2600,5250
217,2650,2600,5250
217,2650,2600,5250
217,2651,2600,5251
217,2651,2600,5251
217,2652,2600,5252
217,2652,2600,5252
217,2652,2600,5252
217,2652,2600,5252
217,2652,2601,5253
217,2652,2600,5252
217,2652,2600,5252
217,2652,2600,5252
217,2652,2600,5252
217,2652,2601,5253
217,2652,2600,5252
217,2652,2600,5252
217,2653,2600,5253
217,2653,2600,5253
217,2653,2600,5253
217,2653,2601,5254
217,2653,2601,5254
217,2653,2602,5255
217,2653,2602,5255
217,2653,2602,5255
217,2653,2603,5256
217,2653,2603,5256
217,2653,2604,5257
217,2653,2604,5257
217,2653,2604,5257
217,2653,2603,5256
217,2653,2603,5256
217,2654,2603,5257
217,2654,2602,5256
217,2654,2602,5256
217,2653,2602,5255
217,2653,2602,5255
217,2653,2602,5255
217,2653,2602,5255
217,2653,2601,5254
217,2653,2600,5253
217,2653,2600,5253
217,2653,2601,5254
217,2653,2601,5254
217,2654,2601,5255
217,2654,2601,5255
217,2654,2602,5256
217,2654,2602,5256
217,2654,2603,5257
217,2654,2603,5257
217,2655,2603,5258
217,2655,2603,5258
217,2655,2602,5257
217,2655,2602,5257
217,2655,2602,5257
217,2656,2602,5258
217,2656,2602,5258
217,2657,2602,5259
217,2657,2602,5259
217,2657,2602,5259
217,2657,2602,5259
217,2658,2602,5260
217,2657,2602,5259
217,2657,2602,5259
217,2657,2602,5259
217,2657,2603,5260
217,2656,2603,5259
217,2656,2603,5259
217,2656,2603,5259
217,2656,2604,5260
217,2656,2604,5260
217,2656,2605,5261
217,2656,2605,5261
217,2657,2605,5262
217,2657,2605,5262
217,2657,2606,5263
217,2657,2605,5262
217,2657,2605,5262
217,2657,2605,5262
217,2658,2605,5263
217,2658,2605,5263
217,2658,2604,5262
217,2658,2604,5262
217,2658,2604,5262
217,2658,2605,5263
217,2658,2605,5263
217,2658,2606,5264
217,2658,2606,5264
217,2658,2606,5264
217,2658,2606,5264
217,2659,2606,5265
217,2659,2606,5265
217,2659,2606,5265
217,2659,2607,5266
217,2659,2607,5266
217,2659,2607,5266
217,2659,2607,5266
217,2659,2608,5267
217,2659,2608,5267
217,2659,2608,5267
217,2659,2608,5267
217,2659,2608,5267
217,2659,2608,5267
217,2658,2608,5266
217,2658,2608,5266
217,2659,2608,5267
217,2659,2608,5267
217,2659,2608,5267
217,2659,2608,5267
217,2659,2608,5267
217,2660,2608,5268
217,2660,2608,5268
217,2660,2607,5267
217,2660,2607,5267
217,2660,2607,5267
217,2659,2607,5266
217,2659,2607,5266
217,2660,2607,5267
217,2660,2607,5267
217,2660,2608,5268
217,2660,2608,5268
217,2661,2608,5269
217,2661,2608,5269
217,2660,2608,5268
217,2660,2608,5268
217,2661,2608,5269
217,2661,2608,5269
217,2661,2609,5270
217,2661,2609,5270
217,2660,2609,5269
217,2660,2608,5268
217,2660,2608,5268
217,2660,2608,5268
217,2660,2608,5268
217,2660,2609,5269
217,2660,2609,5269
217,2660,2609,5269
217,2660,2609,5269
217,2660,2609,5269
217,2660,2610,5270
217,2659,2610,5269
217,2659,2610,5269
217,2659,2610,5269
217,2659,2611,5270
217,2659,2611,5270
217,2659,2611,5270
217,2660,2611,5271
217,2660,2611,5271
217,2660,2612,5272
217,2660,2612,5272
217,2660,2612,5272
217,2661,2612,5273
217,2661,2611,5272
217,2661,2611,5272
217,2662,2611,5273
217,2662,2611,5273
217,2662,2611,5273
217,2663,2611,5274
217,2663,2611,5274
217,2663,2612,5275
217,2663,2612,5275
217,2663,2612,5275
217,2663,2613,5276
217,2663,2613,5276
217,2663,2613,5276
217,2663,2614,5277
217,2663,2614,5277
217,2664,2614,5278
217,2664,2614,5278
217,2664,2615,5279
217,2664,2615,5279
217,2663,2615,5278
217,2663,2615,5278
217,2664,2615,5279
217,2664,2615,5279
217,2664,2616,5280
217,2664,2616,5280
217,2664,2615,5279
217,2664,2614,5278
217,2664,2614,5278
217,2665,2614,5279
217,2664,2614,5278
217,2664,2614,5278
217,2665,2614,5279
217,2664,2614,5278
217,2664,2614,5278
217,2664,2614,5278
217,2665,2614,5279
217,2665,2614,5279
217,2665,2615,5280
217,2665,2615,5280
217,2666,2615,5281
217,2666,2615,5281
217,2665,2615,5280
217,2665,2615,5280
217,2665,2616,5281
217,2664,2616,5280
217,2664,2616,5280
217,2664,2617,5281
217,2664,2616,5280
217,2664,2616,5280
217,2665,2616,5281
217,2665,2616,5281
217,2665,2616,5281
217,2665,2617,5282
217,2665,2617,5282
217,2665,2617,5282
217,2665,2618,5283
217,2665,2618,5283
217,2665,2619,5284
217,2665,2619,5284
217,2666,2619,5285
217,2666,2619,5285
217,2666,2619,5285
217,2667,2619,5286
217,2667,2618,5285
217,2667,2618,5285
217,2667,2619,5286
217,2667,2619,5286
217,2667,2619,5286
217,2667,2619,5286
217,2667,2620,5287
217,2667,2620,5287
217,2667,2620,5287
217,2667,2620,5287
217,2667,2621,5288
217,2666,2621,5287
217,2666,2621,5287
217,2667,2621,5288
217,2667,2620,5287
217,2667,2620,5287
217,2667,2620,5287
217,2667,2620,5287
217,2667,2621,5288
217,2667,2621,5288
217,2667,2621,5288
217,2667,2622,5289
217,2667,2622,5289
217,2667,2623,5290
217,2667,2623,5290
217,2668,2623,5291
217,2668,2623,5291
217,2668,2623,5291
217,2668,2624,5292
217,2668,2624,5292
217,2669,2624,5293
217,2669,2624,5293
217,2669,2625,5294
217,2669,2625,5294
217,2669,2625,5294
217,2669,2626,5295
217,2669,2626,5295
217,2668,2626,5294
217,2668,2626,5294
217,2668,2626,5294
217,2668,2627,5295
217,2668,2627,5295
217,2668,2628,5296
217,2668,2628,5296
217,2668,2629,5297
217,2668,2629,5297
217,2668,2629,5297
217,2668,2630,5298
217,2668,2630,5298
217,2669,2630,5299
217,2669,2630,5299
217,2670,2630,5300
217,2670,2630,5300
217,2671,2630,5301
217,2671,2630,5301
217,2672,2630,5302
217,2672,2630,5302
217,2672,2631,5303
217,2672,2631,5303
217,2672,2632,5304
217,2672,2632,5304
217,2672,2633,5305
217,2672,2633,5305
217,2672,2633,5305
217,2672,2634,5306
217,2672,2634,5306
217,2672,2634,5306
217,2673,2634,5307
217,2673,2634,5307
217,2673,2635,5308
217,2673,2635,5308
217,2673,2636,5309
217,2673,2636,5309
217,2674,2636,5310
217,2674,2636,5310
217,2674,2637,5311
217,2674,2636,5310
217,2674,2636,5310
217,2675,2636,5311
217,2675,2635,5310
217,2675,2635,5310
217,2675,2635,5310
217,2675,2635,5310
217,2676,2635,5311
217,2676,2635,5311
217,2676,2636,5312
217,2676,2636,5312
217,2676,2636,5312
217,2676,2636,5312
217,2677,2636,5313
217,2677,2636,5313
217,2678,2636,5314
217,2678,2636,5314
217,2678,2637,5315
217,2677,2637,5314
217,2677,2637,5314
217,2677,2637,5314
217,2677,2637,5314
217,2677,2637,5314
217,2677,2637,5314
217,2677,2637,5314
217,2677,2638,5315
217,2677,2638,5315
217,2678,2638,5316
217,2678,2638,5316
217,2678,2639,5317
217,2678,2638,5316
217,2678,2638,5316
217,2679,2638,5317
217,2679,2638,5317
217,2680,2638,5318
217,2680,2637,5317
217,2680,2637,5317
217,2681,2637,5318
217,2681,2637,5318
217,2681,2638,5319
217,2680,2638,5318
217,2680,2638,5318
217,2680,2639,5319
217,2680,2639,5319
217,2680,2638,5318
217,2680,2638,5318
217,2680,2638,5318
217,2680,2639,5319
217,2680,2638,5318
217,2680,2638,5318
217,2680,2639,5319
217,2680,2639,5319
217,2680,2639,5319
217,2680,2640,5320
217,2680,2640,5320
217,2680,2639,5319
217,2680,2639,5319
217,2680,2638,5318
217,2680,2638,5318
217,2680,2638,5318
217,2681,2638,5319
217,2681,2638,5319
217,2682,2638,5320
217,2682,2638,5320
217,2683,2638,5321
217,2683,2638,5321
217,2683,2638,5321
217,2684,2638,5322
217,2684,2638,5322
217,2685,2638,5323
217,2685,2638,5323
217,2685,2638,5323
217,2685,2639,5324
217,2685,2638,5323
217,2685,2638,5323
217,2685,2637,5322
217,2685,2637,5322
217,2685,2638,5323
217,2685,2638,5323
217,2685,2638,5323
217,2685,2639,5324
217,2685,2639,5324
217,2685,2639,5324
217,2685,2639,5324
217,2686,2639,5325
217,2686,2639,5325
217,2686,2640,5326
217,2686,2640,5326
217,2686,2641,5327
217,2686,2641,5327
217,2685,2641,5326
217,2685,2641,5326
217,2685,2641,5326
217,2685,2642,5327
217,2685,2642,5327
217,2685,2642,5327
217,2686,2642,5328
217,2686,2642,5328
217,2686,2643,5329
217,2686,2642,5328
217,2686,2642,5328
217,2687,2642,5329
217,2687,2642,5329
217,2688,2642,5330
217,2688,2641,5329
217,2688,2641,5329
217,2689,2641,5330
217,2689,2641,5330
217,2688,2641,5329
217,2688,2641,5329
217,2688,2642,5330
217,2688,2642,5330
217,2688,2642,5330
217,2688,2643,5331
217,2688,2643,5331
217,2688,2643,5331
217,2688,2644,5332
217,2688,2644,5332
217,2689,2644,5333
217,2689,2644,5333
217,2689,2645,5334
217,2689,2645,5334
217,2689,2645,5334
217,2689,2646,5335
217,2689,2646,5335
217,2690,2646,5336
217,2690,2646,5336
217,2689,2646,5335
217,2689,2646,5335
217,2690,2646,5336
217,2690,2646,5336
217,2690,2647,5337
217,2689,2647,5336
217,2689,2647,5336
217,2689,2646,5335
217,2689,2646,5335
217,2689,2646,5335
217,2689,2647,5336
217,2688,2647,5335
217,2688,2647,5335
217,2688,2647,5335
217,2688,2647,5335
217,2689,2647,5336
217,2689,2647,5336
217,2689,2647,5336
217,2689,2647,5336
217,2689,2648,5337
217,2689,2648,5337
217,2690,2648,5338
217,2690,2647,5337
217,2690,2647,5337
217,2690,2648,5338
217,2690,2648,5338
217,2690,2649,5339
217,2690,2649,5339
217,2690,2650,5340
217,2689,2650,5339
217,2689,2649,5338
217,2689,2649,5338
217,2689,2649,5338
217,2690,2649,5339
217,2690,2648,5338
217,2690,2648,5338
217,2690,2649,5339
217,2690,2649,5339
217,2691,2649,5340
217,2691,2649,5340
217,2692,2649,5341
217,2692,2649,5341
217,2692,2649,5341
217,2693,2649,5342
217,2693,2649,5342
217,2694,2649,5343
217,2694,2649,5343
217,2695,2649,5344
217,2695,2649,5344
217,2695,2650,5345
217,2694,2650,5344
217,2694,2650,5344
217,2695,2650,5345
217,2695,2650,5345
217,2695,2651,5346
217,2695,2650,5345
217,2695,2650,5345
217,2695,2651,5346
217,2695,2650,5345
217,2695,2650,5345
217,2695,2650,5345
217,2695,2651,5346
217,2695,2651,5346
217,2695,2651,5346
217,2696,2651,5347
217,2696,2651,5347
217,2697,2651,5348
217,2697,2651,5348
217,2698,2651,5349
217,2698,2651,5349
217,2698,2651,5349
217,2699,2651,5350
217,2699,2651,5350
217,2699,2652,5351
217,2699,2652,5351
217,2699,2653,5352
217,2699,2653,5352
217,2699,2654,5353
217,2699,2654,5353
217,2700,2654,5354
217,2700,2654,5354
217,2700,2654,5354
217,2700,2654,5354
217,2701,2654,5355
217,2701,2654,5355
217,2701,2655,5356
217,2701,2655,5356
217,2701,2656,5357
217,2701,2656,5357
217,2702,2656,5358
217,2702,2656,5358
217,2702,2655,5357
217,2702,2655,5357
217,2703,2655,5358
217,2703,2655,5358
217,2703,2655,5358
217,2703,2655,5358
217,2702,2655,5357
217,2701,2655,5356
217,2701,2655,5356
217,2701,2656,5357
217,2701,2656,5357
217,2701,2656,5357
217,2702,2656,5358
217,2702,2656,5358
217,2702,2656,5358
217,2702,2655,5357
217,2702,2655,5357
217,2702,2655,5357
217,2703,2655,5358
217,2703,2655,5358
217,2703,2655,5358
217,2704,2655,5359
217,2704,2655,5359
217,2704,2655,5359
217,2705,2655,5360
217,2705,2655,5360
217,2705,2655,5360
217,2706,2655,5361
217,2705,2655,5360
217,2705,2655,5360
217,2705,2655,5360
217,2705,2656,5361
217,2704,2656,5360
217,2704,2656,5360
217,2704,2656,5360
217,2704,2656,5360
217,2705,2656,5361
217,2705,2656,5361
217,2705,2656,5361
217,2705,2657,5362
217,2705,2657,5362
217,2706,2657,5363
217,2706,2657,5363
217,2706,2658,5364
217,2706,2658,5364
217,2706,2658,5364
217,2706,2659,5365
218,2706,2659,5365
218,2706,2659,5365
218,2706,2658,5364
218,2706,2658,5364
218,2706,2658,5364
218,2706,2659,5365
218,2706,2659,5365
218,2707,2659,5366
218,2707,2659,5366
218,2707,2658,5365
218,2707,2658,5365
218,2707,2659,5366
218,2707,2659,5366
218,2707,2660,5367
218,2707,2660,5367
218,2707,2660,5367
218,2707,2661,5368
218,2707,2661,5368
218,2708,2661,5369
218,2708,2661,5369
218,2708,2662,5370
218,2708,2662,5370
218,2708,2663,5371
218,2708,2663,5371
218,2708,2663,5371
218,2708,2664,5372
218,2708,2664,5372
218,2708,2665,5373
218,2708,2665,5373
218,2709,2665,5374
218,2709,2665,5374
218,2710,2665,5375
218,2710,2665,5375
218,2710,2665,5375
218,2711,2665,5376
218,2710,2665,5375
218,2710,2665,5375
218,2711,2665,5376
218,2710,2665,5375
218,2710,2665,5375
218,2711,2665,5376
218,2711,2665,5376
218,2712,2665,5377
218,2712,2665,5377
218,2711,2665,5376
218,2711,2665,5376
218,2712,2665,5377
218,2712,2665,5377
218,2713,2665,5378
218,2713,2665,5378
218,2713,2665,5378
218,2713,2665,5378
218,2714,2665,5379
218,2714,2665,5379
218,2714,2666,5380
218,2714,2666,5380
218,2714,2667,5381
218,2714,2667,5381
218,2714,2667,5381
218,2713,2667,5380
218,2713,2666,5379
218,2713,2665,5378
218,2713,2665,5378
218,2713,2665,5378
218,2713,2665,5378
218,2713,2665,5378
218,2713,2666,5379
218,2712,2666,5378
218,2712,2666,5378
218,2712,2666,5378
218,2712,2666,5378
218,2712,2666,5378
218,2712,2666,5378
218,2712,2667,5379
218,2712,2667,5379
218,2712,2667,5379
218,2712,2667,5379
218,2713,2667,5380
218,2713,2667,5380
218,2713,2668,5381
218,2713,2668,5381
218,2713,2668,5381
218,2713,2669,5382
218,2713,2669,5382
218,2713,2670,5383
218,2713,2670,5383
218,2713,2669,5382
218,2713,2669,5382
218,2713,2669,5382
218,2713,2669,5382
218,2713,2670,5383
218,2713,2670,5383
218,2713,2669,5382
218,2713,2669,5382
218,2713,2670,5383
218,2713,2670,5383
218,2713,2670,5383
218,2713,2670,5383
218,2714,2670,5384
218,2714,2669,5383
218,2714,2669,5383
218,2714,2669,5383
218,2715,2669,5384
218,2715,2669,5384
218,2716,2669,5385
218,2716,2669,5385
218,2716,2669,5385
218,2716,2670,5386
218,2716,2670,5386
218,2716,2670,5386
218,2716,2671,5387
218,2715,2671,5386
218,2715,2671,5386
218,2715,2671,5386
218,2716,2671,5387
218,2716,2671,5387
218,2716,2671,5387
218,2716,2671,5387
218,2716,2672,5388
218,2716,2671,5387
218,2716,2671,5387
218,2716,2672,5388
218,2716,2672,5388
218,2717,2672,5389
218,2717,2672,5389
218,2717,2673,5390
218,2717,2673,5390
218,2718,2673,5391
218,2718,2673,5391
218,2718,2673,5391
218,2718,2673,5391
218,2719,2673,5392
218,2719,2673,5392
218,2719,2674,5393
218,2719,2674,5393
218,2720,2674,5394
218,2720,2674,5394
218,2720,2675,5395
218,2720,2675,5395
218,2720,2676,5396
218,2720,2676,5396
218,2720,2676,5396
218,2720,2675,5395
218,2720,2675,5395
218,2720,2676,5396
218,2720,2676,5396
218,2720,2677,5397
218,2720,2677,5397
218,2721,2677,5398
218,2721,2677,5398
218,2721,2677,5398
218,2721,2677,5398
218,2721,2677,5398
218,2721,2678,5399
218,2721,2678,5399
218,2722,2678,5400
218,2722,2677,5399
218,2722,2677,5399
218,2723,2677,5400
218,2723,2677,5400
218,2724,2677,5401
218,2724,2677,5401
218,2724,2678,5402
218,2723,2678,5401
218,2723,2677,5400
218,2723,2677,5400
218,2723,2678,5401
218,2723,2678,5401
218,2723,2678,5401
218,2724,2678,5402
218,2724,2678,5402
218,2723,2678,5401
218,2723,2678,5401
218,2723,2678,5401
218,2723,2679,5402
218,2723,2679,5402
218,2723,2679,5402
218,2723,2680,5403
218,2723,2680,5403
218,2723,2681,5404
218,2723,2681,5404
218,2724,2681,5405
218,2724,2681,5405
218,2725,2681,5406
218,2725,2681,5406
218,2726,2681,5407
218,2726,2681,5407
218,2726,2681,5407
218,2726,2682,5408
218,2726,2682,5408
218,2725,2682,5407
218,2725,2682,5407
218,2726,2682,5408
218,2726,2681,5407
218,2726,2681,5407
218,2726,2682,5408
218,2726,2682,5408
218,2727,2682,5409
218,2727,2682,5409
218,2727,2683,5410
218,2727,2683,5410
218,2727,2683,5410
218,2727,2684,5411
218,2727,2684,5411
218,2727,2685,5412
218,2727,2685,5412
218,2727,2686,5413
218,2726,2686,5412
218,2726,2686,5412
218,2727,2686,5413
218,2727,2686,5413
218,2727,2687,5414
218,2727,2687,5414
218,2728,2687,5415
218,2728,2687,5415
218,2728,2687,5415
218,2729,2687,5416
218,2729,2687,5416
218,2730,2687,5417
218,2730,2687,5417
218,2730,2686,5416
218,2730,2686,5416
218,2730,2686,5416
218,2730,2687,5417
218,2730,2687,5417
218,2731,2687,5418
218,2731,2687,5418
218,2732,2687,5419
218,2732,2687,5419
218,2733,2687,5420
218,2733,2687,5420
218,2732,2687,5419
218,2732,2687,5419
218,2732,2688,5420
218,2732,2688,5420
218,2733,2688,5421
218,2733,2688,5421
218,2734,2688,5422
218,2734,2688,5422
218,2734,2688,5422
218,2733,2688,5421
218,2733,2688,5421
218,2733,2688,5421
218,2733,2688,5421
218,2732,2688,5420
218,2732,2688,5420
218,2732,2689,5421
218,2732,2689,5421
218,2732,2689,5421
218,2732,2689,5421
218,2732,2690,5422
218,2732,2690,5422
218,2732,2691,5423
218,2732,2691,5423
218,2732,2691,5423
218,2732,2692,5424
218,2732,2692,5424
218,2732,2693,5425
218,2732,2693,5425
218,2732,2693,5425
218,2732,2693,5425
218,2731,2693,5424
218,2731,2693,5424
218,2731,2694,5425
218,2731,2694,5425
218,2731,2695,5426
218,2731,2695,5426
218,2732,2695,5427
218,2732,2695,5427
218,2733,2695,5428
218,2733,2695,5428
218,2734,2695,5429
218,2734,2695,5429
218,2734,2696,5430
218,2734,2696,5430
218,2735,2696,5431
218,2735,2696,5431
218,2735,2696,5431
218,2735,2697,5432
218,2735,2696,5431
218,2735,2696,5431
218,2736,2696,5432
218,2736,2696,5432
218,2736,2697,5433
218,2736,2697,5433
218,2736,2697,5433
218,2737,2697,5434
218,2737,2697,5434
218,2738,2697,5435
218,2738,2697,5435
218,2739,2697,5436
218,2739,2697,5436
218,2740,2697,5437
218,2740,2697,5437
218,2740,2697,5437
218,2741,2697,5438
218,2741,2696,5437
218,2741,2696,5437
218,2742,2696,5438
218,2742,2696,5438
218,2742,2697,5439
218,2742,2697,5439
218,2742,2697,5439
218,2742,2697,5439
218,2742,2697,5439
218,2742,2697,5439
218,2742,2698,5440
218,2742,2698,5440
218,2742,2698,5440
218,2742,2699,5441
218,2742,2699,5441
218,2743,2699,5442
218,2743,2699,5442
218,2744,2699,5443
218,2744,2699,5443
218,2744,2700,5444
218,2744,2700,5444
218,2745,2700,5445
218,2745,2700,5445
218,2745,2701,5446
218,2745,2701,5446
218,2745,2702,5447
218,2745,2702,5447
218,2745,2703,5448
218,2745,2703,5448
218,2746,2703,5449
218,2745,2703,5448
218,2745,2703,5448
218,2745,2703,5448
218,2745,2703,5448
218,2745,2704,5449
218,2745,2704,5449
218,2745,2705,5450
218,2745,2705,5450
218,2746,2705,5451
218,2746,2705,5451
218,2746,2705,5451
218,2745,2705,5450
218,2745,2705,5450
218,2745,2706,5451
218,2745,2706,5451
218,2745,2707,5452
218,2745,2707,5452
218,2745,2708,5453
218,2745,2708,5453
218,2746,2708,5454
218,2746,2708,5454
218,2747,2708,5455
218,2747,2708,5455
218,2746,2708,5454
218,2745,2708,5453
218,2745,2708,5453
218,2745,2708,5453
218,2745,2709,5454
218,2745,2709,5454
218,2745,2709,5454
218,2746,2709,5455
218,2746,2709,5455
218,2746,2709,5455
218,2746,2709,5455
218,2746,2710,5456
218,2746,2710,5456
218,2746,2710,5456
218,2747,2710,5457
218,2746,2710,5456
218,2746,2710,5456
218,2745,2710,5455
218,2745,2709,5454
218,2745,2709,5454
218,2745,2709,5454
218,2745,2709,5454
218,2746,2709,5455
218,2746,2709,5455
218,2746,2709,5455
218,2747,2709,5456
218,2747,2709,5456
218,2748,2709,5457
218,2748,2709,5457
218,2749,2709,5458
218,2749,2709,5458
218,2749,2710,5459
218,2749,2710,5459
218,2749,2710,5459
218,2749,2710,5459
218,2749,2711,5460
218,2749,2711,5460
218,2750,2711,5461
218,2750,2711,5461
218,2750,2712,5462
218,2749,2712,5461
218,2749,2712,5461
218,2750,2712,5462
218,2750,2712,5462
218,2750,2713,5463
218,2750,2713,5463
218,2750,2713,5463
218,2750,2713,5463
218,2750,2713,5463
218,2751,2713,5464
218,2751,2713,5464
218,2751,2713,5464
218,2752,2713,5465
218,2752,2713,5465
218,2752,2714,5466
218,2752,2714,5466
218,2752,2715,5467
218,2752,2715,5467
218,2752,2716,5468
218,2752,2716,5468
218,2753,2716,5469
218,2753,2716,5469
218,2753,2717,5470
218,2753,2717,5470
218,2754,2717,5471
218,2754,2717,5471
218,2754,2718,5472
218,2754,2718,5472
218,2754,2719,5473
218,2754,2719,5473
218,2754,2720,5474
218,2754,2720,5474
218,2754,2720,5474
218,2754,2721,5475
218,2754,2721,5475
218,2754,2721,5475
218,2754,2721,5475
218,2755,2721,5476
218,2755,2721,5476
218,2755,2721,5476
218,2755,2721,5476
218,2755,2721,5476
218,2755,2722,5477
218,2755,2722,5477
218,2755,2723,5478
218,2755,2723,5478
218,2755,2724,5479
218,2755,2724,5479
218,2755,2725,5480
218,2755,2725,5480
218,2755,2725,5480
218,2755,2726,5481
218,2755,2726,5481
218,2755,2726,5481
218,2755,2726,5481
218,2755,2727,5482
218,2755,2727,5482
218,2755,2727,5482
218,2755,2727,5482
218,2755,2727,5482
218,2755,2728,5483
218,2755,2728,5483
218,2756,2728,5484
218,2756,2728,5484
218,2757,2728,5485
218,2757,2728,5485
218,2758,2728,5486
218,2758,2728,5486
218,2758,2728,5486
218,2758,2729,5487
218,2758,2729,5487
218,2758,2730,5488
218,2758,2730,5488
218,2758,2730,5488
218,2758,2730,5488
218,2759,2730,5489
218,2759,2729,5488
218,2759,2729,5488
218,2760,2729,5489
218,2760,2729,5489
218,2759,2729,5488
218,2759,2729,5488
218,2759,2729,5488
218,2760,2729,5489
218,2760,2729,5489
218,2760,2729,5489
218,2761,2729,5490
218,2761,2729,5490
218,2761,2730,5491
218,2761,2730,5491
218,2762,2730,5492
218,2762,2730,5492
218,2762,2731,5493
218,2762,2731,5493
218,2761,2731,5492
218,2761,2731,5492
218,2762,2731,5493
218,2762,2731,5493
218,2762,2732,5494
218,2762,2731,5493
218,2762,2730,5492
218,2762,2730,5492
218,2762,2731,5493
218,2762,2731,5493
218,2762,2731,5493
218,2762,2731,5493
218,2762,2732,5494
218,2762,2732,5494
218,2763,2732,5495
218,2763,2732,5495
218,2764,2732,5496
218,2764,2732,5496
218,2763,2732,5495
218,2763,2732,5495
218,2763,2733,5496
218,2763,2733,5496
218,2764,2733,5497
218,2764,2733,5497
218,2765,2733,5498
218,2765,2733,5498
218,2765,2733,5498
218,2765,2733,5498
218,2765,2734,5499
218,2765,2734,5499
218,2766,2734,5500
218,2765,2734,5499
218,2765,2734,5499
218,2766,2734,5500
218,2766,2734,5500
218,2767,2734,5501
218,2767,2734,5501
218,2768,2734,5502
218,2767,2734,5501
218,2767,2734,5501
218,2767,2734,5501
218,2767,2734,5501
218,2767,2734,5501
218,2768,2734,5502
218,2768,2734,5502
218,2768,2735,5503
218,2768,2735,5503
218,2768,2735,5503
218,2769,2735,5504
218,2768,2735,5503
218,2768,2735,5503
218,2768,2736,5504
218,2768,2736,5504
218,2769,2736,5505
218,2769,2736,5505
218,2770,2736,5506
218,2770,2736,5506
218,2770,2736,5506
218,2771,2736,5507
218,2771,2736,5507
218,2771,2736,5507
218,2772,2736,5508
218,2771,2736,5507
218,2771,2736,5507
218,2771,2737,5508
218,2771,2737,5508
218,2771,2738,5509
218,2771,2738,5509
218,2771,2738,5509
218,2771,2738,5509
218,2771,2739,5510
218,2771,2739,5510
218,2772,2739,5511
218,2772,2739,5511
218,2772,2740,5512
218,2772,2740,5512
218,2772,2740,5512
218,2773,2740,5513
218,2773,2740,5513
218,2773,2740,5513
218,2773,2740,5513
218,2773,2741,5514
218,2773,2741,5514
218,2773,2741,5514
218,2773,2741,5514
218,2774,2741,5515
218,2774,2741,5515
218,2775,2741,5516
218,2775,2741,5516
218,2775,2742,5517
218,2775,2742,5517
218,2775,2743,5518
218,2775,2743,5518
218,2774,2743,5517
218,2774,2743,5517
218,2774,2744,5518
218,2774,2744,5518
218,2774,2743,5517
218,2774,2743,5517
218,2774,2744,5518
218,2774,2744,5518
218,2775,2744,5519
218,2775,2744,5519
218,2775,2744,5519
218,2775,2745,5520
218,2775,2745,5520
218,2776,2745,5521
218,2776,2744,5520
218,2776,2744,5520
218,2777,2744,5521
218,2777,2744,5521
218,2777,2745,5522
218,2777,2745,5522
218,2778,2745,5523
218,2777,2745,5522
218,2777,2745,5522
218,2778,2745,5523
218,2777,2745,5522
218,2777,2745,5522
218,2778,2745,5523
218,2778,2745,5523
218,2778,2745,5523
218,2779,2745,5524
218,2779,2745,5524
218,2780,2745,5525
218,2780,2745,5525
218,2781,2745,5526
218,2781,2745,5526
218,2780,2745,5525
218,2779,2745,5524
218,2779,2745,5524
218,2779,2745,5524
218,2780,2745,5525
218,2780,2745,5525
218,2779,2745,5524
218,2779,2745,5524
218,2779,2745,5524
218,2778,2745,5523
218,2778,2745,5523
218,2779,2745,5524
218,2779,2745,5524
218,2780,2745,5525
218,2780,2745,5525
218,2781,2745,5526
218,2781,2745,5526
218,2782,2745,5527
218,2782,2745,5527
218,2782,2745,5527
218,2782,2745,5527
218,2782,2746,5528
218,2782,2746,5528
218,2782,2746,5528
218,2782,2747,5529
218,2782,2747,5529
218,2782,2747,5529
218,2782,2747,5529
218,2782,2748,5530
218,2782,2748,5530
218,2781,2748,5529
218,2781,2748,5529
218,2781,2749,5530
218,2781,2749,5530
218,2782,2749,5531
218,2782,2748,5530
218,2782,2748,5530
218,2782,2749,5531
218,2782,2749,5531
218,2782,2750,5532
218,2782,2750,5532
218,2782,2750,5532
218,2781,2750,5531
218,2781,2750,5531
218,2781,2750,5531
218,2782,2750,5532
218,2782,2750,5532
218,2782,2750,5532
218,2782,2750,5532
218,2782,2750,5532
218,2783,2750,5533
218,2783,2750,5533
218,2783,2750,5533
218,2783,2749,5532
218,2783,2749,5532
218,2783,2749,5532
218,2783,2750,5533
218,2782,2750,5532
218,2782,2750,5532
218,2782,2750,5532
218,2783,2750,5533
218,2783,2750,5533
218,2784,2750,5534
219,2784,2750,5534
219,2784,2750,5534
219,2784,2751,5535
219,2784,2751,5535
219,2784,2751,5535
219,2785,2751,5536
219,2785,2751,5536
219,2785,2752,5537
219,2785,2752,5537
219,2785,2753,5538
219,2785,2753,5538
219,2785,2754,5539
219,2785,2754,5539
219,2786,2754,5540
219,2786,2753,5539
219,2785,2753,5538
219,2785,2753,5538
219,2785,2752,5537
219,2785,2752,5537
219,2785,2753,5538
219,2785,2753,5538
219,2786,2753,5539
219,2786,2753,5539
219,2786,2753,5539
219,2786,2753,5539
219,2786,2754,5540
219,2786,2754,5540
219,2787,2754,5541
219,2787,2753,5540
219,2787,2753,5540
219,2788,2753,5541
219,2788,2753,5541
219,2789,2753,5542
219,2789,2753,5542
219,2790,2753,5543
219,2789,2753,5542
219,2789,2753,5542
219,2789,2753,5542
219,2789,2753,5542
219,2789,2754,5543
219,2789,2754,5543
219,2789,2754,5543
219,2790,2754,5544
219,2790,2754,5544
219,2791,2754,5545
219,2791,2754,5545
219,2791,2755,5546
219,2791,2755,5546
219,2791,2755,5546
219,2791,2755,5546
219,2791,2756,5547
219,2791,2756,5547
219,2791,2756,5547
219,2791,2757,5548
219,2791,2757,5548
219,2791,2757,5548
219,2791,2758,5549
219,2791,2758,5549
219,2791,2759,5550
219,2791,2759,5550
219,2791,2759,5550
219,2791,2759,5550
219,2791,2759,5550
219,2790,2759,5549
219,2790,2759,5549
219,2790,2759,5549
219,2790,2759,5549
219,2790,2759,5549
219,2790,2760,5550
219,2790,2760,5550
219,2791,2760,5551
219,2791,2760,5551
219,2792,2760,5552
219,2792,2760,5552
219,2792,2761,5553
219,2792,2761,5553
219,2792,2761,5553
219,2792,2762,5554
219,2792,2762,5554
219,2792,2762,5554
219,2792,2763,5555
219,2792,2762,5554
219,2792,2761,5553
219,2792,2761,5553
219,2792,2761,5553
219,2792,2762,5554
219,2792,2762,5554
219,2793,2762,5555
219,2793,2762,5555
219,2794,2762,5556
219,2794,2762,5556
219,2795,2762,5557
219,2795,2762,5557
219,2795,2762,5557
219,2796,2762,5558
219,2796,2761,5557
219,2796,2761,5557
219,2796,2762,5558
219,2796,2762,5558
219,2796,2762,5558
219,2797,2762,5559
219,2797,2762,5559
219,2798,2762,5560
219,2797,2762,5559
219,2796,2762,5558
219,2795,2762,5557
219,2795,2762,5557
219,2795,2761,5556
219,2795,2761,5556
219,2795,2762,5557
219,2795,2762,5557
219,2795,2762,5557
219,2796,2762,5558
219,2796,2762,5558
219,2796,2762,5558
219,2797,2762,5559
219,2796,2762,5558
219,2796,2762,5558
219,2796,2763,5559
219,2796,2763,5559
219,2796,2764,5560
219,2796,2764,5560
219,2797,2764,5561
219,2797,2764,5561
219,2798,2764,5562
219,2798,2764,5562
219,2798,2765,5563
219,2798,2765,5563
219,2798,2766,5564
219,2797,2766,5563
219,2797,2766,5563
219,2797,2766,5563
219,2797,2767,5564
219,2797,2766,5563
219,2797,2765,5562
219,2797,2765,5562
219,2797,2765,5562
219,2798,2765,5563
219,2798,2765,5563
219,2798,2766,5564
219,2798,2765,5563
219,2798,2765,5563
219,2798,2766,5564
219,2798,2766,5564
219,2799,2766,5565
219,2799,2766,5565
219,2799,2767,5566
219,2799,2767,5566
219,2799,2767,5566
219,2799,2767,5566
219,2799,2768,5567
219,2799,2768,5567
219,2799,2769,5568
219,2799,2769,5568
219,2799,2769,5568
219,2799,2770,5569
219,2799,2770,5569
219,2799,2770,5569
219,2799,2771,5570
219,2799,2771,5570
219,2799,2771,5570
219,2799,2772,5571
219,2799,2772,5571
219,2800,2772,5572
219,2800,2772,5572
219,2800,2772,5572
219,2800,2772,5572
219,2800,2772,5572
219,2800,2772,5572
219,2801,2772,5573
219,2801,2771,5572
219,2801,2771,5572
219,2802,2771,5573
219,2802,2771,5573
219,2802,2771,5573
219,2802,2772,5574
219,2802,2772,5574
219,2803,2772,5575
219,2803,2772,5575
219,2804,2772,5576
219,2804,2772,5576
219,2803,2772,5575
219,2803,2772,5575
219,2804,2772,5576
219,2803,2772,5575
219,2803,2772,5575
219,2803,2772,5575
219,2804,2772,5576
219,2804,2772,5576
219,2804,2773,5577
219,2804,2773,5577
219,2804,2774,5578
219,2803,2774,5577
219,2803,2774,5577
219,2803,2774,5577
219,2803,2775,5578
219,2803,2775,5578
219,2803,2775,5578
219,2804,2775,5579
219,2804,2775,5579
219,2804,2775,5579
219,2805,2775,5580
219,2805,2775,5580
219,2805,2776,5581
219,2805,2776,5581
219,2806,2776,5582
219,2806,2776,5582
219,2806,2776,5582
219,2807,2776,5583
219,2807,2776,5583
219,2808,2776,5584
219,2808,2776,5584
219,2808,2776,5584
219,2809,2776,5585
219,2809,2776,5585
219,2810,2776,5586
219,2810,2776,5586
219,2810,2776,5586
219,2811,2776,5587
219,2811,2776,5587
219,2811,2776,5587
219,2812,2776,5588
219,2812,2776,5588
219,2813,2776,5589
219,2813,2776,5589
219,2813,2776,5589
219,2813,2776,5589
219,2813,2777,5590
219,2813,2777,5590
219,2813,2778,5591
219,2813,2778,5591
219,2814,2778,5592
219,2814,2778,5592
219,2814,2778,5592
219,2814,2778,5592
219,2814,2778,5592
219,2814,2779,5593
219,2814,2779,5593
219,2814,2778,5592
219,2814,2778,5592
219,2814,2779,5593
219,2814,2778,5592
219,2814,2778,5592
219,2815,2778,5593
219,2815,2778,5593
219,2815,2779,5594
219,2815,2779,5594
219,2815,2780,5595
219,2815,2780,5595
219,2815,2781,5596
219,2815,2780,5595
219,2815,2780,5595
219,2815,2780,5595
219,2816,2780,5596
219,2816,2779,5595
219,2816,2779,5595
219,2817,2779,5596
219,2817,2779,5596
219,2817,2779,5596
219,2817,2779,5596
219,2818,2779,5597
219,2818,2779,5597
219,2819,2779,5598
219,2819,2779,5598
219,2819,2779,5598
219,2819,2780,5599
219,2819,2780,5599
219,2819,2781,5600
219,2818,2781,5599
219,2818,2781,5599
219,2819,2781,5600
219,2819,2781,5600
219,2819,2781,5600
219,2819,2782,5601
219,2819,2782,5601
219,2819,2783,5602
219,2819,2783,5602
219,2819,2783,5602
219,2819,2783,5602
219,2819,2783,5602
219,2819,2783,5602
219,2819,2783,5602
219,2820,2783,5603
219,2820,2783,5603
219,2820,2784,5604
219,2820,2784,5604
219,2820,2785,5605
219,2820,2784,5604
219,2820,2783,5603
219,2820,2783,5603
219,2821,2783,5604
219,2821,2783,5604
219,2821,2784,5605
219,2821,2784,5605
219,2822,2784,5606
219,2822,2783,5605
219,2822,2783,5605
219,2822,2783,5605
219,2822,2783,5605
219,2822,2783,5605
219,2822,2783,5605
219,2821,2783,5604
219,2821,2783,5604
219,2822,2783,5605
219,2822,2783,5605
219,2822,2782,5604
219,2822,2782,5604
219,2823,2782,5605
219,2822,2782,5604
219,2822,2782,5604
219,2822,2782,5604
219,2823,2782,5605
219,2823,2782,5605
219,2823,2783,5606
219,2823,2783,5606
219,2823,2784,5607
219,2822,2784,5606
219,2822,2784,5606
219,2822,2784,5606
219,2822,2784,5606
219,2822,2785,5607
219,2822,2784,5606
219,2822,2784,5606
219,2822,2785,5607
219,2822,2784,5606
219,2822,2784,5606
219,2822,2785,5607
219,2822,2785,5607
219,2823,2785,5608
219,2823,2785,5608
219,2823,2785,5608
219,2823,2786,5609
219,2823,2785,5608
219,2823,2785,5608
219,2823,2786,5609
219,2823,2786,5609
219,2824,2786,5610
219,2824,2786,5610
219,2825,2786,5611
219,2825,2786,5611
219,2825,2786,5611
219,2826,2786,5612
219,2826,2785,5611
219,2826,2785,5611
219,2827,2785,5612
219,2826,2785,5611
219,2825,2785,5610
219,2824,2785,5609
219,2824,2785,5609
219,2825,2785,5610
219,2825,2785,5610
219,2825,2785,5610
219,2825,2786,5611
219,2825,2786,5611
219,2826,2786,5612
219,2825,2786,5611
219,2825,2786,5611
219,2826,2786,5612
219,2826,2786,5612
219,2826,2786,5612
219,2826,2787,5613
219,2826,2787,5613
219,2827,2787,5614
219,2827,2787,5614
219,2826,2787,5613
219,2826,2787,5613
219,2827,2787,5614
219,2827,2787,5614
219,2827,2788,5615
219,2827,2788,5615
219,2827,2788,5615
219,2828,2788,5616
219,2828,2788,5616
219,2828,2788,5616
219,2829,2788,5617
219,2829,2788,5617
219,2830,2788,5618
219,2830,2788,5618
219,2830,2788,5618
219,2831,2788,5619
219,2831,2788,5619
219,2831,2788,5619
219,2831,2789,5620
219,2830,2789,5619
219,2830,2789,5619
219,2830,2790,5620
219,2830,2790,5620
219,2830,2790,5620
219,2831,2790,5621
219,2831,2789,5620
219,2830,2789,5619
219,2830,2788,5618
219,2830,2788,5618
219,2831,2788,5619
219,2830,2788,5618
219,2830,2788,5618
219,2830,2788,5618
219,2831,2788,5619
219,2831,2788,5619
219,2831,2789,5620
219,2831,2789,5620
219,2832,2789,5621
219,2832,2789,5621
219,2832,2790,5622
219,2831,2790,5621
219,2831,2790,5621
219,2831,2790,5621
219,2832,2790,5622
219,2832,2790,5622
219,2832,2790,5622
219,2833,2790,5623
219,2833,2789,5622
219,2833,2789,5622
219,2834,2789,5623
219,2833,2789,5622
219,2833,2789,5622
219,2834,2789,5623
219,2834,2789,5623
219,2834,2790,5624
219,2834,2790,5624
219,2834,2790,5624
219,2834,2791,5625
219,2834,2791,5625
219,2834,2791,5625
219,2834,2791,5625
219,2834,2791,5625
219,2835,2791,5626
219,2834,2791,5625
219,2834,2791,5625
219,2835,2791,5626
219,2835,2791,5626
219,2835,2791,5626
219,2835,2792,5627
219,2834,2792,5626
219,2834,2792,5626
219,2834,2792,5626
219,2834,2793,5627
219,2834,2793,5627
219,2835,2793,5628
219,2835,2793,5628
219,2835,2793,5628
219,2835,2793,5628
219,2835,2793,5628
219,2835,2793,5628
219,2836,2793,5629
219,2836,2793,5629
219,2837,2793,5630
219,2837,2793,5630
219,2838,2793,5631
219,2838,2793,5631
219,2838,2793,5631
219,2838,2794,5632
219,2838,2794,5632
219,2839,2794,5633
219,2839,2794,5633
219,2839,2795,5634
219,2839,2795,5634
219,2839,2796,5635
219,2839,2795,5634
219,2839,2795,5634
219,2840,2795,5635
219,2840,2795,5635
219,2841,2795,5636
219,2841,2795,5636
219,2841,2795,5636
219,2841,2795,5636
219,2841,2796,5637
219,2841,2796,5637
219,2841,2797,5638
219,2841,2797,5638
219,2842,2797,5639
219,2842,2797,5639
219,2842,2796,5638
219,2841,2796,5637
219,2841,2796,5637
219,2842,2796,5638
219,2842,2795,5637
219,2842,2795,5637
219,2843,2795,5638
219,2843,2795,5638
219,2843,2795,5638
219,2843,2796,5639
219,2843,2796,5639
219,2844,2796,5640
219,2844,2796,5640
219,2845,2796,5641
219,2844,2796,5640
219,2844,2796,5640
219,2844,2797,5641
219,2844,2797,5641
219,2845,2797,5642
219,2845,2797,5642
219,2846,2797,5643
219,2846,2797,5643
219,2847,2797,5644
219,2847,2797,5644
219,2846,2797,5643
219,2846,2797,5643
219,2847,2797,5644
219,2847,2797,5644
219,2848,2797,5645
219,2848,2797,5645
219,2849,2797,5646
219,2849,2797,5646
219,2850,2797,5647
219,2850,2797,5647
219,2851,2797,5648
219,2851,2797,5648
219,2851,2798,5649
219,2851,2798,5649
219,2852,2798,5650
219,2852,2798,5650
219,2852,2798,5650
219,2851,2798,5649
219,2850,2798,5648
219,2850,2798,5648
219,2850,2799,5649
219,2850,2799,5649
219,2851,2799,5650
219,2851,2799,5650
219,2852,2799,5651
219,2852,2799,5651
219,2852,2800,5652
219,2852,2799,5651
219,2852,2799,5651
219,2853,2799,5652
219,2853,2799,5652
219,2854,2799,5653
219,2854,2798,5652
219,2854,2798,5652
219,2854,2799,5653
219,2854,2799,5653
219,2854,2800,5654
219,2854,2800,5654
219,2854,2801,5655
219,2854,2801,5655
219,2854,2802,5656
219,2854,2802,5656
219,2853,2802,5655
219,2853,2802,5655
219,2853,2802,5655
219,2854,2802,5656
219,2854,2802,5656
219,2854,2803,5657
219,2854,2803,5657
219,2855,2803,5658
219,2855,2803,5658
219,2855,2803,5658
219,2856,2803,5659
219,2856,2803,5659
219,2856,2804,5660
219,2856,2804,5660
219,2856,2804,5660
219,2857,2804,5661
219,2857,2803,5660
219,2857,2803,5660
219,2857,2804,5661
219,2857,2804,5661
219,2857,2805,5662
219,2857,2805,5662
219,2858,2805,5663
219,2858,2805,5663
219,2859,2805,5664
219,2859,2805,5664
219,2859,2805,5664
219,2859,2806,5665
219,2859,2806,5665
219,2858,2806,5664
219,2858,2806,5664
219,2858,2807,5665
219,2858,2807,5665
219,2858,2807,5665
219,2858,2806,5664
219,2858,2806,5664
219,2858,2807,5665
219,2858,2807,5665
219,2859,2807,5666
219,2859,2807,5666
219,2859,2807,5666
219,2860,2807,5667
219,2860,2807,5667
219,2861,2807,5668
219,2861,2807,5668
219,2861,2807,5668
219,2862,2807,5669
219,2862,2807,5669
219,2862,2806,5668
219,2862,2806,5668
219,2862,2807,5669
219,2862,2807,5669
219,2862,2807,5669
219,2862,2808,5670
219,2862,2808,5670
219,2862,2808,5670
219,2863,2808,5671
219,2862,2808,5670
219,2861,2808,5669
219,2861,2808,5669
219,2861,2808,5669
219,2862,2808,5670
219,2862,2808,5670
219,2862,2807,5669
219,2862,2807,5669
219,2862,2807,5669
219,2863,2807,5670
219,2863,2807,5670
219,2864,2807,5671
219,2864,2807,5671
219,2865,2807,5672
219,2864,2807,5671
219,2864,2807,5671
219,2864,2807,5671
219,2864,2808,5672
219,2864,2808,5672
219,2864,2808,5672
219,2865,2808,5673
219,2865,2808,5673
219,2865,2809,5674
219,2865,2809,5674
219,2866,2809,5675
219,2866,2809,5675
219,2866,2810,5676
219,2866,2810,5676
219,2866,2811,5677
219,2866,2811,5677
219,2867,2811,5678
219,2867,2811,5678
219,2867,2812,5679
219,2867,2812,5679
219,2866,2812,5678
219,2866,2812,5678
219,2867,2812,5679
219,2867,2811,5678
219,2867,2811,5678
219,2868,2811,5679
219,2868,2811,5679
219,2868,2812,5680
219,2868,2812,5680
219,2869,2812,5681
219,2869,2812,5681
219,2869,2812,5681
219,2870,2812,5682
219,2870,2812,5682
219,2870,2813,5683
219,2869,2813,5682
219,2869,2813,5682
219,2870,2813,5683
219,2870,2813,5683
219,2871,2813,5684
219,2871,2812,5683
219,2871,2812,5683
219,2871,2812,5683
219,2872,2812,5684
219,2872,2812,5684
219,2873,2812,5685
219,2873,2812,5685
219,2873,2812,5685
219,2873,2813,5686
219,2873,2813,5686
219,2873,2813,5686
219,2873,2814,5687
219,2873,2814,5687
219,2873,2814,5687
219,2872,2814,5686
219,2872,2813,5685
219,2872,2812,5684
219,2871,2812,5683
219,2871,2812,5683
219,2871,2812,5683
219,2871,2812,5683
219,2871,2812,5683
219,2871,2813,5684
219,2871,2813,5684
219,2871,2813,5684
219,2872,2813,5685
219,2871,2813,5684
219,2871,2813,5684
219,2871,2813,5684
219,2871,2814,5685
219,2871,2814,5685
219,2871,2815,5686
219,2870,2815,5685
219,2870,2814,5684
219,2870,2813,5683
219,2870,2813,5683
219,2870,2813,5683
219,2870,2814,5684
219,2870,2813,5683
219,2870,2813,5683
219,2870,2813,5683
219,2871,2813,5684
219,2871,2813,5684
219,2872,2813,5685
219,2872,2812,5684
219,2871,2812,5683
219,2871,2812,5683
219,2870,2812,5682
219,2870,2812,5682
219,2871,2812,5683
219,2871,2812,5683
219,2871,2813,5684
219,2871,2813,5684
219,2871,2814,5685
219,2871,2814,5685
219,2871,2814,5685
219,2872,2814,5686
219,2872,2814,5686
219,2872,2815,5687
219,2872,2815,5687
219,2872,2816,5688
219,2872,2816,5688
220,2872,2817,5689
220,2872,2817,5689
220,2873,2817,5690
220,2873,2817,5690
220,2873,2818,5691
220,2873,2818,5691
220,2873,2818,5691
220,2872,2818,5690
220,2872,2817,5689
220,2871,2817,5688
220,2871,2816,5687
220,2871,2815,5686
220,2871,2815,5686
220,2871,2815,5686
220,2872,2815,5687
220,2872,2815,5687
220,2872,2816,5688
220,2872,2816,5688
220,2873,2816,5689
220,2873,2816,5689
220,2874,2816,5690
220,2874,2816,5690
220,2874,2816,5690
220,2874,2817,5691
220,2874,2817,5691
220,2874,2817,5691
220,2874,2818,5692
220,2874,2818,5692
220,2874,2818,5692
220,2875,2818,5693
220,2875,2818,5693
220,2875,2818,5693
220,2875,2818,5693
220,2875,2818,5693
220,2875,2818,5693
220,2876,2818,5694
220,2876,2818,5694
220,2876,2817,5693
220,2875,2817,5692
220,2874,2817,5691
220,2874,2817,5691
220,2875,2817,5692
220,2875,2817,5692
220,2876,2817,5693
220,2876,2816,5692
220,2876,2816,5692
220,2876,2816,5692
220,2876,2816,5692
220,2876,2816,5692
220,2876,2817,5693
220,2875,2817,5692
220,2875,2817,5692
220,2876,2817,5693
220,2876,2817,5693
220,2876,2817,5693
220,2876,2818,5694
220,2876,2818,5694
220,2876,2818,5694
220,2877,2818,5695
220,2877,2817,5694
220,2877,2817,5694
220,2877,2817,5694
220,2878,2817,5695
220,2878,2817,5695
220,2877,2817,5694
220,2877,2817,5694
220,2877,2818,5695
220,2877,2818,5695
220,2878,2818,5696
220,2878,2818,5696
220,2878,2818,5696
220,2878,2818,5696
220,2879,2818,5697
220,2879,2818,5697
220,2879,2819,5698
220,2879,2819,5698
220,2879,2820,5699
220,2879,2820,5699
220,2879,2821,5700
220,2879,2821,5700
220,2880,2821,5701
220,2880,2821,5701
220,2880,2821,5701
220,2880,2822,5702
220,2880,2822,5702
220,2880,2822,5702
220,2881,2822,5703
220,2880,2822,5702
220,2880,2822,5702
220,2880,2823,5703
220,2880,2823,5703
220,2880,2824,5704
220,2880,2824,5704
220,2881,2824,5705
220,2881,2824,5705
220,2881,2825,5706
220,2881,2825,5706
220,2881,2826,5707
220,2880,2826,5706
220,2880,2826,5706
220,2881,2826,5707
220,2881,2825,5706
220,2881,2825,5706
220,2880,2825,5705
220,2880,2825,5705
220,2880,2825,5705
220,2880,2825,5705
220,2881,2825,5706
220,2881,2825,5706
220,2881,2826,5707
220,2881,2826,5707
220,2882,2826,5708
220,2882,2825,5707
220,2881,2825,5706
220,2881,2825,5706
220,2882,2825,5707
220,2882,2825,5707
220,2883,2825,5708
220,2883,2824,5707
220,2883,2824,5707
220,2883,2825,5708
220,2883,2825,5708
220,2883,2825,5708
220,2882,2825,5707
220,2882,2825,5707
220,2882,2826,5708
220,2882,2826,5708
220,2882,2826,5708
220,2882,2826,5708
220,2882,2826,5708
220,2882,2826,5708
220,2883,2826,5709
220,2883,2826,5709
220,2883,2826,5709
220,2884,2826,5710
220,2884,2826,5710
220,2884,2827,5711
220,2884,2827,5711
220,2884,2827,5711
220,2885,2827,5712
220,2885,2827,5712
220,2886,2827,5713
220,2886,2827,5713
220,2886,2826,5712
220,2886,2826,5712
220,2886,2826,5712
220,2885,2826,5711
220,2885,2826,5711
220,2885,2827,5712
220,2884,2827,5711
220,2884,2827,5711
220,2885,2827,5712
220,2885,2826,5711
220,2885,2826,5711
220,2884,2826,5710
220,2884,2826,5710
220,2884,2826,5710
220,2885,2826,5711
220,2885,2826,5711
220,2885,2827,5712
220,2885,2827,5712
220,2885,2827,5712
220,2886,2827,5713
220,2886,2827,5713
220,2886,2827,5713
220,2886,2828,5714
220,2886,2828,5714
220,2886,2828,5714
220,2887,2828,5715
220,2887,2828,5715
220,2887,2829,5716
220,2887,2829,5716
220,2888,2829,5717
220,2888,2829,5717
220,2888,2828,5716
220,2887,2828,5715
220,2887,2828,5715
220,2888,2828,5716
220,2888,2828,5716
220,2888,2828,5716
220,2889,2828,5717
220,2889,2827,5716
220,2888,2827,5715
220,2888,2827,5715
220,2888,2828,5716
220,2888,2828,5716
220,2888,2829,5717
220,2888,2829,5717
220,2889,2829,5718
220,2889,2829,5718
220,2889,2830,5719
220,2889,2830,5719
220,2890,2830,5720
220,2890,2830,5720
220,2890,2831,5721
220,2890,2831,5721
220,2891,2831,5722
220,2891,2831,5722
220,2891,2831,5722
220,2892,2831,5723
220,2892,2831,5723
220,2893,2831,5724
220,2893,2831,5724
220,2893,2832,5725
220,2892,2832,5724
220,2892,2832,5724
220,2893,2832,5725
220,2893,2832,5725
220,2893,2833,5726
220,2893,2832,5725
220,2893,2831,5724
220,2892,2831,5723
220,2892,2831,5723
220,2891,2831,5722
220,2891,2831,5722
220,2892,2831,5723
220,2892,2831,5723
220,2892,2831,5723
220,2891,2831,5722
220,2891,2831,5722
220,2891,2831,5722
220,2891,2831,5722
220,2890,2831,5721
220,2890,2831,5721
220,2889,2831,5720
220,2889,2831,5720
220,2890,2831,5721
220,2890,2831,5721
220,2891,2831,5722
220,2891,2831,5722
220,2891,2832,5723
220,2891,2832,5723
220,2891,2831,5722
220,2891,2831,5722
220,2891,2831,5722
220,2891,2831,5722
220,2891,2830,5721
220,2891,2830,5721
220,2892,2830,5722
220,2891,2830,5721
220,2890,2830,5720
220,2889,2830,5719
220,2889,2830,5719
220,2890,2830,5720
220,2890,2830,5720
220,2890,2831,5721
220,2890,2831,5721
220,2891,2831,5722
220,2891,2831,5722
220,2891,2831,5722
220,2892,2831,5723
220,2891,2831,5722
220,2890,2831,5721
220,2890,2831,5721
220,2891,2831,5722
220,2890,2831,5721
220,2890,2831,5721
220,2891,2831,5722
220,2891,2831,5722
220,2891,2831,5722
220,2891,2831,5722
220,2890,2831,5721
220,2890,2831,5721
220,2890,2832,5722
220,2890,2832,5722
220,2890,2832,5722
220,2890,2833,5723
220,2890,2833,5723
220,2891,2833,5724
220,2891,2833,5724
220,2891,2834,5725
220,2891,2834,5725
220,2892,2834,5726
220,2892,2834,5726
220,2892,2834,5726
220,2893,2834,5727
220,2893,2834,5727
220,2894,2834,5728
220,2894,2834,5728
220,2894,2835,5729
220,2894,2835,5729
220,2894,2836,5730
220,2893,2836,5729
220,2893,2836,5729
220,2894,2836,5730
220,2894,2836,5730
220,2894,2836,5730
220,2894,2837,5731
220,2894,2836,5730
220,2894,2836,5730
220,2894,2837,5731
220,2894,2837,5731
220,2894,2837,5731
220,2895,2837,5732
220,2895,2837,5732
220,2896,2837,5733
220,2896,2837,5733
220,2897,2837,5734
220,2897,2837,5734
220,2897,2837,5734
220,2897,2838,5735
220,2897,2838,5735
220,2898,2838,5736
220,2898,2837,5735
220,2898,2837,5735
220,2898,2837,5735
220,2898,2838,5736
220,2898,2838,5736
220,2899,2838,5737
220,2899,2838,5737
220,2899,2839,5738
220,2899,2839,5738
220,2899,2840,5739
220,2899,2840,5739
220,2899,2841,5740
220,2899,2841,5740
220,2900,2841,5741
220,2900,2841,5741
220,2901,2841,5742
220,2901,2841,5742
220,2901,2841,5742
220,2901,2841,5742
220,2902,2841,5743
220,2902,2841,5743
220,2903,2841,5744
220,2903,2841,5744
220,2902,2841,5743
220,2902,2841,5743
220,2902,2842,5744
220,2902,2842,5744
220,2902,2843,5745
220,2902,2843,5745
220,2901,2843,5744
220,2901,2842,5743
220,2901,2842,5743
220,2901,2843,5744
220,2901,2843,5744
220,2901,2844,5745
220,2901,2844,5745
220,2901,2845,5746
220,2901,2845,5746
220,2902,2845,5747
220,2902,2844,5746
220,2902,2844,5746
220,2901,2844,5745
220,2901,2844,5745
220,2901,2843,5744
220,2901,2843,5744
220,2902,2843,5745
220,2902,2842,5744
220,2902,2842,5744
220,2902,2842,5744
220,2902,2843,5745
220,2902,2843,5745
220,2902,2843,5745
220,2903,2843,5746
220,2903,2843,5746
220,2904,2843,5747
220,2904,2843,5747
220,2904,2844,5748
220,2904,2844,5748
220,2904,2844,5748
220,2904,2844,5748
220,2904,2845,5749
220,2903,2845,5748
220,2903,2845,5748
220,2903,2845,5748
220,2904,2845,5749
220,2904,2844,5748
220,2904,2844,5748
220,2905,2844,5749
220,2905,2844,5749
220,2905,2844,5749
220,2906,2844,5750
220,2906,2844,5750
220,2906,2844,5750
220,2907,2844,5751
220,2906,2844,5750
220,2906,2844,5750
220,2906,2845,5751
220,2906,2845,5751
220,2906,2846,5752
220,2906,2846,5752
220,2906,2846,5752
220,2907,2846,5753
220,2907,2846,5753
220,2907,2847,5754
220,2906,2847,5753
220,2906,2847,5753
220,2906,2846,5752
220,2906,2846,5752
220,2906,2847,5753
220,2906,2847,5753
220,2907,2847,5754
220,2906,2847,5753
220,2906,2847,5753
220,2906,2848,5754
220,2906,2848,5754
220,2906,2848,5754
220,2906,2848,5754
220,2906,2849,5755
220,2906,2849,5755
220,2907,2849,5756
220,2907,2849,5756
220,2907,2849,5756
220,2908,2849,5757
220,2907,2849,5756
220,2907,2849,5756
220,2907,2850,5757
220,2907,2850,5757
220,2907,2851,5758
220,2907,2851,5758
220,2908,2851,5759
220,2908,2851,5759
220,2909,2851,5760
220,2908,2851,5759
220,2907,2851,5758
220,2907,2851,5758
220,2907,2851,5758
220,2907,2851,5758
220,2907,2852,5759
220,2907,2852,5759
220,2908,2852,5760
220,2907,2852,5759
220,2906,2852,5758
220,2906,2852,5758
220,2906,2852,5758
220,2907,2852,5759
220,2907,2852,5759
220,2908,2852,5760
220,2908,2852,5760
220,2909,2852,5761
220,2909,2852,5761
220,2909,2853,5762
220,2909,2853,5762
220,2910,2853,5763
220,2910,2853,5763
220,2910,2853,5763
220,2910,2852,5762
220,2909,2852,5761
220,2909,2852,5761
220,2910,2852,5762
220,2910,2852,5762
220,2911,2852,5763
220,2911,2852,5763
220,2911,2852,5763
220,2911,2852,5763
220,2911,2852,5763
220,2912,2852,5764
220,2912,2852,5764
220,2913,2852,5765
220,2913,2852,5765
220,2914,2852,5766
220,2914,2851,5765
220,2914,2851,5765
220,2914,2852,5766
220,2914,2852,5766
220,2915,2852,5767
220,2914,2852,5766
220,2914,2852,5766
220,2914,2853,5767
220,2914,2853,5767
220,2914,2854,5768
220,2914,2854,5768
220,2914,2854,5768
220,2914,2855,5769
220,2914,2855,5769
220,2914,2856,5770
220,2914,2856,5770
220,2914,2856,5770
220,2914,2856,5770
220,2914,2856,5770
220,2915,2856,5771
220,2915,2856,5771
220,2915,2857,5772
220,2915,2857,5772
220,2915,2858,5773
220,2915,2858,5773
220,2916,2858,5774
220,2916,2858,5774
220,2917,2858,5775
220,2916,2858,5774
220,2916,2858,5774
220,2916,2858,5774
220,2917,2858,5775
220,2917,2858,5775
220,2917,2859,5776
220,2916,2859,5775
220,2916,2859,5775
220,2917,2859,5776
220,2917,2859,5776
220,2918,2859,5777
220,2918,2859,5777
220,2918,2859,5777
220,2918,2860,5778
220,2918,2860,5778
220,2918,2860,5778
220,2918,2860,5778
220,2918,2860,5778
220,2918,2860,5778
220,2918,2859,5777
220,2918,2859,5777
220,2918,2860,5778
220,2918,2859,5777
220,2918,2859,5777
220,2919,2859,5778
220,2919,2859,5778
220,2919,2859,5778
220,2920,2859,5779
220,2920,2859,5779
220,2920,2859,5779
220,2920,2860,5780
220,2920,2860,5780
220,2920,2860,5780
220,2920,2861,5781
220,2920,2861,5781
220,2920,2860,5780
220,2920,2860,5780
220,2921,2860,5781
220,2921,2860,5781
220,2921,2860,5781
220,2922,2860,5782
220,2922,2860,5782
220,2922,2861,5783
220,2922,2861,5783
220,2922,2862,5784
220,2922,2862,5784
220,2922,2863,5785
220,2922,2863,5785
220,2923,2863,5786
220,2923,2863,5786
220,2924,2863,5787
220,2924,2863,5787
220,2924,2864,5788
220,2924,2864,5788
220,2925,2864,5789
220,2925,2864,5789
220,2925,2864,5789
220,2925,2865,5790
220,2925,2865,5790
220,2925,2866,5791
220,2925,2865,5790
220,2925,2865,5790
220,2925,2865,5790
220,2925,2864,5789
220,2925,2864,5789
220,2925,2864,5789
220,2926,2864,5790
220,2926,2864,5790
220,2927,2864,5791
220,2927,2864,5791
220,2928,2864,5792
220,2928,2864,5792
220,2928,2864,5792
220,2928,2865,5793
220,2928,2865,5793
220,2928,2864,5792
220,2928,2864,5792
220,2928,2865,5793
220,2928,2865,5793
220,2928,2866,5794
220,2928,2866,5794
220,2928,2867,5795
220,2928,2867,5795
220,2928,2866,5794
220,2928,2865,5793
220,2928,2865,5793
220,2928,2866,5794
220,2928,2866,5794
220,2929,2866,5795
220,2929,2865,5794
220,2929,2865,5794
220,2929,2866,5795
220,2929,2866,5795
220,2929,2867,5796
220,2929,2867,5796
220,2928,2867,5795
220,2928,2866,5794
220,2928,2866,5794
220,2929,2866,5795
220,2929,2866,5795
220,2929,2866,5795
220,2929,2866,5795
220,2929,2867,5796
220,2929,2867,5796
220,2929,2867,5796
220,2929,2868,5797
220,2929,2867,5796
220,2929,2867,5796
220,2929,2868,5797
220,2929,2868,5797
220,2930,2868,5798
220,2930,2868,5798
220,2930,2868,5798
220,2931,2868,5799
220,2931,2867,5798
220,2931,2867,5798
220,2932,2867,5799
220,2932,2867,5799
220,2932,2868,5800
220,2932,2868,5800
220,2932,2869,5801
220,2931,2869,5800
220,2931,2869,5800
220,2931,2869,5800
220,2931,2869,5800
220,2932,2869,5801
220,2932,2869,5801
220,2933,2869,5802
220,2933,2869,5802
220,2933,2869,5802
220,2933,2869,5802
220,2934,2869,5803
220,2934,2868,5802
220,2934,2868,5802
220,2934,2868,5802
220,2934,2869,5803
220,2934,2869,5803
220,2935,2869,5804
220,2934,2869,5803
220,2934,2869,5803
220,2934,2869,5803
220,2934,2869,5803
220,2933,2869,5802
220,2933,2868,5801
220,2933,2868,5801
220,2934,2868,5802
220,2934,2868,5802
220,2934,2869,5803
220,2934,2869,5803
220,2934,2869,5803
220,2934,2869,5803
220,2934,2870,5804
220,2933,2870,5803
220,2933,2869,5802
220,2933,2868,5801
220,2933,2868,5801
220,2934,2868,5802
220,2934,2868,5802
220,2935,2868,5803
220,2935,2868,5803
220,2935,2869,5804
220,2935,2869,5804
220,2934,2869,5803
220,2934,2869,5803
220,2934,2870,5804
220,2934,2870,5804
220,2934,2869,5803
220,2934,2868,5802
220,2934,2868,5802
220,2934,2868,5802
220,2935,2868,5803
220,2934,2868,5802
220,2933,2868,5801
220,2933,2868,5801
220,2933,2869,5802
220,2933,2869,5802
220,2933,2869,5802
220,2934,2869,5803
220,2934,2869,5803
220,2933,2869,5802
220,2933,2869,5802
220,2933,2870,5803
220,2933,2870,5803
220,2934,2870,5804
220,2933,2870,5803
220,2933,2870,5803
220,2934,2870,5804
220,2934,2870,5804
220,2934,2871,5805
220,2933,2871,5804
220,2933,2871,5804
220,2933,2872,5805
220,2933,2872,5805
220,2934,2872,5806
220,2934,2872,5806
220,2935,2872,5807
220,2935,2872,5807
220,2936,2872,5808
220,2936,2872,5808
220,2937,2872,5809
220,2937,2872,5809
220,2937,2872,5809
220,2937,2871,5808
220,2937,2871,5808
220,2937,2871,5808
220,2938,2871,5809
220,2938,2871,5809
220,2939,2871,5810
220,2939,2871,5810
220,2939,2871,5810
220,2939,2871,5810
220,2939,2871,5810
220,2939,2871,5810
220,2940,2871,5811
220,2940,2871,5811
220,2941,2871,5812
220,2941,2871,5812
220,2941,2871,5812
220,2941,2872,5813
220,2941,2872,5813
220,2941,2873,5814
220,2941,2873,5814
220,2942,2873,5815
220,2942,2873,5815
220,2942,2873,5815
220,2942,2874,5816
220,2942,2874,5816
220,2942,2874,5816
220,2943,2874,5817
220,2943,2874,5817
220,2944,2874,5818
220,2944,2874,5818
220,2944,2875,5819
220,2944,2875,5819
220,2944,2876,5820
220,2944,2876,5820
220,2944,2877,5821
220,2944,2877,5821
220,2945,2877,5822
220,2944,2877,5821
220,2944,2877,5821
220,2945,2877,5822
220,2945,2877,5822
220,2946,2877,5823
220,2945,2877,5822
220,2945,2877,5822
220,2946,2877,5823
220,2946,2877,5823
221,2947,2877,5824
221,2947,2877,5824
221,2947,2877,5824
221,2948,2877,5825
221,2948,2877,5825
221,2948,2878,5826
221,2947,2878,5825
221,2947,2878,5825
221,2948,2878,5826
221,2948,2878,5826
221,2948,2878,5826
221,2948,2878,5826
221,2948,2878,5826
221,2949,2878,5827
221,2949,2878,5827
221,2949,2879,5828
221,2949,2879,5828
221,2949,2880,5829
221,2949,2880,5829
221,2949,2879,5828
221,2949,2879,5828
221,2949,2879,5828
221,2950,2879,5829
221,2950,2879,5829
221,2951,2879,5830
221,2951,2879,5830
221,2951,2879,5830
221,2951,2879,5830
221,2951,2879,5830
221,2951,2878,5829
221,2950,2878,5828
221,2949,2878,5827
221,2949,2878,5827
221,2949,2879,5828
221,2949,2879,5828
221,2949,2880,5829
221,2949,2880,5829
221,2949,2881,5830
221,2949,2881,5830
221,2949,2882,5831
221,2949,2882,5831
221,2949,2883,5832
221,2949,2882,5831
221,2949,2882,5831
221,2949,2883,5832
221,2949,2883,5832
221,2950,2883,5833
221,2950,2883,5833
221,2951,2883,5834
221,2951,2883,5834
221,2952,2883,5835
221,2952,2883,5835
221,2953,2883,5836
221,2953,2882,5835
221,2953,2882,5835
221,2954,2882,5836
221,2954,2882,5836
221,2955,2882,5837
221,2955,2882,5837
221,2955,2883,5838
221,2955,2883,5838
221,2955,2884,5839
221,2955,2884,5839
221,2955,2885,5840
221,2955,2885,5840
221,2956,2885,5841
221,2956,2885,5841
221,2956,2885,5841
221,2956,2886,5842
221,2956,2886,5842
221,2956,2887,5843
221,2955,2887,5842
221,2955,2887,5842
221,2955,2887,5842
221,2955,2886,5841
221,2955,2886,5841
221,2955,2885,5840
221,2954,2885,5839
221,2954,2885,5839
221,2955,2885,5840
221,2955,2885,5840
221,2956,2885,5841
221,2956,2885,5841
221,2957,2885,5842
221,2957,2885,5842
221,2957,2884,5841
221,2956,2884,5840
221,2956,2884,5840
221,2956,2885,5841
221,2956,2885,5841
221,2957,2885,5842
221,2956,2885,5841
221,2956,2885,5841
221,2957,2885,5842
221,2957,2885,5842
221,2958,2885,5843
221,2958,2885,5843
221,2958,2885,5843
221,2958,2885,5843
221,2957,2885,5842
221,2957,2885,5842
221,2958,2885,5843
221,2958,2885,5843
221,2958,2886,5844
221,2958,2886,5844
221,2958,2886,5844
221,2959,2886,5845
221,2959,2886,5845
221,2960,2886,5846
221,2959,2886,5845
221,2959,2886,5845
221,2959,2886,5845
221,2959,2887,5846
221,2959,2887,5846
221,2959,2888,5847
221,2959,2888,5847
221,2959,2888,5847
221,2959,2888,5847
221,2959,2888,5847
221,2959,2888,5847
221,2959,2889,5848
221,2959,2889,5848
221,2960,2889,5849
221,2959,2889,5848
221,2959,2889,5848
221,2959,2890,5849
221,2958,2890,5848
221,2958,2889,5847
221,2958,2889,5847
221,2959,2889,5848
221,2959,2889,5848
221,2959,2890,5849
221,2959,2890,5849
221,2959,2890,5849
221,2959,2891,5850
221,2959,2891,5850
221,2959,2892,5851
221,2959,2892,5851
221,2959,2892,5851
221,2959,2892,5851
221,2959,2893,5852
221,2959,2893,5852
221,2959,2893,5852
221,2959,2893,5852
221,2960,2893,5853
221,2960,2892,5852
221,2959,2892,5851
221,2959,2892,5851
221,2959,2892,5851
221,2960,2892,5852
221,2960,2892,5852
221,2960,2893,5853
221,2960,2893,5853
221,2960,2893,5853
221,2961,2893,5854
221,2961,2892,5853
221,2961,2892,5853
221,2961,2893,5854
221,2961,2893,5854
221,2962,2893,5855
221,2962,2893,5855
221,2962,2894,5856
221,2962,2894,5856
221,2962,2895,5857
221,2962,2895,5857
221,2962,2896,5858
221,2962,2896,5858
221,2962,2897,5859
221,2962,2897,5859
221,2962,2897,5859
221,2962,2898,5860
221,2962,2898,5860
221,2962,2898,5860
221,2963,2898,5861
221,2963,2898,5861
221,2963,2899,5862
221,2962,2899,5861
221,2962,2899,5861
221,2962,2900,5862
221,2962,2900,5862
221,2962,2901,5863
221,2962,2901,5863
221,2962,2902,5864
221,2962,2902,5864
221,2962,2903,5865
221,2962,2903,5865
221,2963,2903,5866
221,2963,2902,5865
221,2963,2902,5865
221,2964,2902,5866
221,2963,2902,5865
221,2963,2902,5865
221,2964,2902,5866
221,2964,2902,5866
221,2964,2903,5867
221,2964,2903,5867
221,2964,2904,5868
221,2964,2904,5868
221,2964,2904,5868
221,2965,2904,5869
221,2965,2904,5869
221,2965,2904,5869
221,2965,2904,5869
221,2965,2904,5869
221,2965,2905,5870
221,2965,2905,5870
221,2966,2905,5871
221,2966,2905,5871
221,2966,2906,5872
221,2966,2906,5872
221,2967,2906,5873
221,2967,2906,5873
221,2968,2906,5874
221,2968,2906,5874
221,2967,2906,5873
221,2967,2906,5873
221,2968,2906,5874
221,2968,2906,5874
221,2969,2906,5875
221,2969,2906,5875
221,2969,2907,5876
221,2968,2907,5875
221,2968,2907,5875
221,2968,2907,5875
221,2968,2908,5876
221,2968,2907,5875
221,2968,2907,5875
221,2968,2906,5874
221,2968,2906,5874
221,2968,2906,5874
221,2968,2906,5874
221,2967,2906,5873
221,2967,2906,5873
221,2968,2906,5874
221,2968,2906,5874
221,2968,2906,5874
221,2968,2907,5875
221,2967,2907,5874
221,2967,2906,5873
221,2967,2906,5873
221,2968,2906,5874
221,2968,2906,5874
221,2968,2906,5874
221,2969,2906,5875
221,2969,2906,5875
221,2969,2907,5876
221,2969,2907,5876
221,2970,2907,5877
221,2970,2907,5877
221,2970,2907,5877
221,2971,2907,5878
221,2971,2907,5878
221,2971,2907,5878
221,2972,2907,5879
221,2972,2907,5879
221,2972,2908,5880
221,2972,2908,5880
221,2972,2909,5881
221,2972,2909,5881
221,2972,2910,5882
221,2972,2910,5882
221,2972,2911,5883
221,2972,2911,5883
221,2972,2912,5884
221,2972,2912,5884
221,2973,2912,5885
221,2973,2912,5885
221,2973,2912,5885
221,2973,2912,5885
221,2974,2912,5886
221,2974,2912,5886
221,2974,2913,5887
221,2974,2913,5887
221,2974,2914,5888
221,2974,2914,5888
221,2974,2914,5888
221,2975,2914,5889
221,2975,2914,5889
221,2975,2915,5890
221,2974,2915,5889
221,2974,2915,5889
221,2974,2916,5890
221,2974,2916,5890
221,2975,2916,5891
221,2975,2915,5890
221,2975,2915,5890
221,2976,2915,5891
221,2976,2915,5891
221,2976,2916,5892
221,2976,2916,5892
221,2977,2916,5893
221,2977,2916,5893
221,2977,2917,5894
221,2976,2917,5893
221,2976,2917,5893
221,2976,2916,5892
221,2975,2916,5891
221,2975,2916,5891
221,2976,2916,5892
221,2976,2916,5892
221,2976,2916,5892
221,2977,2916,5893
221,2977,2915,5892
221,2977,2915,5892
221,2977,2916,5893
221,2977,2916,5893
221,2977,2917,5894
221,2976,2917,5893
221,2976,2917,5893
221,2976,2918,5894
221,2976,2918,5894
221,2976,2918,5894
221,2977,2918,5895
221,2977,2918,5895
221,2977,2918,5895
221,2977,2919,5896
221,2977,2919,5896
221,2978,2919,5897
221,2978,2919,5897
221,2978,2920,5898
221,2978,2920,5898
221,2979,2920,5899
221,2979,2920,5899
221,2980,2920,5900
221,2980,2920,5900
221,2980,2920,5900
221,2980,2921,5901
221,2980,2921,5901
221,2980,2922,5902
221,2980,2922,5902
221,2980,2923,5903
221,2980,2923,5903
221,2980,2924,5904
221,2980,2924,5904
221,2980,2924,5904
221,2980,2924,5904
221,2980,2925,5905
221,2980,2924,5904
221,2980,2924,5904
221,2980,2924,5904
221,2980,2924,5904
221,2980,2924,5904
221,2981,2924,5905
221,2981,2924,5905
221,2982,2924,5906
221,2982,2924,5906
221,2982,2924,5906
221,2982,2925,5907
221,2982,2924,5906
221,2982,2924,5906
221,2982,2924,5906
221,2983,2924,5907
221,2983,2924,5907
221,2983,2925,5908
221,2983,2925,5908
221,2983,2925,5908
221,2983,2924,5907
221,2983,2924,5907
221,2984,2924,5908
221,2984,2924,5908
221,2985,2924,5909
221,2985,2924,5909
221,2985,2925,5910
221,2985,2925,5910
221,2985,2926,5911
221,2985,2926,5911
221,2985,2927,5912
221,2985,2927,5912
221,2985,2928,5913
221,2985,2927,5912
221,2985,2926,5911
221,2985,2926,5911
221,2986,2926,5912
221,2986,2925,5911
221,2986,2925,5911
221,2986,2925,5911
221,2987,2925,5912
221,2987,2925,5912
221,2987,2925,5912
221,2987,2925,5912
221,2987,2925,5912
221,2988,2925,5913
221,2988,2925,5913
221,2988,2925,5913
221,2989,2925,5914
221,2989,2925,5914
221,2990,2925,5915
221,2990,2925,5915
221,2991,2925,5916
221,2991,2925,5916
221,2991,2925,5916
221,2991,2926,5917
221,2990,2926,5916
221,2990,2925,5915
221,2990,2925,5915
221,2990,2925,5915
221,2991,2925,5916
221,2991,2925,5916
221,2991,2926,5917
221,2991,2926,5917
221,2991,2927,5918
221,2991,2927,5918
221,2990,2927,5917
221,2990,2927,5917
221,2990,2927,5917
221,2990,2928,5918
221,2990,2928,5918
221,2990,2927,5917
221,2990,2927,5917
221,2991,2927,5918
221,2991,2927,5918
221,2991,2928,5919
221,2991,2928,5919
221,2991,2929,5920
221,2991,2929,5920
221,2991,2929,5920
221,2991,2928,5919
221,2991,2928,5919
221,2992,2928,5920
221,2992,2928,5920
221,2993,2928,5921
221,2993,2928,5921
221,2993,2928,5921
221,2993,2929,5922
221,2993,2929,5922
221,2993,2929,5922
221,2993,2930,5923
221,2993,2930,5923
221,2993,2931,5924
221,2993,2930,5923
221,2993,2929,5922
221,2993,2929,5922
221,2994,2929,5923
221,2994,2929,5923
221,2995,2929,5924
221,2995,2929,5924
221,2995,2929,5924
221,2996,2929,5925
221,2996,2929,5925
221,2997,2929,5926
221,2997,2928,5925
221,2997,2928,5925
221,2997,2928,5925
221,2997,2928,5925
221,2998,2928,5926
221,2997,2928,5925
221,2997,2928,5925
221,2997,2929,5926
221,2997,2929,5926
221,2997,2930,5927
221,2997,2930,5927
221,2996,2930,5926
221,2996,2930,5926
221,2997,2930,5927
221,2997,2929,5926
221,2997,2929,5926
221,2998,2929,5927
221,2998,2929,5927
221,2998,2930,5928
221,2998,2930,5928
221,2999,2930,5929
221,2998,2930,5928
221,2998,2930,5928
221,2998,2931,5929
221,2998,2931,5929
221,2998,2932,5930
221,2998,2932,5930
221,2998,2933,5931
221,2998,2933,5931
221,2998,2933,5931
221,2998,2933,5931
221,2999,2933,5932
221,2999,2933,5932
221,3000,2933,5933
221,3000,2933,5933
221,3000,2934,5934
221,3000,2934,5934
221,3000,2935,5935
221,3000,2935,5935
221,3000,2935,5935
221,3001,2935,5936
221,3001,2935,5936
221,3001,2936,5937
221,3001,2936,5937
221,3002,2936,5938
221,3002,2936,5938
221,3002,2937,5939
221,3001,2937,5938
221,3001,2937,5938
221,3002,2937,5939
221,3002,2937,5939
221,3003,2937,5940
221,3003,2936,5939
221,3003,2936,5939
221,3003,2937,5940
221,3003,2937,5940
221,3003,2937,5940
221,3003,2937,5940
221,3003,2937,5940
221,3002,2937,5939
221,3002,2937,5939
221,3002,2938,5940
221,3002,2938,5940
221,3002,2938,5940
221,3003,2938,5941
221,3003,2938,5941
221,3003,2939,5942
221,3003,2939,5942
221,3004,2939,5943
221,3004,2939,5943
221,3004,2940,5944
221,3004,2940,5944
221,3004,2940,5944
221,3004,2941,5945
221,3004,2941,5945
221,3005,2941,5946
221,3005,2941,5946
221,3006,2941,5947
221,3006,2941,5947
221,3006,2941,5947
221,3006,2942,5948
221,3006,2942,5948
221,3006,2942,5948
221,3007,2942,5949
221,3007,2942,5949
221,3008,2942,5950
221,3008,2942,5950
221,3009,2942,5951
221,3009,2942,5951
221,3010,2942,5952
221,3010,2942,5952
221,3010,2942,5952
221,3010,2943,5953
221,3010,2943,5953
221,3011,2943,5954
221,3011,2943,5954
221,3012,2943,5955
221,3012,2942,5954
221,3011,2942,5953
221,3011,2942,5953
221,3010,2942,5952
221,3010,2942,5952
221,3010,2943,5953
221,3010,2943,5953
221,3011,2943,5954
221,3011,2943,5954
221,3011,2943,5954
221,3012,2943,5955
221,3012,2943,5955
221,3012,2943,5955
221,3012,2943,5955
221,3012,2943,5955
221,3013,2943,5956
221,3013,2943,5956
221,3013,2942,5955
221,3013,2942,5955
221,3013,2943,5956
221,3013,2943,5956
221,3013,2943,5956
221,3014,2943,5957
221,3014,2943,5957
221,3013,2943,5956
221,3013,2943,5956
221,3013,2944,5957
221,3013,2944,5957
221,3014,2944,5958
221,3014,2944,5958
221,3015,2944,5959
221,3014,2944,5958
221,3013,2944,5957
221,3012,2944,5956
221,3012,2944,5956
221,3013,2944,5957
221,3013,2944,5957
221,3013,2944,5957
221,3013,2945,5958
221,3013,2945,5958
221,3014,2945,5959
221,3014,2945,5959
221,3014,2946,5960
221,3014,2946,5960
221,3014,2946,5960
221,3014,2947,5961
221,3014,2947,5961
221,3014,2947,5961
221,3015,2947,5962
221,3015,2946,5961
221,3015,2946,5961
221,3015,2946,5961
221,3015,2947,5962
221,3015,2947,5962
221,3015,2947,5962
221,3016,2947,5963
221,3015,2947,5962
221,3015,2947,5962
221,3015,2947,5962
221,3015,2948,5963
221,3015,2948,5963
221,3015,2949,5964
221,3014,2949,5963
221,3014,2949,5963
221,3015,2949,5964
221,3015,2948,5963
221,3015,2948,5963
221,3016,2948,5964
221,3016,2948,5964
221,3015,2948,5963
221,3015,2948,5963
221,3016,2948,5964
221,3016,2948,5964
221,3017,2948,5965
221,3017,2948,5965
221,3016,2948,5964
221,3016,2948,5964
221,3017,2948,5965
221,3017,2948,5965
221,3017,2948,5965
221,3017,2948,5965
221,3017,2949,5966
221,3017,2949,5966
221,3018,2949,5967
221,3018,2949,5967
221,3019,2949,5968
221,3019,2949,5968
221,3019,2949,5968
221,3019,2949,5968
221,3019,2950,5969
221,3019,2950,5969
221,3019,2951,5970
221,3019,2951,5970
221,3020,2951,5971
221,3020,2951,5971
221,3020,2952,5972
221,3020,2952,5972
221,3020,2952,5972
221,3020,2952,5972
221,3020,2953,5973
221,3020,2953,5973
221,3021,2953,5974
221,3021,2953,5974
221,3021,2954,5975
221,3021,2954,5975
221,3021,2955,5976
221,3021,2955,5976
221,3021,2956,5977
221,3021,2956,5977
221,3022,2956,5978
221,3022,2956,5978
221,3021,2956,5977
221,3021,2956,5977
221,3021,2956,5977
221,3021,2957,5978
221,3021,2957,5978
221,3021,2957,5978
221,3022,2957,5979
221,3022,2957,5979
221,3023,2957,5980
221,3023,2957,5980
221,3024,2957,5981
221,3024,2957,5981
221,3025,2957,5982
221,3024,2957,5981
221,3024,2957,5981
221,3024,2958,5982
221,3024,2958,5982
221,3024,2959,5983
221,3024,2959,5983
221,3025,2959,5984
221,3025,2959,5984
221,3026,2959,5985
221,3026,2959,5985
221,3026,2959,5985
221,3027,2959,5986
221,3026,2959,5985
221,3026,2959,5985
221,3026,2960,5986
221,3026,2960,5986
221,3025,2960,5985
221,3025,2959,5984
221,3025,2959,5984
221,3025,2959,5984
221,3026,2959,5985
221,3025,2959,5984
221,3025,2959,5984
221,3025,2960,5985
221,3025,2960,5985
221,3026,2960,5986
221,3026,2960,5986
221,3026,2961,5987
221,3026,2961,5987
221,3026,2961,5987
221,3027,2961,5988
221,3027,2961,5988
221,3027,2961,5988
221,3027,2961,5988
221,3027,2961,5988
221,3027,2961,5988
221,3027,2961,5988
221,3027,2961,5988
221,3027,2961,5988
221,3027,2961,5988
221,3028,2961,5989
221,3028,2961,5989
221,3028,2961,5989
221,3028,2961,5989
221,3028,2961,5989
221,3028,2961,5989
221,3029,2961,5990
221,3029,2961,5990
221,3029,2962,5991
221,3029,2962,5991
221,3029,2962,5991
221,3029,2963,5992
221,3029,2963,5992
221,3029,2963,5992
221,3030,2963,5993
221,3029,2963,5992
221,3029,2963,5992
221,3030,2963,5993
221,3030,2963,5993
221,3030,2964,5994
221,3029,2964,5993
221,3029,2964,5993
221,3030,2964,5994
221,3030,2963,5993
221,3030,2963,5993
221,3031,2963,5994
221,3031,2963,5994
221,3031,2964,5995
222,3030,2964,5994
222,3030,2964,5994
222,3031,2964,5995
222,3031,2964,5995
222,3031,2965,5996
222,3031,2965,5996
222,3032,2965,5997
222,3032,2964,5996
222,3031,2964,5995
222,3031,2964,5995
222,3031,2964,5995
222,3031,2965,5996
222,3031,2965,5996
222,3032,2965,5997
222,3032,2965,5997
222,3032,2965,5997
222,3032,2966,5998
222,3032,2966,5998
222,3032,2967,5999
222,3032,2967,5999
222,3032,2968,6000
222,3032,2968,6000
222,3033,2968,6001
222,3033,2967,6000
222,3033,2967,6000
222,3033,2967,6000
222,3033,2967,6000
222,3033,2967,6000
222,3033,2968,6001
222,3033,2968,6001
222,3034,2968,6002
222,3034,2968,6002
222,3034,2969,6003
222,3034,2969,6003
222,3035,2969,6004
222,3035,2969,6004
222,3035,2970,6005
222,3035,2970,6005
222,3036,2970,6006
222,3036,2970,6006
222,3036,2971,6007
222,3036,2971,6007
222,3036,2971,6007
222,3036,2972,6008
222,3035,2972,6007
222,3035,2972,6007
222,3036,2972,6008
222,3036,2972,6008
222,3037,2972,6009
222,3037,2972,6009
222,3037,2973,6010
222,3037,2972,6009
222,3037,2972,6009
222,3038,2972,6010
222,3038,2971,6009
222,3037,2971,6008
222,3036,2971,6007
222,3036,2971,6007
222,3037,2971,6008
222,3037,2971,6008
222,3037,2972,6009
222,3036,2972,6008
222,3036,2972,6008
222,3036,2972,6008
222,3037,2972,6009
222,3037,2971,6008
222,3037,2971,6008
222,3037,2971,6008
222,3038,2971,6009
222,3038,2971,6009
222,3037,2971,6008
222,3037,2971,6008
222,3038,2971,6009
222,3038,2971,6009
222,3038,2971,6009
222,3039,2971,6010
222,3038,2971,6009
222,3038,2971,6009
222,3039,2971,6010
222,3039,2971,6010
222,3040,2971,6011
222,3039,2971,6010
222,3038,2971,6009
222,3037,2971,6008
222,3037,2971,6008
222,3037,2971,6008
222,3037,2971,6008
222,3037,2972,6009
222,3037,2972,6009
222,3037,2973,6010
222,3037,2973,6010
222,3037,2974,6011
222,3037,2974,6011
222,3038,2974,6012
222,3038,2974,6012
222,3039,2974,6013
222,3039,2974,6013
222,3039,2974,6013
222,3039,2975,6014
222,3039,2975,6014
222,3040,2975,6015
222,3040,2975,6015
222,3040,2975,6015
222,3040,2975,6015
222,3041,2975,6016
222,3041,2975,6016
222,3042,2975,6017
222,3042,2975,6017
222,3042,2975,6017
222,3042,2976,6018
222,3041,2976,6017
222,3041,2976,6017
222,3041,2977,6018
222,3041,2977,6018
222,3042,2977,6019
222,3042,2976,6018
222,3042,2976,6018
222,3043,2976,6019
222,3043,2976,6019
222,3043,2977,6020
222,3043,2977,6020
222,3043,2978,6021
222,3043,2978,6021
222,3043,2978,6021
222,3044,2978,6022
222,3043,2978,6021
222,3043,2978,6021
222,3044,2978,6022
222,3044,2978,6022
222,3044,2978,6022
222,3044,2978,6022
222,3044,2979,6023
222,3044,2979,6023
222,3044,2979,6023
222,3045,2979,6024
222,3045,2979,6024
222,3045,2980,6025
222,3044,2980,6024
222,3044,2979,6023
222,3044,2979,6023
222,3044,2980,6024
222,3044,2980,6024
222,3045,2980,6025
222,3045,2980,6025
222,3045,2981,6026
222,3044,2981,6025
222,3044,2980,6024
222,3044,2980,6024
222,3044,2981,6025
222,3044,2981,6025
222,3044,2982,6026
222,3044,2982,6026
222,3045,2982,6027
222,3045,2982,6027
222,3046,2982,6028
222,3046,2982,6028
222,3045,2982,6027
222,3045,2982,6027
222,3045,2982,6027
222,3045,2982,6027
222,3045,2983,6028
222,3045,2983,6028
222,3045,2983,6028
222,3046,2983,6029
222,3046,2983,6029
222,3046,2983,6029
222,3046,2984,6030
222,3046,2984,6030
222,3046,2984,6030
222,3046,2984,6030
222,3046,2984,6030
222,3046,2985,6031
222,3046,2985,6031
222,3046,2986,6032
222,3046,2986,6032
222,3046,2987,6033
222,3045,2987,6032
222,3045,2987,6032
222,3045,2988,6033
222,3045,2988,6033
222,3045,2988,6033
222,3045,2988,6033
222,3045,2989,6034
222,3045,2989,6034
222,3045,2990,6035
222,3045,2990,6035
222,3045,2990,6035
222,3045,2990,6035
222,3045,2990,6035
222,3046,2990,6036
222,3046,2989,6035
222,3046,2989,6035
222,3046,2990,6036
222,3046,2990,6036
222,3046,2990,6036
222,3047,2990,6037
222,3047,2990,6037
222,3046,2990,6036
222,3046,2990,6036
222,3046,2990,6036
222,3046,2990,6036
222,3046,2991,6037
222,3045,2991,6036
222,3045,2990,6035
222,3045,2990,6035
222,3045,2991,6036
222,3045,2991,6036
222,3046,2991,6037
222,3046,2991,6037
222,3046,2992,6038
222,3046,2992,6038
222,3047,2992,6039
222,3047,2992,6039
222,3047,2992,6039
222,3047,2992,6039
222,3048,2992,6040
222,3048,2992,6040
222,3049,2992,6041
222,3049,2992,6041
222,3049,2992,6041
222,3049,2991,6040
222,3049,2991,6040
222,3049,2991,6040
222,3049,2992,6041
222,3049,2992,6041
222,3049,2992,6041
222,3050,2992,6042
222,3050,2992,6042
222,3050,2993,6043
222,3050,2993,6043
222,3050,2994,6044
222,3050,2994,6044
222,3049,2994,6043
222,3049,2994,6043
222,3049,2995,6044
222,3049,2995,6044
222,3049,2996,6045
222,3049,2996,6045
222,3049,2997,6046
222,3049,2997,6046
222,3050,2997,6047
222,3050,2996,6046
222,3050,2996,6046
222,3050,2996,6046
222,3050,2997,6047
222,3050,2997,6047
222,3049,2997,6046
222,3049,2996,6045
222,3049,2996,6045
222,3049,2997,6046
222,3049,2997,6046
222,3049,2997,6046
222,3049,2997,6046
222,3049,2997,6046
222,3049,2998,6047
222,3049,2998,6047
222,3049,2998,6047
222,3049,2999,6048
222,3049,2999,6048
222,3049,3000,6049
222,3049,3000,6049
222,3050,3000,6050
222,3050,3000,6050
222,3050,3000,6050
222,3051,3000,6051
222,3051,3000,6051
222,3051,3000,6051
222,3052,3000,6052
222,3052,3000,6052
222,3052,3000,6052
222,3052,3001,6053
222,3052,3001,6053
222,3053,3001,6054
222,3053,3000,6053
222,3053,3000,6053
222,3053,3000,6053
222,3054,3000,6054
222,3054,3000,6054
222,3054,3001,6055
222,3054,3001,6055
222,3055,3001,6056
222,3054,3001,6055
222,3054,3001,6055
222,3054,3001,6055
222,3054,3001,6055
222,3054,3002,6056
222,3054,3002,6056
222,3054,3003,6057
222,3053,3003,6056
222,3053,3003,6056
222,3054,3003,6057
222,3054,3003,6057
222,3054,3004,6058
222,3054,3004,6058
222,3054,3005,6059
222,3054,3005,6059
222,3054,3004,6058
222,3054,3004,6058
222,3055,3004,6059
222,3055,3004,6059
222,3055,3005,6060
222,3055,3005,6060
222,3056,3005,6061
222,3056,3005,6061
222,3057,3005,6062
222,3057,3005,6062
222,3057,3006,6063
222,3057,3006,6063
222,3057,3005,6062
222,3057,3005,6062
222,3057,3005,6062
222,3057,3006,6063
222,3057,3005,6062
222,3057,3005,6062
222,3058,3005,6063
222,3058,3005,6063
222,3058,3004,6062
222,3058,3004,6062
222,3059,3004,6063
222,3059,3004,6063
222,3060,3004,6064
222,3059,3004,6063
222,3059,3004,6063
222,3058,3004,6062
222,3058,3004,6062
222,3058,3004,6062
222,3058,3004,6062
222,3058,3005,6063
222,3058,3005,6063
222,3058,3005,6063
222,3058,3006,6064
222,3058,3006,6064
222,3059,3006,6065
222,3059,3006,6065
222,3059,3006,6065
222,3060,3006,6066
222,3059,3006,6065
222,3059,3006,6065
222,3059,3007,6066
222,3059,3007,6066
222,3060,3007,6067
222,3060,3007,6067
222,3060,3007,6067
222,3061,3007,6068
222,3060,3007,6067
222,3059,3007,6066
222,3059,3007,6066
222,3059,3008,6067
222,3059,3008,6067
222,3060,3008,6068
222,3060,3008,6068
222,3061,3008,6069
222,3061,3008,6069
222,3062,3008,6070
222,3061,3008,6069
222,3061,3008,6069
222,3062,3008,6070
222,3061,3008,6069
222,3060,3008,6068
222,3060,3008,6068
222,3061,3008,6069
222,3061,3008,6069
222,3062,3008,6070
222,3062,3008,6070
222,3061,3008,6069
222,3061,3008,6069
222,3062,3008,6070
222,3062,3008,6070
222,3062,3008,6070
222,3062,3008,6070
222,3062,3009,6071
222,3062,3009,6071
222,3063,3009,6072
222,3063,3009,6072
222,3063,3009,6072
222,3064,3009,6073
222,3063,3009,6072
222,3063,3009,6072
222,3064,3009,6073
222,3064,3009,6073
222,3064,3009,6073
222,3064,3010,6074
222,3064,3010,6074
222,3064,3011,6075
222,3064,3011,6075
222,3064,3012,6076
222,3064,3012,6076
222,3064,3013,6077
222,3064,3013,6077
222,3065,3013,6078
222,3065,3013,6078
222,3066,3013,6079
222,3066,3013,6079
222,3066,3014,6080
222,3065,3014,6079
222,3065,3013,6078
222,3065,3013,6078
222,3065,3013,6078
222,3065,3014,6079
222,3065,3014,6079
222,3065,3014,6079
222,3066,3014,6080
222,3065,3014,6079
222,3064,3014,6078
222,3064,3014,6078
222,3065,3014,6079
222,3065,3014,6079
222,3065,3015,6080
222,3065,3015,6080
222,3065,3016,6081
222,3065,3016,6081
222,3065,3016,6081
222,3065,3017,6082
222,3065,3017,6082
222,3065,3018,6083
222,3065,3018,6083
222,3065,3019,6084
222,3065,3018,6083
222,3065,3017,6082
222,3065,3017,6082
222,3065,3018,6083
222,3065,3018,6083
222,3066,3018,6084
222,3066,3017,6083
222,3066,3017,6083
222,3066,3018,6084
222,3066,3018,6084
222,3066,3019,6085
222,3066,3019,6085
222,3067,3019,6086
222,3066,3019,6085
222,3066,3019,6085
222,3066,3019,6085
222,3067,3019,6086
222,3067,3019,6086
222,3067,3020,6087
222,3067,3020,6087
222,3068,3020,6088
222,3068,3020,6088
222,3068,3021,6089
222,3068,3021,6089
222,3068,3022,6090
222,3067,3022,6089
222,3067,3022,6089
222,3067,3022,6089
222,3067,3023,6090
222,3067,3023,6090
222,3067,3023,6090
222,3067,3024,6091
222,3067,3024,6091
222,3068,3024,6092
222,3068,3024,6092
222,3068,3023,6091
222,3068,3023,6091
222,3069,3023,6092
222,3068,3023,6091
222,3068,3023,6091
222,3069,3023,6092
222,3069,3023,6092
222,3070,3023,6093
222,3069,3023,6092
222,3069,3023,6092
222,3069,3024,6093
222,3069,3024,6093
222,3069,3025,6094
222,3068,3025,6093
222,3068,3025,6093
222,3069,3025,6094
222,3069,3024,6093
222,3069,3024,6093
222,3070,3024,6094
222,3069,3024,6093
222,3069,3024,6093
222,3069,3025,6094
222,3068,3025,6093
222,3068,3025,6093
222,3068,3025,6093
222,3068,3026,6094
222,3068,3026,6094
222,3069,3026,6095
222,3069,3026,6095
222,3070,3026,6096
222,3070,3026,6096
222,3070,3026,6096
222,3070,3026,6096
222,3070,3027,6097
222,3070,3026,6096
222,3070,3025,6095
222,3070,3025,6095
222,3070,3026,6096
222,3070,3026,6096
222,3070,3027,6097
222,3070,3027,6097
222,3070,3028,6098
222,3070,3028,6098
222,3070,3029,6099
222,3070,3029,6099
222,3070,3029,6099
222,3071,3029,6100
222,3071,3029,6100
222,3072,3029,6101
222,3071,3029,6100
222,3071,3029,6100
222,3071,3030,6101
222,3070,3030,6100
222,3070,3030,6100
222,3071,3030,6101
222,3071,3030,6101
222,3072,3030,6102
222,3072,3029,6101
222,3072,3029,6101
222,3073,3029,6102
222,3073,3029,6102
222,3073,3030,6103
222,3072,3030,6102
222,3072,3030,6102
222,3072,3031,6103
222,3072,3031,6103
222,3072,3032,6104
222,3072,3032,6104
222,3073,3032,6105
222,3073,3032,6105
222,3073,3032,6105
222,3074,3032,6106
222,3074,3031,6105
222,3074,3031,6105
222,3074,3032,6106
222,3073,3032,6105
222,3073,3032,6105
222,3074,3032,6106
222,3074,3032,6106
222,3074,3032,6106
222,3075,3032,6107
222,3075,3032,6107
222,3075,3033,6108
222,3075,3033,6108
222,3075,3034,6109
222,3075,3033,6108
222,3075,3032,6107
222,3075,3032,6107
222,3076,3032,6108
222,3076,3032,6108
222,3076,3033,6109
222,3076,3033,6109
222,3076,3034,6110
222,3076,3034,6110
222,3076,3035,6111
222,3076,3034,6110
222,3076,3033,6109
222,3076,3033,6109
222,3076,3033,6109
222,3076,3033,6109
222,3076,3034,6110
222,3076,3034,6110
222,3077,3034,6111
222,3077,3034,6111
222,3077,3033,6110
222,3076,3033,6109
222,3076,3033,6109
222,3076,3033,6109
222,3076,3033,6109
222,3077,3033,6110
222,3077,3033,6110
222,3077,3033,6110
222,3078,3033,6111
222,3078,3033,6111
222,3078,3033,6111
222,3079,3033,6112
222,3079,3033,6112
222,3079,3034,6113
222,3079,3034,6113
222,3079,3035,6114
222,3079,3035,6114
222,3079,3034,6113
222,3079,3034,6113
222,3080,3034,6114
222,3080,3034,6114
222,3080,3035,6115
222,3080,3034,6114
222,3080,3034,6114
222,3080,3035,6115
222,3080,3035,6115
222,3080,3035,6115
222,3080,3036,6116
222,3080,3036,6116
222,3080,3036,6116
222,3081,3036,6117
222,3081,3036,6117
222,3082,3036,6118
222,3082,3036,6118
222,3082,3035,6117
222,3082,3035,6117
222,3083,3035,6118
222,3083,3035,6118
222,3083,3036,6119
222,3082,3036,6118
222,3082,3036,6118
222,3082,3036,6118
222,3082,3037,6119
222,3082,3037,6119
222,3082,3037,6119
222,3083,3037,6120
222,3083,3037,6120
222,3083,3037,6120
222,3084,3037,6121
222,3084,3036,6120
222,3084,3036,6120
222,3083,3036,6119
222,3082,3036,6118
222,3082,3035,6117
222,3082,3035,6117
222,3082,3035,6117
222,3083,3035,6118
222,3083,3035,6118
222,3084,3035,6119
222,3084,3035,6119
222,3084,3035,6119
222,3084,3035,6119
222,3084,3036,6120
222,3084,3036,6120
222,3085,3036,6121
222,3085,3036,6121
222,3086,3036,6122
222,3086,3036,6122
222,3086,3036,6122
222,3086,3036,6122
222,3086,3036,6122
222,3087,3036,6123
222,3086,3036,6122
222,3085,3036,6121
222,3085,3036,6121
222,3084,3036,6120
222,3083,3036,6119
222,3083,3036,6119
222,3083,3037,6120
222,3083,3036,6119
222,3083,3036,6119
222,3084,3036,6120
222,3084,3036,6120
222,3084,3036,6120
222,3085,3036,6121
222,3085,3036,6121
222,3086,3036,6122
222,3086,3036,6122
222,3086,3037,6123
222,3086,3037,6123
222,3086,3037,6123
222,3087,3037,6124
222,3087,3037,6124
222,3087,3038,6125
222,3087,3038,6125
222,3087,3037,6124
222,3087,3037,6124
222,3087,3037,6124
222,3088,3037,6125
222,3088,3037,6125
222,3089,3037,6126
222,3089,3037,6126
222,3090,3037,6127
222,3090,3037,6127
222,3090,3037,6127
222,3090,3038,6128
222,3090,3038,6128
222,3091,3038,6129
222,3091,3038,6129
222,3091,3039,6130
222,3091,3039,6130
222,3091,3039,6130
222,3092,3039,6131
222,3092,3038,6130
222,3092,3038,6130
222,3092,3039,6131
222,3092,3039,6131
222,3092,3039,6131
222,3092,3040,6132
222,3092,3040,6132
222,3092,3041,6133
222,3092,3041,6133
222,3091,3041,6132
222,3091,3041,6132
222,3092,3041,6133
222,3092,3041,6133
222,3093,3041,6134
222,3093,3041,6134
222,3093,3042,6135
222,3093,3041,6134
222,3093,3041,6134
222,3093,3040,6133
222,3093,3040,6133
222,3093,3041,6134
222,3093,3041,6134
222,3094,3041,6135
222,3093,3041,6134
222,3093,3041,6134
222,3093,3042,6135
222,3092,3042,6134
222,3092,3042,6134
222,3092,3043,6135
222,3092,3043,6135
222,3093,3043,6136
222,3093,3043,6136
222,3093,3043,6136
222,3093,3043,6136
222,3094,3043,6137
222,3094,3043,6137
222,3095,3043,6138
222,3095,3042,6137
222,3094,3042,6136
222,3094,3042,6136
222,3095,3042,6137
222,3095,3042,6137
222,3095,3042,6137
222,3096,3042,6138
222,3096,3042,6138
222,3096,3042,6138
222,3097,3042,6139
222,3097,3042,6139
222,3098,3042,6140
222,3098,3042,6140
222,3098,3043,6141
222,3098,3043,6141
222,3098,3044,6142
222,3097,3044,6141
222,3097,3044,6141
222,3097,3045,6142
222,3097,3045,6142
222,3097,3046,6143
222,3097,3046,6143
222,3097,3047,6144
222,3097,3047,6144
222,3098,3047,6145
222,3098,3047,6145
222,3098,3047,6145
222,3098,3048,6146
222,3098,3048,6146
222,3098,3049,6147
222,3098,3049,6147
222,3099,3049,6148
222,3099,3049,6148
222,3099,3050,6149
222,3099,3050,6149
222,3099,3051,6150
222,3099,3051,6150
222,3100,3051,6151
222,3100,3050,6150
222,3100,3050,6150
222,3100,3050,6150
222,3100,3051,6151
222,3100,3051,6151
222,3100,3052,6152
222,3100,3052,6152
222,3099,3052,6151
222,3099,3052,6151
222,3099,3053,6152
222,3099,3052,6151
222,3099,3051,6150
222,3099,3050,6149
222,3099,3049,6148
222,3099,3049,6148
222,3099,3049,6148
222,3099,3049,6148
222,3100,3049,6149
222,3100,3049,6149
222,3100,3050,6150
222,3100,3050,6150
222,3100,3050,6150
222,3100,3050,6150
222,3101,3050,6151
222,3101,3050,6151
222,3101,3049,6150
222,3101,3049,6150
222,3101,3049,6150
222,3102,3049,6151
222,3102,3049,6151
223,3103,3049,6152
223,3103,3049,6152
223,3103,3050,6153
223,3103,3050,6153
223,3104,3050,6154
223,3104,3050,6154
223,3104,3051,6155
223,3104,3051,6155
223,3105,3051,6156
223,3105,3051,6156
223,3106,3051,6157
223,3105,3051,6156
223,3105,3051,6156
223,3106,3051,6157
223,3106,3051,6157
223,3106,3052,6158
223,3105,3052,6157
223,3105,3051,6156
223,3105,3051,6156
223,3106,3051,6157
223,3106,3051,6157
223,3107,3051,6158
223,3107,3051,6158
223,3107,3052,6159
223,3107,3052,6159
223,3107,3052,6159
223,3106,3052,6158
223,3106,3052,6158
223,3106,3052,6158
223,3106,3053,6159
223,3106,3053,6159
223,3107,3053,6160
223,3107,3052,6159
223,3107,3052,6159
223,3107,3052,6159
223,3107,3052,6159
223,3108,3052,6160
223,3108,3052,6160
223,3108,3052,6160
223,3108,3053,6161
223,3108,3053,6161
223,3108,3053,6161
223,3108,3054,6162
223,3107,3054,6161
223,3107,3054,6161
223,3108,3054,6162
223,3108,3054,6162
223,3108,3054,6162
223,3108,3055,6163
223,3108,3055,6163
223,3108,3056,6164
223,3108,3056,6164
223,3108,3056,6164
223,3108,3057,6165
223,3108,3057,6165
223,3109,3057,6166
223,3109,3056,6165
223,3109,3056,6165
223,3109,3057,6166
223,3109,3057,6166
223,3109,3058,6167
223,3109,3058,6167
223,3110,3058,6168
223,3109,3058,6167
223,3109,3058,6167
223,3109,3058,6167
223,3109,3058,6167
223,3109,3058,6167
223,3109,3058,6167
223,3109,3059,6168
223,3109,3059,6168
223,3109,3060,6169
223,3109,3060,6169
223,3109,3061,6170
223,3109,3061,6170
223,3109,3062,6171
223,3108,3062,6170
223,3108,3062,6170
223,3108,3062,6170
223,3108,3063,6171
223,3108,3062,6170
223,3108,3062,6170
223,3108,3063,6171
223,3108,3062,6170
223,3108,3062,6170
223,3109,3062,6171
223,3109,3062,6171
223,3109,3062,6171
223,3109,3063,6172
223,3109,3062,6171
223,3109,3062,6171
223,3110,3062,6172
223,3110,3062,6172
223,3110,3063,6173
223,3110,3063,6173
223,3110,3063,6173
223,3110,3063,6173
223,3110,3063,6173
223,3110,3064,6174
223,3110,3064,6174
223,3110,3064,6174
223,3111,3064,6175
223,3111,3064,6175
223,3111,3064,6175
223,3111,3065,6176
223,3111,3064,6175
223,3111,3064,6175
223,3112,3064,6176
223,3112,3063,6175
223,3112,3063,6175
223,3112,3063,6175
223,3113,3063,6176
223,3113,3063,6176
223,3113,3064,6177
223,3112,3064,6176
223,3112,3064,6176
223,3112,3064,6176
223,3112,3065,6177
223,3112,3065,6177
223,3112,3066,6178
223,3112,3066,6178
223,3113,3066,6179
223,3113,3066,6179
223,3113,3067,6180
223,3113,3067,6180
223,3114,3067,6181
223,3114,3067,6181
223,3114,3067,6181
223,3114,3066,6180
223,3114,3066,6180
223,3114,3067,6181
223,3114,3067,6181
223,3115,3067,6182
223,3115,3067,6182
223,3115,3068,6183
223,3115,3068,6183
223,3114,3068,6182
223,3114,3068,6182
223,3114,3069,6183
223,3114,3069,6183
223,3115,3069,6184
223,3115,3069,6184
223,3115,3070,6185
223,3115,3070,6185
223,3115,3071,6186
223,3115,3071,6186
223,3115,3071,6186
223,3115,3071,6186
223,3116,3071,6187
223,3116,3070,6186
223,3116,3070,6186
223,3116,3071,6187
223,3116,3071,6187
223,3117,3071,6188
223,3117,3071,6188
223,3117,3071,6188
223,3117,3072,6189
223,3117,3072,6189
223,3117,3073,6190
223,3117,3073,6190
223,3117,3073,6190
223,3118,3073,6191
223,3118,3073,6191
223,3118,3074,6192
223,3118,3074,6192
223,3118,3075,6193
223,3118,3075,6193
223,3118,3076,6194
223,3118,3076,6194
223,3118,3077,6195
223,3118,3077,6195
223,3119,3077,6196
223,3119,3077,6196
223,3119,3077,6196
223,3119,3078,6197
223,3118,3078,6196
223,3118,3078,6196
223,3118,3079,6197
223,3118,3078,6196
223,3118,3077,6195
223,3118,3077,6195
223,3118,3077,6195
223,3118,3078,6196
223,3118,3078,6196
223,3119,3078,6197
223,3119,3078,6197
223,3120,3078,6198
223,3119,3078,6197
223,3119,3078,6197
223,3119,3079,6198
223,3119,3079,6198
223,3119,3080,6199
223,3119,3080,6199
223,3119,3081,6200
223,3118,3081,6199
223,3118,3081,6199
223,3118,3081,6199
223,3118,3081,6199
223,3119,3081,6200
223,3119,3081,6200
223,3120,3081,6201
223,3120,3080,6200
223,3120,3080,6200
223,3121,3080,6201
223,3120,3080,6200
223,3120,3080,6200
223,3120,3081,6201
223,3120,3081,6201
223,3120,3081,6201
223,3120,3081,6201
223,3120,3082,6202
223,3120,3082,6202
223,3121,3082,6203
223,3121,3082,6203
223,3121,3082,6203
223,3121,3083,6204
223,3121,3083,6204
223,3122,3083,6205
223,3121,3083,6204
223,3120,3083,6203
223,3120,3083,6203
223,3120,3084,6204
223,3120,3084,6204
223,3120,3084,6204
223,3120,3084,6204
223,3120,3085,6205
223,3120,3085,6205
223,3121,3085,6206
223,3121,3084,6205
223,3121,3084,6205
223,3121,3085,6206
223,3121,3085,6206
223,3122,3085,6207
223,3122,3085,6207
223,3123,3085,6208
223,3122,3085,6207
223,3122,3085,6207
223,3123,3085,6208
223,3123,3085,6208
223,3124,3085,6209
223,3124,3085,6209
223,3124,3085,6209
223,3125,3085,6210
223,3125,3085,6210
223,3126,3085,6211
223,3126,3085,6211
223,3126,3086,6212
223,3126,3086,6212
223,3126,3087,6213
223,3126,3087,6213
223,3126,3087,6213
223,3126,3087,6213
223,3125,3087,6212
223,3125,3087,6212
223,3125,3087,6212
223,3126,3087,6213
223,3126,3087,6213
223,3126,3088,6214
223,3126,3088,6214
223,3126,3089,6215
223,3126,3089,6215
223,3126,3089,6215
223,3127,3089,6216
223,3127,3089,6216
223,3127,3090,6217
223,3127,3090,6217
223,3127,3090,6217
223,3127,3091,6218
223,3127,3091,6218
223,3127,3091,6218
223,3127,3092,6219
223,3127,3092,6219
223,3128,3092,6220
223,3128,3092,6220
223,3129,3092,6221
223,3129,3091,6220
223,3129,3091,6220
223,3130,3091,6221
223,3130,3091,6221
223,3131,3091,6222
223,3131,3091,6222
223,3132,3091,6223
223,3132,3091,6223
223,3132,3091,6223
223,3133,3091,6224
223,3133,3091,6224
223,3134,3091,6225
223,3133,3091,6224
223,3133,3091,6224
223,3133,3092,6225
223,3133,3092,6225
223,3134,3092,6226
223,3133,3092,6225
223,3133,3092,6225
223,3134,3092,6226
223,3134,3092,6226
223,3133,3092,6225
223,3133,3092,6225
223,3133,3093,6226
223,3133,3093,6226
223,3133,3093,6226
223,3132,3093,6225
223,3132,3093,6225
223,3132,3094,6226
223,3132,3094,6226
223,3133,3094,6227
223,3133,3094,6227
223,3133,3093,6226
223,3132,3093,6225
223,3132,3093,6225
223,3132,3092,6224
223,3132,3092,6224
223,3132,3093,6225
223,3132,3092,6224
223,3132,3092,6224
223,3133,3092,6225
223,3133,3092,6225
223,3134,3092,6226
223,3134,3091,6225
223,3134,3091,6225
223,3135,3091,6226
223,3135,3091,6226
223,3135,3092,6227
223,3135,3092,6227
223,3135,3092,6227
223,3136,3092,6228
223,3135,3092,6227
223,3135,3092,6227
223,3135,3092,6227
223,3136,3092,6228
223,3136,3092,6228
223,3136,3092,6228
223,3136,3093,6229
223,3136,3093,6229
223,3136,3094,6230
223,3135,3094,6229
223,3135,3094,6229
223,3135,3095,6230
223,3135,3095,6230
223,3135,3096,6231
223,3135,3096,6231
223,3135,3096,6231
223,3135,3096,6231
223,3135,3097,6232
223,3135,3097,6232
223,3135,3097,6232
223,3135,3098,6233
223,3135,3098,6233
223,3136,3098,6234
223,3136,3098,6234
223,3136,3099,6235
223,3136,3098,6234
223,3136,3097,6233
223,3136,3097,6233
223,3135,3097,6232
223,3135,3097,6232
223,3136,3097,6233
223,3136,3097,6233
223,3136,3097,6233
223,3136,3097,6233
223,3137,3097,6234
223,3137,3097,6234
223,3138,3097,6235
223,3138,3096,6234
223,3137,3096,6233
223,3137,3096,6233
223,3138,3096,6234
223,3138,3096,6234
223,3139,3096,6235
223,3139,3096,6235
223,3140,3096,6236
223,3140,3096,6236
223,3139,3096,6235
223,3139,3096,6235
223,3139,3097,6236
223,3139,3097,6236
223,3140,3097,6237
223,3139,3097,6236
223,3139,3097,6236
223,3139,3098,6237
223,3139,3098,6237
223,3140,3098,6238
223,3140,3098,6238
223,3140,3099,6239
223,3140,3099,6239
223,3140,3100,6240
223,3140,3100,6240
223,3140,3100,6240
223,3140,3100,6240
223,3140,3100,6240
223,3141,3100,6241
223,3141,3100,6241
223,3142,3100,6242
223,3142,3100,6242
223,3142,3101,6243
223,3142,3101,6243
223,3142,3102,6244
223,3142,3102,6244
223,3142,3103,6245
223,3142,3103,6245
223,3143,3103,6246
223,3143,3103,6246
223,3143,3103,6246
223,3144,3103,6247
223,3144,3103,6247
223,3144,3103,6247
223,3144,3104,6248
223,3143,3104,6247
223,3143,3104,6247
223,3143,3105,6248
223,3143,3105,6248
223,3143,3106,6249
223,3143,3106,6249
223,3143,3106,6249
223,3143,3107,6250
223,3143,3107,6250
223,3143,3107,6250
223,3143,3107,6250
223,3144,3107,6251
223,3144,3107,6251
223,3145,3107,6252
223,3145,3107,6252
223,3145,3108,6253
223,3145,3108,6253
223,3146,3108,6254
223,3146,3108,6254
223,3146,3109,6255
223,3146,3108,6254
223,3146,3108,6254
223,3147,3108,6255
223,3147,3107,6254
223,3146,3107,6253
223,3146,3107,6253
223,3146,3108,6254
223,3146,3108,6254
223,3145,3108,6253
223,3145,3108,6253
223,3146,3108,6254
223,3146,3108,6254
223,3146,3109,6255
223,3146,3109,6255
223,3146,3110,6256
223,3146,3110,6256
223,3147,3110,6257
223,3147,3110,6257
223,3147,3111,6258
223,3147,3110,6257
223,3147,3110,6257
223,3147,3111,6258
223,3147,3110,6257
223,3147,3110,6257
223,3148,3110,6258
223,3148,3110,6258
223,3149,3110,6259
223,3149,3110,6259
223,3149,3110,6259
223,3149,3110,6259
223,3150,3110,6260
223,3150,3110,6260
223,3151,3110,6261
223,3151,3110,6261
223,3151,3109,6260
223,3151,3109,6260
223,3151,3109,6260
223,3151,3110,6261
223,3151,3110,6261
223,3152,3110,6262
223,3152,3110,6262
223,3152,3110,6262
223,3152,3110,6262
223,3152,3110,6262
223,3152,3111,6263
223,3152,3111,6263
223,3151,3111,6262
223,3151,3111,6262
223,3151,3112,6263
223,3151,3112,6263
223,3151,3113,6264
223,3151,3113,6264
223,3152,3113,6265
223,3152,3113,6265
223,3153,3113,6266
223,3153,3112,6265
223,3153,3112,6265
223,3153,3113,6266
223,3152,3113,6265
223,3152,3113,6265
223,3152,3113,6265
223,3152,3113,6265
223,3152,3113,6265
223,3152,3112,6264
223,3152,3112,6264
223,3152,3113,6265
223,3152,3113,6265
223,3153,3113,6266
223,3152,3113,6265
223,3151,3113,6264
223,3151,3113,6264
223,3151,3114,6265
223,3151,3114,6265
223,3151,3114,6265
223,3151,3114,6265
223,3151,3114,6265
223,3151,3114,6265
223,3151,3114,6265
223,3151,3114,6265
223,3151,3114,6265
223,3152,3114,6266
223,3152,3113,6265
223,3152,3113,6265
223,3152,3114,6266
223,3152,3114,6266
223,3153,3114,6267
223,3153,3114,6267
223,3154,3114,6268
223,3154,3114,6268
223,3155,3114,6269
223,3154,3114,6268
223,3153,3114,6267
223,3153,3114,6267
223,3154,3114,6268
223,3154,3114,6268
223,3153,3114,6267
223,3153,3114,6267
223,3153,3115,6268
223,3153,3115,6268
223,3154,3115,6269
223,3154,3115,6269
223,3155,3115,6270
223,3155,3115,6270
223,3155,3116,6271
223,3155,3116,6271
223,3155,3117,6272
223,3155,3117,6272
223,3156,3117,6273
223,3156,3117,6273
223,3156,3118,6274
223,3156,3118,6274
223,3156,3119,6275
223,3156,3119,6275
223,3156,3120,6276
223,3156,3120,6276
223,3155,3120,6275
223,3155,3120,6275
223,3156,3120,6276
223,3156,3120,6276
223,3156,3120,6276
223,3156,3119,6275
223,3155,3119,6274
223,3155,3119,6274
223,3155,3119,6274
223,3155,3120,6275
223,3155,3119,6274
223,3155,3118,6273
223,3155,3118,6273
223,3155,3119,6274
223,3155,3118,6273
223,3155,3118,6273
223,3155,3119,6274
223,3155,3118,6273
223,3155,3118,6273
223,3156,3118,6274
223,3156,3118,6274
223,3156,3118,6274
223,3156,3118,6274
223,3156,3119,6275
223,3156,3119,6275
223,3156,3120,6276
223,3156,3120,6276
223,3156,3121,6277
223,3156,3121,6277
223,3156,3120,6276
223,3156,3120,6276
223,3156,3121,6277
223,3156,3121,6277
223,3156,3122,6278
223,3156,3121,6277
223,3156,3121,6277
223,3156,3122,6278
223,3156,3122,6278
223,3156,3123,6279
223,3156,3123,6279
223,3157,3123,6280
223,3157,3123,6280
223,3157,3124,6281
223,3157,3124,6281
223,3157,3124,6281
223,3157,3124,6281
223,3157,3125,6282
223,3157,3125,6282
223,3158,3125,6283
223,3158,3125,6283
223,3159,3125,6284
223,3159,3124,6283
223,3159,3124,6283
223,3159,3124,6283
223,3160,3124,6284
223,3159,3124,6283
223,3159,3124,6283
223,3159,3125,6284
223,3159,3125,6284
223,3159,3126,6285
223,3158,3126,6284
223,3158,3126,6284
223,3158,3127,6285
223,3158,3127,6285
223,3158,3128,6286
223,3158,3128,6286
223,3158,3127,6285
223,3158,3127,6285
223,3158,3127,6285
223,3158,3126,6284
223,3158,3126,6284
223,3158,3127,6285
223,3158,3127,6285
223,3159,3127,6286
223,3159,3127,6286
223,3159,3126,6285
223,3159,3126,6285
223,3160,3126,6286
223,3160,3126,6286
223,3159,3126,6285
223,3159,3126,6285
223,3159,3126,6285
223,3159,3126,6285
223,3159,3126,6285
223,3159,3126,6285
223,3159,3126,6285
223,3159,3126,6285
223,3159,3127,6286
223,3159,3127,6286
223,3159,3128,6287
223,3159,3128,6287
223,3160,3128,6288
223,3159,3128,6287
223,3159,3128,6287
223,3159,3129,6288
223,3159,3129,6288
223,3159,3129,6288
223,3159,3130,6289
223,3158,3130,6288
223,3158,3130,6288
223,3159,3130,6289
223,3159,3130,6289
223,3160,3130,6290
223,3160,3130,6290
223,3161,3130,6291
223,3161,3130,6291
223,3162,3130,6292
223,3162,3130,6292
223,3163,3130,6293
223,3163,3130,6293
223,3163,3131,6294
223,3163,3131,6294
223,3163,3131,6294
223,3163,3131,6294
223,3163,3130,6293
223,3163,3129,6292
223,3163,3129,6292
223,3163,3129,6292
223,3163,3130,6293
223,3163,3130,6293
223,3164,3130,6294
223,3163,3130,6293
223,3163,3130,6293
223,3163,3131,6294
223,3163,3131,6294
223,3163,3132,6295
223,3163,3132,6295
223,3164,3132,6296
223,3164,3132,6296
223,3164,3132,6296
223,3164,3132,6296
223,3165,3132,6297
223,3165,3132,6297
223,3166,3132,6298
223,3165,3132,6297
223,3165,3132,6297
223,3165,3132,6297
223,3165,3132,6297
223,3165,3132,6297
223,3166,3132,6298
223,3166,3132,6298
223,3166,3133,6299
223,3166,3133,6299
223,3166,3134,6300
223,3166,3134,6300
223,3166,3134,6300
223,3167,3134,6301
223,3167,3134,6301
223,3168,3134,6302
223,3167,3134,6301
223,3167,3134,6301
223,3168,3134,6302
223,3168,3134,6302
223,3169,3134,6303
223,3169,3134,6303
223,3169,3135,6304
223,3169,3135,6304
223,3170,3135,6305
223,3170,3135,6305
223,3171,3135,6306
223,3170,3135,6305
223,3170,3135,6305
223,3171,3135,6306
223,3171,3135,6306
223,3171,3135,6306
223,3172,3135,6307
223,3172,3135,6307
223,3172,3135,6307
223,3172,3135,6307
223,3172,3136,6308
223,3171,3136,6307
223,3171,3136,6307
223,3172,3136,6308
223,3172,3136,6308
223,3172,3136,6308
223,3173,3136,6309
223,3173,3136,6309
223,3174,3136,6310
223,3174,3136,6310
223,3174,3137,6311
223,3174,3137,6311
223,3175,3137,6312
223,3175,3136,6311
223,3175,3136,6311
223,3176,3136,6312
223,3176,3136,6312
223,3177,3136,6313
223,3177,3136,6313
223,3177,3136,6313
223,3177,3136,6313
223,3176,3136,6312
223,3176,3136,6312
223,3176,3137,6313
223,3176,3137,6313
223,3176,3137,6313
223,3176,3137,6313
223,3176,3137,6313
223,3177,3137,6314
223,3177,3137,6314
223,3177,3138,6315
223,3176,3138,6314
223,3176,3138,6314
223,3177,3138,6315
223,3177,3138,6315
223,3177,3139,6316
223,3177,3139,6316
223,3177,3140,6317
223,3177,3139,6316
223,3177,3139,6316
223,3178,3139,6317
223,3178,3139,6317
223,3178,3140,6318
223,3178,3140,6318
223,3179,3140,6319
223,3179,3140,6319
223,3179,3140,6319
223,3180,3140,6320
223,3180,3139,6319
223,3179,3139,6318
223,3179,3139,6318
223,3180,3139,6319
223,3180,3139,6319
223,3181,3139,6320
223,3181,3139,6320
223,3181,3140,6321
223,3181,3140,6321
223,3181,3140,6321
224,3181,3141,6322
224,3181,3141,6322
224,3181,3141,6322
224,3181,3142,6323
224,3181,3142,6323
224,3181,3143,6324
224,3181,3143,6324
224,3181,3144,6325
224,3181,3144,6325
224,3181,3144,6325
224,3181,3144,6325
224,3181,3145,6326
224,3181,3145,6326
224,3182,3145,6327
224,3182,3145,6327
224,3182,3146,6328
224,3182,3146,6328
224,3182,3147,6329
224,3182,3147,6329
224,3182,3148,6330
224,3182,3148,6330
224,3182,3148,6330
224,3182,3149,6331
224,3182,3149,6331
224,3183,3149,6332
224,3183,3149,6332
224,3183,3149,6332
224,3183,3149,6332
224,3183,3150,6333
224,3183,3150,6333
224,3183,3151,6334
224,3183,3151,6334
224,3183,3151,6334
224,3183,3152,6335
224,3182,3152,6334
224,3182,3152,6334
224,3182,3152,6334
224,3183,3152,6335
224,3183,3152,6335
224,3183,3153,6336
224,3183,3153,6336
224,3184,3153,6337
224,3184,3153,6337
224,3184,3153,6337
224,3184,3154,6338
224,3184,3153,6337
224,3184,3153,6337
224,3184,3154,6338
224,3184,3154,6338
224,3184,3154,6338
224,3184,3154,6338
224,3184,3154,6338
224,3184,3154,6338
224,3184,3155,6339
224,3184,3155,6339
224,3185,3155,6340
224,3185,3155,6340
224,3186,3155,6341
224,3186,3155,6341
224,3186,3155,6341
224,3187,3155,6342
224,3187,3155,6342
224,3187,3156,6343
224,3187,3156,6343
224,3187,3156,6343
224,3187,3157,6344
224,3187,3157,6344
224,3187,3157,6344
224,3187,3158,6345
224,3187,3157,6344
224,3187,3157,6344
224,3187,3157,6344
224,3188,3157,6345
224,3188,3157,6345
224,3189,3157,6346
224,3189,3156,6345
224,3189,3156,6345
224,3189,3156,6345
224,3190,3156,6346
224,3190,3156,6346
224,3190,3157,6347
224,3190,3157,6347
224,3191,3157,6348
224,3191,3157,6348
224,3191,3158,6349
224,3191,3158,6349
224,3192,3158,6350
224,3192,3158,6350
224,3192,3158,6350
224,3193,3158,6351
224,3193,3158,6351
224,3193,3158,6351
224,3194,3158,6352
224,3194,3158,6352
224,3195,3158,6353
224,3195,3158,6353
224,3195,3158,6353
224,3196,3158,6354
224,3195,3158,6353
224,3195,3158,6353
224,3196,3158,6354
224,3196,3158,6354
224,3197,3158,6355
224,3197,3158,6355
224,3196,3158,6354
224,3196,3158,6354
224,3196,3158,6354
224,3197,3158,6355
224,3197,3158,6355
224,3198,3158,6356
224,3198,3158,6356
224,3199,3158,6357
224,3199,3158,6357
224,3200,3158,6358
224,3200,3158,6358
224,3200,3158,6358
224,3199,3158,6357
224,3199,3158,6357
224,3200,3158,6358
224,3200,3158,6358
224,3200,3159,6359
224,3200,3159,6359
224,3201,3159,6360
224,3201,3159,6360
224,3201,3159,6360
224,3201,3160,6361
224,3201,3160,6361
224,3201,3160,6361
224,3202,3160,6362
224,3202,3160,6362
224,3202,3160,6362
224,3202,3160,6362
224,3202,3161,6363
224,3202,3161,6363
224,3202,3161,6363
224,3203,3161,6364
224,3203,3161,6364
224,3203,3161,6364
224,3203,3161,6364
224,3203,3161,6364
224,3203,3161,6364
224,3203,3162,6365
224,3202,3162,6364
224,3202,3162,6364
224,3202,3163,6365
224,3202,3162,6364
224,3202,3162,6364
224,3203,3162,6365
224,3203,3162,6365
224,3204,3162,6366
224,3204,3162,6366
224,3204,3163,6367
224,3204,3163,6367
224,3204,3163,6367
224,3205,3163,6368
224,3205,3163,6368
224,3206,3163,6369
224,3206,3163,6369
224,3207,3163,6370
224,3207,3163,6370
224,3208,3163,6371
224,3208,3163,6371
224,3208,3164,6372
224,3208,3163,6371
224,3208,3163,6371
224,3208,3164,6372
224,3208,3164,6372
224,3208,3164,6372
224,3209,3164,6373
224,3209,3164,6373
224,3209,3164,6373
224,3209,3163,6372
224,3209,3163,6372
224,3210,3163,6373
224,3209,3163,6372
224,3209,3163,6372
224,3209,3163,6372
224,3208,3163,6371
224,3208,3163,6371
224,3208,3163,6371
224,3208,3163,6371
224,3209,3163,6372
224,3209,3163,6372
224,3209,3164,6373
224,3209,3164,6373
224,3209,3164,6373
224,3209,3164,6373
224,3209,3164,6373
224,3209,3165,6374
224,3209,3165,6374
224,3210,3165,6375
224,3210,3165,6375
224,3210,3166,6376
224,3210,3166,6376
224,3210,3166,6376
224,3211,3166,6377
224,3211,3166,6377
224,3211,3166,6377
224,3211,3167,6378
224,3211,3167,6378
224,3212,3167,6379
224,3212,3167,6379
224,3212,3168,6380
224,3212,3168,6380
224,3212,3169,6381
224,3212,3169,6381
224,3212,3169,6381
224,3212,3170,6382
224,3212,3170,6382
224,3212,3170,6382
224,3213,3170,6383
224,3213,3170,6383
224,3213,3170,6383
224,3214,3170,6384
224,3214,3170,6384
224,3214,3170,6384
224,3214,3171,6385
224,3214,3171,6385
224,3214,3170,6384
224,3214,3170,6384
224,3214,3170,6384
224,3214,3171,6385
224,3214,3170,6384
224,3214,3170,6384
224,3214,3170,6384
224,3215,3170,6385
224,3215,3170,6385
224,3215,3171,6386
224,3215,3171,6386
224,3215,3172,6387
224,3215,3172,6387
224,3216,3172,6388
224,3216,3172,6388
224,3217,3172,6389
224,3217,3172,6389
224,3217,3173,6390
224,3217,3173,6390
224,3218,3173,6391
224,3218,3172,6390
224,3217,3172,6389
224,3217,3172,6389
224,3217,3172,6389
224,3217,3173,6390
224,3217,3173,6390
224,3217,3174,6391
224,3217,3174,6391
224,3217,3175,6392
224,3217,3175,6392
224,3217,3176,6393
224,3217,3176,6393
224,3217,3177,6394
224,3217,3177,6394
224,3217,3176,6393
224,3217,3176,6393
224,3217,3176,6393
224,3218,3176,6394
224,3218,3176,6394
224,3219,3176,6395
224,3219,3176,6395
224,3219,3176,6395
224,3220,3176,6396
224,3220,3175,6395
224,3220,3175,6395
224,3221,3175,6396
224,3221,3175,6396
224,3221,3175,6396
224,3222,3175,6397
224,3222,3175,6397
224,3222,3176,6398
224,3222,3176,6398
224,3223,3176,6399
224,3223,3176,6399
224,3223,3176,6399
224,3223,3176,6399
224,3223,3177,6400
224,3223,3177,6400
224,3223,3177,6400
224,3223,3177,6400
224,3223,3177,6400
224,3224,3177,6401
224,3224,3177,6401
224,3224,3177,6401
224,3224,3177,6401
224,3223,3177,6400
224,3222,3177,6399
224,3222,3177,6399
224,3222,3176,6398
224,3222,3176,6398
224,3222,3177,6399
224,3221,3177,6398
224,3221,3177,6398
224,3221,3177,6398
224,3221,3178,6399
224,3221,3178,6399
224,3222,3178,6400
224,3222,3178,6400
224,3222,3178,6400
224,3222,3179,6401
224,3222,3179,6401
224,3222,3178,6400
224,3222,3178,6400
224,3223,3178,6401
224,3223,3178,6401
224,3223,3178,6401
224,3223,3179,6402
224,3223,3179,6402
224,3223,3179,6402
224,3224,3179,6403
224,3224,3179,6403
224,3225,3179,6404
224,3225,3179,6404
224,3225,3180,6405
224,3225,3180,6405
224,3225,3179,6404
224,3225,3179,6404
224,3225,3180,6405
224,3225,3180,6405
224,3226,3180,6406
224,3226,3180,6406
224,3226,3181,6407
224,3226,3181,6407
224,3226,3181,6407
224,3227,3181,6408
224,3227,3181,6408
224,3228,3181,6409
224,3228,3181,6409
224,3228,3181,6409
224,3228,3181,6409
224,3229,3181,6410
224,3229,3181,6410
224,3229,3181,6410
224,3230,3181,6411
224,3230,3181,6411
224,3231,3181,6412
224,3231,3181,6412
224,3231,3182,6413
224,3231,3182,6413
224,3231,3182,6413
224,3231,3183,6414
224,3231,3183,6414
224,3232,3183,6415
224,3232,3182,6414
224,3232,3182,6414
224,3232,3182,6414
224,3232,3183,6415
224,3232,3183,6415
224,3232,3184,6416
224,3232,3184,6416
224,3233,3184,6417
224,3233,3184,6417
224,3234,3184,6418
224,3234,3184,6418
224,3235,3184,6419
224,3234,3184,6418
224,3234,3184,6418
224,3234,3184,6418
224,3234,3184,6418
224,3233,3184,6417
224,3233,3184,6417
224,3233,3184,6417
224,3234,3184,6418
224,3234,3184,6418
224,3235,3184,6419
224,3235,3184,6419
224,3235,3185,6420
224,3234,3185,6419
224,3234,3185,6419
224,3235,3185,6420
224,3235,3185,6420
224,3235,3184,6419
224,3235,3184,6419
224,3235,3185,6420
224,3234,3185,6419
224,3234,3185,6419
224,3234,3185,6419
224,3234,3185,6419
224,3235,3185,6420
224,3235,3185,6420
224,3236,3185,6421
224,3236,3185,6421
224,3236,3186,6422
224,3236,3186,6422
224,3236,3186,6422
224,3237,3186,6423
224,3237,3186,6423
224,3238,3186,6424
224,3238,3186,6424
224,3238,3187,6425
224,3238,3187,6425
224,3238,3186,6424
224,3238,3186,6424
224,3238,3186,6424
224,3238,3186,6424
224,3238,3186,6424
224,3238,3187,6425
224,3238,3187,6425
224,3238,3187,6425
224,3238,3187,6425
224,3238,3188,6426
224,3238,3188,6426
224,3238,3188,6426
224,3239,3188,6427
224,3239,3188,6427
224,3239,3189,6428
224,3239,3189,6428
224,3240,3189,6429
224,3240,3189,6429
224,3240,3190,6430
224,3240,3190,6430
224,3240,3190,6430
224,3240,3190,6430
224,3240,3191,6431
224,3240,3190,6430
224,3240,3189,6429
224,3240,3189,6429
224,3240,3190,6430
224,3240,3190,6430
224,3240,3190,6430
224,3241,3190,6431
224,3241,3190,6431
224,3241,3190,6431
224,3241,3191,6432
224,3241,3191,6432
224,3241,3191,6432
224,3242,3191,6433
224,3242,3191,6433
224,3242,3192,6434
224,3242,3191,6433
224,3242,3191,6433
224,3242,3191,6433
224,3242,3192,6434
224,3242,3192,6434
224,3242,3193,6435
224,3242,3193,6435
224,3242,3194,6436
224,3242,3194,6436
224,3242,3194,6436
224,3242,3193,6435
224,3242,3193,6435
224,3242,3194,6436
224,3242,3194,6436
224,3242,3194,6436
224,3242,3194,6436
224,3242,3194,6436
224,3243,3194,6437
224,3243,3194,6437
224,3244,3194,6438
224,3244,3194,6438
224,3244,3194,6438
224,3244,3195,6439
224,3244,3195,6439
224,3244,3196,6440
224,3244,3196,6440
224,3245,3196,6441
224,3245,3196,6441
224,3246,3196,6442
224,3246,3196,6442
224,3247,3196,6443
224,3247,3196,6443
224,3247,3197,6444
224,3247,3197,6444
224,3247,3198,6445
224,3247,3197,6444
224,3247,3197,6444
224,3247,3197,6444
224,3247,3198,6445
224,3247,3198,6445
224,3247,3198,6445
224,3248,3198,6446
224,3248,3197,6445
224,3248,3197,6445
224,3248,3198,6446
224,3248,3198,6446
224,3248,3198,6446
224,3248,3199,6447
224,3248,3199,6447
224,3248,3200,6448
224,3248,3200,6448
224,3249,3200,6449
224,3248,3200,6448
224,3247,3200,6447
224,3247,3199,6446
224,3247,3199,6446
224,3247,3199,6446
224,3247,3199,6446
224,3247,3200,6447
224,3247,3200,6447
224,3247,3200,6447
224,3248,3200,6448
224,3248,3200,6448
224,3248,3200,6448
224,3248,3200,6448
224,3248,3199,6447
224,3248,3199,6447
224,3249,3199,6448
224,3249,3199,6448
224,3248,3199,6447
224,3248,3199,6447
224,3248,3200,6448
224,3248,3200,6448
224,3247,3200,6447
224,3247,3199,6446
224,3247,3199,6446
224,3247,3200,6447
224,3247,3200,6447
224,3248,3200,6448
224,3248,3199,6447
224,3248,3199,6447
224,3248,3200,6448
224,3248,3200,6448
224,3249,3200,6449
224,3248,3200,6448
224,3248,3200,6448
224,3248,3201,6449
224,3248,3201,6449
224,3249,3201,6450
224,3249,3201,6450
224,3249,3201,6450
224,3249,3202,6451
224,3249,3202,6451
224,3249,3203,6452
224,3248,3203,6451
224,3248,3203,6451
224,3248,3204,6452
224,3248,3204,6452
224,3248,3204,6452
224,3248,3203,6451
224,3248,3202,6450
224,3248,3202,6450
224,3249,3202,6451
224,3249,3202,6451
224,3249,3202,6451
224,3249,3202,6451
224,3249,3202,6451
224,3249,3203,6452
224,3249,3203,6452
224,3249,3203,6452
224,3250,3203,6453
224,3250,3203,6453
224,3250,3203,6453
224,3250,3203,6453
224,3250,3203,6453
224,3250,3204,6454
224,3250,3204,6454
224,3250,3204,6454
224,3251,3204,6455
224,3251,3204,6455
224,3251,3203,6454
224,3251,3203,6454
224,3251,3204,6455
224,3251,3204,6455
224,3251,3204,6455
224,3251,3204,6455
224,3251,3205,6456
224,3251,3205,6456
224,3251,3206,6457
224,3250,3206,6456
224,3250,3206,6456
224,3250,3207,6457
224,3250,3207,6457
224,3251,3207,6458
224,3251,3207,6458
224,3251,3208,6459
224,3251,3208,6459
224,3252,3208,6460
224,3252,3207,6459
224,3252,3207,6459
224,3252,3207,6459
224,3253,3207,6460
224,3252,3207,6459
224,3252,3207,6459
224,3253,3207,6460
224,3253,3207,6460
224,3253,3208,6461
224,3253,3208,6461
224,3254,3208,6462
224,3254,3208,6462
224,3254,3209,6463
224,3254,3209,6463
224,3254,3209,6463
224,3255,3209,6464
224,3254,3209,6463
224,3254,3209,6463
224,3255,3209,6464
224,3255,3209,6464
224,3255,3209,6464
224,3255,3209,6464
224,3256,3209,6465
224,3255,3209,6464
224,3255,3209,6464
224,3254,3209,6463
224,3254,3209,6463
224,3254,3210,6464
224,3254,3210,6464
224,3254,3211,6465
224,3254,3211,6465
224,3253,3211,6464
224,3253,3211,6464
224,3253,3211,6464
224,3253,3212,6465
224,3253,3212,6465
224,3254,3212,6466
224,3254,3212,6466
224,3255,3212,6467
224,3255,3212,6467
224,3255,3212,6467
224,3255,3213,6468
224,3255,3213,6468
224,3256,3213,6469
224,3256,3213,6469
224,3257,3213,6470
224,3257,3213,6470
224,3258,3213,6471
224,3258,3213,6471
224,3258,3213,6471
224,3259,3213,6472
224,3259,3213,6472
224,3259,3212,6471
224,3259,3212,6471
224,3258,3212,6470
224,3258,3212,6470
224,3258,3213,6471
224,3258,3213,6471
224,3258,3213,6471
224,3258,3214,6472
224,3258,3214,6472
224,3258,3215,6473
224,3258,3215,6473
224,3258,3216,6474
224,3258,3216,6474
224,3259,3216,6475
224,3259,3216,6475
224,3259,3217,6476
224,3259,3217,6476
224,3259,3218,6477
224,3259,3218,6477
224,3259,3218,6477
224,3260,3218,6478
224,3260,3218,6478
224,3260,3219,6479
224,3260,3219,6479
224,3261,3219,6480
224,3261,3219,6480
224,3262,3219,6481
224,3262,3219,6481
224,3262,3219,6481
224,3263,3219,6482
224,3263,3219,6482
224,3262,3219,6481
224,3262,3219,6481
224,3263,3219,6482
224,3262,3219,6481
224,3262,3219,6481
224,3261,3219,6480
224,3261,3219,6480
224,3261,3219,6480
224,3260,3219,6479
224,3259,3219,6478
224,3259,3219,6478
224,3260,3219,6479
224,3260,3218,6478
224,3259,3218,6477
224,3259,3218,6477
224,3259,3218,6477
224,3259,3219,6478
224,3259,3219,6478
224,3260,3219,6479
224,3260,3219,6479
224,3261,3219,6480
224,3261,3219,6480
224,3262,3219,6481
224,3262,3219,6481
224,3262,3220,6482
224,3262,3220,6482
224,3262,3220,6482
224,3262,3220,6482
224,3262,3220,6482
224,3262,3221,6483
224,3262,3221,6483
224,3261,3221,6482
224,3261,3221,6482
224,3261,3222,6483
224,3261,3222,6483
224,3261,3223,6484
224,3261,3223,6484
224,3262,3223,6485
224,3262,3223,6485
224,3263,3223,6486
224,3263,3223,6486
224,3264,3223,6487
224,3264,3223,6487
224,3264,3222,6486
224,3264,3222,6486
224,3264,3222,6486
224,3264,3222,6486
224,3264,3222,6486
224,3264,3223,6487
224,3264,3223,6487
224,3264,3223,6487
224,3264,3224,6488
224,3264,3224,6488
224,3264,3224,6488
224,3264,3225,6489
224,3264,3225,6489
224,3264,3226,6490
224,3264,3226,6490
224,3264,3226,6490
224,3264,3227,6491
224,3264,3227,6491
224,3264,3227,6491
224,3264,3227,6491
224,3265,3227,6492
224,3265,3227,6492
224,3265,3227,6492
224,3265,3227,6492
224,3265,3228,6493
224,3265,3228,6493
224,3265,3229,6494
224,3265,3229,6494
224,3265,3229,6494
224,3265,3229,6494
224,3266,3229,6495
224,3265,3229,6494
224,3265,3229,6494
224,3265,3229,6494
224,3265,3229,6494
224,3265,3229,6494
224,3266,3229,6495
224,3266,3229,6495
224,3266,3229,6495
224,3266,3229,6495
224,3266,3230,6496
224,3266,3230,6496
224,3266,3230,6496
224,3267,3230,6497
224,3267,3230,6497
224,3268,3230,6498
224,3268,3230,6498
224,3268,3230,6498
224,3268,3231,6499
224,3268,3231,6499
224,3268,3232,6500
224,3268,3232,6500
224,3267,3232,6499
224,3267,3232,6499
224,3267,3232,6499
224,3267,3233,6500
224,3267,3233,6500
224,3267,3233,6500
224,3267,3234,6501
224,3267,3234,6501
224,3268,3234,6502
224,3268,3234,6502
224,3268,3235,6503
224,3268,3235,6503
224,3269,3235,6504
224,3269,3235,6504
224,3269,3235,6504
224,3270,3235,6505
224,3270,3234,6504
224,3270,3234,6504
224,3270,3234,6504
224,3269,3234,6503
224,3269,3234,6503
224,3269,3235,6504
224,3268,3235,6503
224,3268,3235,6503
224,3268,3236,6504
224,3268,3235,6503
224,3268,3235,6503
224,3269,3235,6504
224,3269,3235,6504
224,3269,3236,6505
224,3269,3236,6505
224,3269,3236,6505
224,3270,3236,6506
224,3270,3236,6506
224,3270,3237,6507
224,3270,3236,6506
224,3270,3236,6506
224,3271,3236,6507
224,3271,3236,6507
224,3271,3235,6506
224,3271,3235,6506
224,3271,3236,6507
224,3270,3236,6506
224,3270,3236,6506
224,3270,3236,6506
224,3271,3236,6507
224,3271,3236,6507
224,3272,3236,6508
224,3272,3235,6507
224,3271,3235,6506
224,3271,3235,6506
224,3271,3236,6507
224,3271,3236,6507
224,3271,3237,6508
224,3271,3237,6508
225,3270,3237,6507
225,3270,3237,6507
225,3271,3237,6508
225,3271,3236,6507
225,3271,3236,6507
225,3272,3236,6508
225,3272,3236,6508
225,3272,3236,6508
225,3272,3237,6509
225,3272,3237,6509
225,3271,3237,6508
225,3271,3237,6508
225,3271,3238,6509
225,3271,3238,6509
225,3272,3238,6510
225,3272,3238,6510
225,3272,3238,6510
225,3273,3238,6511
225,3273,3238,6511
225,3273,3238,6511
225,3274,3238,6512
225,3274,3237,6511
225,3273,3237,6510
225,3273,3237,6510
225,3273,3237,6510
225,3274,3237,6511
225,3274,3237,6511
225,3274,3238,6512
225,3273,3238,6511
225,3273,3238,6511
225,3273,3239,6512
225,3273,3239,6512
225,3274,3239,6513
225,3274,3239,6513
225,3274,3240,6514
225,3274,3240,6514
225,3275,3240,6515
225,3275,3239,6514
225,3274,3239,6513
225,3274,3238,6512
225,3274,3238,6512
225,3274,3238,6512
225,3274,3238,6512
225,3274,3238,6512
225,3275,3238,6513
225,3275,3238,6513
225,3275,3239,6514
225,3275,3239,6514
225,3276,3239,6515
225,3275,3239,6514
225,3275,3239,6514
225,3276,3239,6515
225,3276,3239,6515
225,3276,3240,6516
225,3275,3240,6515
225,3275,3240,6515
225,3275,3241,6516
225,3275,3240,6515
225,3275,3239,6514
225,3275,3239,6514
225,3275,3239,6514
225,3275,3240,6515
225,3275,3240,6515
225,3275,3240,6515
225,3276,3240,6516
225,3276,3240,6516
225,3277,3240,6517
225,3277,3240,6517
225,3278,3240,6518
225,3278,3240,6518
225,3279,3240,6519
225,3279,3240,6519
225,3279,3240,6519
225,3279,3240,6519
225,3279,3241,6520
225,3279,3241,6520
225,3279,3241,6520
225,3280,3241,6521
225,3280,3241,6521
225,3281,3241,6522
225,3281,3241,6522
225,3282,3241,6523
225,3282,3241,6523
225,3282,3241,6523
225,3282,3242,6524
225,3282,3242,6524
225,3282,3242,6524
225,3282,3242,6524
225,3282,3243,6525
225,3282,3243,6525
225,3282,3244,6526
225,3281,3244,6525
225,3281,3244,6525
225,3281,3244,6525
225,3282,3244,6526
225,3282,3243,6525
225,3282,3243,6525
225,3282,3243,6525
225,3283,3243,6526
225,3283,3243,6526
225,3284,3243,6527
225,3284,3243,6527
225,3285,3243,6528
225,3285,3243,6528
225,3285,3244,6529
225,3285,3244,6529
225,3285,3244,6529
225,3285,3245,6530
225,3285,3245,6530
225,3286,3245,6531
225,3286,3245,6531
225,3286,3245,6531
225,3287,3245,6532
225,3287,3245,6532
225,3286,3245,6531
225,3286,3245,6531
225,3287,3245,6532
225,3287,3245,6532
225,3287,3245,6532
225,3288,3245,6533
225,3287,3245,6532
225,3287,3245,6532
225,3288,3245,6533
225,3288,3245,6533
225,3288,3245,6533
225,3289,3245,6534
225,3289,3245,6534
225,3290,3245,6535
225,3289,3245,6534
225,3289,3245,6534
225,3289,3246,6535
225,3289,3246,6535
225,3289,3246,6535
225,3290,3246,6536
225,3290,3246,6536
225,3290,3246,6536
225,3290,3246,6536
225,3290,3246,6536
225,3289,3246,6535
225,3288,3246,6534
225,3288,3245,6533
225,3288,3245,6533
225,3288,3245,6533
225,3288,3245,6533
225,3288,3246,6534
225,3287,3246,6533
225,3287,3246,6533
225,3287,3245,6532
225,3287,3245,6532
225,3288,3245,6533
225,3288,3245,6533
225,3289,3245,6534
225,3289,3245,6534
225,3289,3246,6535
225,3289,3246,6535
225,3289,3246,6535
225,3289,3247,6536
225,3289,3247,6536
225,3288,3247,6535
225,3288,3246,6534
225,3288,3246,6534
225,3288,3246,6534
225,3289,3246,6535
225,3289,3245,6534
225,3289,3245,6534
225,3290,3245,6535
225,3290,3245,6535
225,3290,3245,6535
225,3291,3245,6536
225,3291,3245,6536
225,3291,3245,6536
225,3291,3245,6536
225,3291,3246,6537
225,3291,3246,6537
225,3292,3246,6538
225,3292,3246,6538
225,3292,3246,6538
225,3292,3247,6539
225,3292,3247,6539
225,3293,3247,6540
225,3292,3247,6539
225,3292,3247,6539
225,3292,3247,6539
225,3293,3247,6540
225,3293,3247,6540
225,3294,3247,6541
225,3294,3247,6541
225,3295,3247,6542
225,3295,3247,6542
225,3295,3248,6543
225,3295,3248,6543
225,3295,3249,6544
225,3295,3249,6544
225,3295,3249,6544
225,3295,3249,6544
225,3296,3249,6545
225,3296,3249,6545
225,3296,3250,6546
225,3296,3250,6546
225,3295,3250,6545
225,3295,3250,6545
225,3295,3250,6545
225,3295,3250,6545
225,3296,3250,6546
225,3296,3250,6546
225,3296,3251,6547
225,3296,3251,6547
225,3296,3251,6547
225,3296,3252,6548
225,3296,3252,6548
225,3296,3252,6548
225,3296,3251,6547
225,3296,3251,6547
225,3296,3251,6547
225,3297,3251,6548
225,3297,3251,6548
225,3297,3251,6548
225,3298,3251,6549
225,3298,3250,6548
225,3298,3250,6548
225,3299,3250,6549
225,3299,3250,6549
225,3298,3250,6548
225,3298,3250,6548
225,3299,3250,6549
225,3298,3250,6548
225,3298,3250,6548
225,3298,3251,6549
225,3298,3251,6549
225,3299,3251,6550
225,3299,3251,6550
225,3299,3252,6551
225,3299,3252,6551
225,3299,3253,6552
225,3298,3253,6551
225,3298,3253,6551
225,3298,3254,6552
225,3298,3254,6552
225,3298,3255,6553
225,3298,3254,6552
225,3298,3254,6552
225,3299,3254,6553
225,3299,3254,6553
225,3299,3255,6554
225,3299,3254,6553
225,3299,3254,6553
225,3299,3254,6553
225,3299,3254,6553
225,3300,3254,6554
225,3300,3254,6554
225,3301,3254,6555
225,3301,3254,6555
225,3302,3254,6556
225,3302,3253,6555
225,3302,3253,6555
225,3303,3253,6556
225,3303,3253,6556
225,3303,3253,6556
225,3303,3253,6556
225,3303,3253,6556
225,3303,3253,6556
225,3304,3253,6557
225,3304,3253,6557
225,3304,3253,6557
225,3305,3253,6558
225,3305,3253,6558
225,3305,3254,6559
225,3305,3254,6559
225,3306,3254,6560
225,3306,3254,6560
225,3307,3254,6561
225,3307,3254,6561
225,3308,3254,6562
225,3308,3254,6562
225,3308,3255,6563
225,3308,3255,6563
225,3309,3255,6564
225,3309,3255,6564
225,3309,3256,6565
225,3309,3256,6565
225,3309,3257,6566
225,3309,3257,6566
225,3309,3258,6567
225,3309,3258,6567
225,3309,3258,6567
225,3310,3258,6568
225,3309,3258,6567
225,3308,3258,6566
225,3308,3258,6566
225,3309,3258,6567
225,3309,3258,6567
225,3309,3258,6567
225,3309,3258,6567
225,3310,3258,6568
225,3310,3258,6568
225,3311,3258,6569
225,3311,3258,6569
225,3311,3258,6569
225,3311,3257,6568
225,3311,3257,6568
225,3311,3258,6569
225,3311,3258,6569
225,3312,3258,6570
225,3312,3258,6570
225,3313,3258,6571
225,3313,3258,6571
225,3314,3258,6572
225,3314,3258,6572
225,3315,3258,6573
225,3315,3258,6573
225,3314,3258,6572
225,3314,3258,6572
225,3314,3258,6572
225,3314,3258,6572
225,3315,3258,6573
225,3315,3258,6573
225,3315,3259,6574
225,3315,3259,6574
225,3316,3259,6575
225,3316,3259,6575
225,3316,3259,6575
225,3315,3259,6574
225,3314,3259,6573
225,3314,3259,6573
225,3315,3259,6574
225,3315,3259,6574
225,3316,3259,6575
225,3316,3259,6575
225,3316,3259,6575
225,3316,3258,6574
225,3316,3258,6574
225,3316,3258,6574
225,3317,3258,6575
225,3317,3258,6575
225,3317,3259,6576
225,3317,3259,6576
225,3317,3259,6576
225,3318,3259,6577
225,3318,3259,6577
225,3318,3260,6578
225,3318,3260,6578
225,3318,3261,6579
225,3318,3261,6579
225,3318,3262,6580
225,3318,3262,6580
225,3318,3262,6580
225,3318,3263,6581
225,3317,3263,6580
225,3317,3263,6580
225,3317,3263,6580
225,3317,3263,6580
225,3317,3263,6580
225,3318,3263,6581
225,3318,3263,6581
225,3318,3263,6581
225,3318,3263,6581
225,3318,3264,6582
225,3318,3263,6581
225,3318,3263,6581
225,3318,3264,6582
225,3318,3264,6582
225,3318,3263,6581
225,3318,3262,6580
225,3318,3262,6580
225,3317,3262,6579
225,3317,3261,6578
225,3317,3261,6578
225,3318,3261,6579
225,3318,3261,6579
225,3318,3261,6579
225,3319,3261,6580
225,3319,3260,6579
225,3319,3260,6579
225,3320,3260,6580
225,3319,3260,6579
225,3319,3260,6579
225,3318,3260,6578
225,3318,3260,6578
225,3318,3261,6579
225,3318,3261,6579
225,3318,3261,6579
225,3318,3261,6579
225,3319,3261,6580
225,3319,3261,6580
225,3320,3261,6581
225,3319,3261,6580
225,3318,3261,6579
225,3318,3261,6579
225,3319,3261,6580
225,3319,3261,6580
225,3319,3261,6580
225,3319,3262,6581
225,3319,3262,6581
225,3319,3262,6581
225,3319,3262,6581
225,3319,3263,6582
225,3319,3263,6582
225,3319,3263,6582
225,3319,3264,6583
225,3319,3264,6583
225,3320,3264,6584
225,3320,3264,6584
225,3320,3264,6584
225,3321,3264,6585
225,3321,3264,6585
225,3321,3265,6586
225,3321,3265,6586
225,3320,3265,6585
225,3320,3265,6585
225,3320,3266,6586
225,3320,3266,6586
225,3320,3267,6587
225,3320,3267,6587
225,3320,3268,6588
225,3320,3268,6588
225,3321,3268,6589
225,3321,3267,6588
225,3321,3267,6588
225,3322,3267,6589
225,3322,3267,6589
225,3323,3267,6590
225,3323,3267,6590
225,3323,3268,6591
225,3323,3268,6591
225,3322,3268,6590
225,3322,3268,6590
225,3322,3269,6591
225,3322,3269,6591
225,3323,3269,6592
225,3323,3268,6591
225,3323,3268,6591
225,3324,3268,6592
225,3323,3268,6591
225,3323,3268,6591
225,3323,3268,6591
225,3324,3268,6592
225,3324,3268,6592
225,3324,3268,6592
225,3325,3268,6593
225,3325,3268,6593
225,3324,3268,6592
225,3324,3268,6592
225,3324,3269,6593
225,3324,3269,6593
225,3324,3270,6594
225,3324,3270,6594
225,3324,3270,6594
225,3324,3271,6595
225,3324,3271,6595
225,3324,3271,6595
225,3324,3271,6595
225,3325,3271,6596
225,3325,3271,6596
225,3325,3272,6597
225,3325,3272,6597
225,3325,3273,6598
225,3325,3273,6598
225,3325,3273,6598
225,3324,3273,6597
225,3324,3273,6597
225,3324,3273,6597
225,3324,3273,6597
225,3324,3273,6597
225,3324,3274,6598
225,3324,3274,6598
225,3325,3274,6599
225,3325,3274,6599
225,3325,3274,6599
225,3325,3273,6598
225,3325,3273,6598
225,3325,3273,6598
225,3324,3273,6597
225,3324,3273,6597
225,3324,3274,6598
225,3324,3274,6598
225,3325,3274,6599
225,3325,3273,6598
225,3325,3273,6598
225,3325,3274,6599
225,3324,3274,6598
225,3324,3274,6598
225,3324,3273,6597
225,3324,3273,6597
225,3324,3272,6596
225,3324,3271,6595
225,3324,3271,6595
225,3324,3272,6596
225,3324,3272,6596
225,3325,3272,6597
225,3325,3272,6597
225,3325,3273,6598
225,3325,3273,6598
225,3325,3274,6599
225,3325,3274,6599
225,3325,3275,6600
225,3324,3275,6599
225,3324,3275,6599
225,3324,3276,6600
225,3324,3276,6600
225,3324,3276,6600
225,3324,3276,6600
225,3324,3276,6600
225,3325,3276,6601
225,3325,3276,6601
225,3325,3277,6602
225,3325,3277,6602
225,3325,3276,6601
225,3325,3276,6601
225,3325,3276,6601
225,3326,3276,6602
225,3326,3276,6602
225,3326,3276,6602
225,3326,3275,6601
225,3326,3275,6601
225,3327,3275,6602
225,3327,3275,6602
225,3327,3276,6603
225,3326,3276,6602
225,3326,3275,6601
225,3326,3275,6601
225,3327,3275,6602
225,3327,3275,6602
225,3327,3275,6602
225,3327,3275,6602
225,3327,3275,6602
225,3327,3275,6602
225,3327,3275,6602
225,3328,3275,6603
225,3327,3275,6602
225,3327,3275,6602
225,3326,3275,6601
225,3325,3275,6600
225,3325,3275,6600
225,3325,3276,6601
225,3325,3276,6601
225,3324,3276,6600
225,3324,3276,6600
225,3324,3275,6599
225,3324,3274,6598
225,3324,3274,6598
225,3325,3274,6599
225,3325,3273,6598
225,3325,3273,6598
225,3325,3274,6599
225,3325,3274,6599
225,3326,3274,6600
225,3326,3274,6600
225,3327,3274,6601
225,3327,3274,6601
225,3326,3274,6600
225,3325,3274,6599
225,3325,3274,6599
225,3325,3274,6599
225,3326,3274,6600
225,3326,3274,6600
225,3326,3274,6600
225,3326,3274,6600
225,3327,3274,6601
225,3327,3274,6601
225,3327,3274,6601
225,3328,3274,6602
225,3328,3274,6602
225,3328,3275,6603
225,3328,3275,6603
225,3328,3276,6604
225,3328,3276,6604
225,3329,3276,6605
225,3329,3276,6605
225,3329,3277,6606
225,3329,3277,6606
225,3330,3277,6607
225,3330,3277,6607
225,3330,3277,6607
225,3330,3278,6608
225,3330,3278,6608
225,3330,3279,6609
225,3330,3279,6609
225,3330,3279,6609
225,3330,3280,6610
225,3330,3280,6610
225,3330,3281,6611
225,3330,3281,6611
225,3330,3282,6612
225,3330,3282,6612
225,3330,3282,6612
225,3330,3283,6613
225,3329,3283,6612
225,3329,3282,6611
225,3329,3282,6611
225,3329,3282,6611
225,3329,3282,6611
225,3329,3283,6612
225,3329,3282,6611
225,3329,3281,6610
225,3329,3281,6610
225,3329,3281,6610
225,3330,3281,6611
225,3330,3281,6611
225,3331,3281,6612
225,3331,3281,6612
225,3331,3282,6613
225,3331,3282,6613
225,3332,3282,6614
225,3332,3282,6614
225,3332,3283,6615
225,3332,3282,6614
225,3332,3281,6613
225,3332,3281,6613
225,3332,3282,6614
225,3331,3282,6613
225,3331,3282,6613
225,3332,3282,6614
225,3332,3282,6614
225,3333,3282,6615
225,3333,3282,6615
225,3333,3283,6616
225,3333,3283,6616
225,3333,3283,6616
225,3333,3284,6617
225,3333,3284,6617
225,3333,3285,6618
225,3333,3285,6618
225,3333,3285,6618
225,3333,3285,6618
225,3334,3285,6619
225,3334,3285,6619
225,3334,3286,6620
225,3334,3286,6620
225,3335,3286,6621
225,3335,3286,6621
225,3335,3286,6621
225,3336,3286,6622
225,3336,3286,6622
225,3337,3286,6623
225,3337,3286,6623
225,3337,3286,6623
225,3338,3286,6624
225,3338,3286,6624
225,3338,3286,6624
225,3338,3287,6625
225,3338,3287,6625
225,3338,3287,6625
225,3338,3288,6626
225,3338,3288,6626
225,3338,3289,6627
225,3338,3289,6627
225,3338,3289,6627
225,3338,3290,6628
225,3338,3290,6628
225,3338,3291,6629
225,3338,3291,6629
225,3338,3292,6630
225,3338,3292,6630
225,3338,3293,6631
225,3338,3293,6631
225,3338,3293,6631
225,3338,3293,6631
225,3338,3293,6631
225,3339,3293,6632
225,3339,3293,6632
225,3340,3293,6633
225,3340,3292,6632
225,3340,3292,6632
225,3340,3293,6633
225,3340,3293,6633
225,3341,3293,6634
225,3341,3293,6634
225,3342,3293,6635
225,3342,3293,6635
225,3342,3294,6636
225,3342,3294,6636
225,3343,3294,6637
225,3343,3294,6637
225,3343,3294,6637
225,3343,3295,6638
225,3343,3295,6638
225,3343,3296,6639
225,3343,3296,6639
225,3343,3296,6639
225,3344,3296,6640
225,3344,3296,6640
225,3344,3296,6640
225,3344,3296,6640
225,3345,3296,6641
225,3344,3296,6640
225,3344,3296,6640
225,3345,3296,6641
225,3345,3296,6641
225,3346,3296,6642
225,3346,3296,6642
225,3347,3296,6643
225,3346,3296,6642
225,3346,3296,6642
225,3347,3296,6643
225,3347,3296,6643
225,3347,3297,6644
225,3346,3297,6643
225,3346,3297,6643
225,3346,3298,6644
225,3346,3298,6644
225,3346,3299,6645
225,3346,3298,6644
225,3346,3298,6644
225,3347,3298,6645
225,3347,3297,6644
225,3347,3297,6644
225,3347,3297,6644
225,3347,3298,6645
225,3347,3298,6645
225,3347,3298,6645
225,3348,3298,6646
225,3348,3298,6646
225,3349,3298,6647
225,3349,3298,6647
225,3350,3298,6648
225,3350,3298,6648
225,3349,3298,6647
225,3349,3298,6647
225,3350,3298,6648
225,3350,3298,6648
225,3350,3299,6649
225,3350,3299,6649
225,3349,3299,6648
225,3349,3299,6648
225,3349,3300,6649
225,3349,3300,6649
225,3349,3300,6649
225,3350,3300,6650
225,3350,3300,6650
225,3350,3300,6650
225,3350,3300,6650
225,3350,3301,6651
225,3350,3301,6651
225,3350,3301,6651
225,3350,3302,6652
225,3350,3302,6652
225,3351,3302,6653
225,3351,3302,6653
225,3351,3302,6653
225,3351,3303,6654
225,3351,3303,6654
225,3351,3304,6655
225,3351,3304,6655
225,3351,3305,6656
225,3351,3304,6655
225,3351,3304,6655
225,3352,3304,6656
225,3352,3304,6656
225,3352,3305,6657
225,3352,3305,6657
225,3352,3304,6656
225,3352,3304,6656
225,3353,3304,6657
225,3353,3304,6657
225,3354,3304,6658
225,3354,3304,6658
225,3355,3304,6659
225,3355,3304,6659
225,3355,3305,6660
225,3355,3305,6660
225,3356,3305,6661
225,3356,3305,6661
225,3356,3306,6662
225,3356,3306,6662
225,3356,3307,6663
225,3356,3306,6662
225,3356,3306,6662
225,3356,3306,6662
225,3356,3306,6662
225,3356,3307,6663
225,3356,3307,6663
225,3356,3307,6663
225,3356,3307,6663
225,3356,3307,6663
225,3356,3308,6664
225,3356,3308,6664
225,3356,3309,6665
225,3356,3309,6665
225,3356,3309,6665
225,3357,3309,6666
225,3357,3309,6666
225,3357,3309,6666
225,3358,3309,6667
225,3358,3309,6667
225,3359,3309,6668
225,3359,3309,6668
225,3359,3309,6668
225,3360,3309,6669
225,3360,3309,6669
225,3360,3310,6670
225,3360,3310,6670
225,3360,3309,6669
225,3360,3309,6669
225,3360,3309,6669
225,3360,3309,6669
225,3360,3310,6670
225,3360,3310,6670
225,3361,3310,6671
225,3361,3310,6671
225,3362,3310,6672
225,3362,3309,6671
225,3362,3309,6671
225,3362,3309,6671
225,3363,3309,6672
225,3363,3309,6672
226,3364,3309,6673
226,3363,3309,6672
226,3362,3309,6671
226,3362,3309,6671
226,3363,3309,6672
226,3363,3309,6672
226,3364,3309,6673
226,3364,3309,6673
226,3365,3309,6674
226,3364,3309,6673
226,3364,3309,6673
226,3365,3309,6674
226,3364,3309,6673
226,3364,3309,6673
226,3365,3309,6674
226,3365,3309,6674
226,3365,3309,6674
226,3366,3309,6675
226,3366,3309,6675
226,3367,3309,6676
226,3367,3309,6676
226,3368,3309,6677
226,3368,3309,6677
226,3368,3310,6678
226,3368,3310,6678
226,3368,3310,6678
226,3368,3310,6678
226,3368,3311,6679
226,3368,3311,6679
226,3368,3311,6679
226,3368,3312,6680
226,3368,3312,6680
226,3367,3312,6679
226,3367,3312,6679
226,3368,3312,6680
226,3368,3312,6680
226,3368,3312,6680
226,3369,3312,6681
226,3369,3311,6680
226,3369,3311,6680
226,3369,3312,6681
226,3369,3312,6681
226,3368,3312,6680
226,3368,3312,6680
226,3368,3312,6680
226,3368,3313,6681
226,3368,3313,6681
226,3368,3314,6682
226,3368,3314,6682
226,3368,3313,6681
226,3368,3312,6680
226,3368,3311,6679
226,3368,3311,6679
226,3368,3311,6679
226,3368,3311,6679
226,3368,3312,6680
226,3368,3312,6680
226,3369,3312,6681
226,3369,3312,6681
226,3370,3312,6682
226,3370,3312,6682
226,3370,3312,6682
226,3371,3312,6683
226,3371,3312,6683
226,3371,3313,6684
226,3371,3313,6684
226,3372,3313,6685
226,3372,3313,6685
226,3373,3313,6686
226,3373,3313,6686
226,3373,3313,6686
226,3373,3314,6687
226,3373,3314,6687
226,3373,3315,6688
226,3373,3315,6688
226,3373,3315,6688
226,3373,3316,6689
226,3373,3316,6689
226,3372,3316,6688
226,3372,3316,6688
226,3372,3316,6688
226,3372,3317,6689
226,3372,3317,6689
226,3373,3317,6690
226,3373,3317,6690
226,3374,3317,6691
226,3374,3317,6691
226,3375,3317,6692
226,3375,3317,6692
226,3375,3317,6692
226,3376,3317,6693
226,3376,3317,6693
226,3376,3318,6694
226,3376,3318,6694
226,3376,3319,6695
226,3376,3318,6694
226,3376,3317,6693
226,3376,3317,6693
226,3377,3317,6694
226,3377,3317,6694
226,3377,3318,6695
226,3377,3318,6695
226,3377,3319,6696
226,3377,3319,6696
226,3377,3320,6697
226,3377,3320,6697
226,3377,3321,6698
226,3377,3321,6698
226,3377,3321,6698
226,3377,3321,6698
226,3377,3322,6699
226,3377,3322,6699
226,3377,3322,6699
226,3377,3322,6699
226,3377,3322,6699
226,3378,3322,6700
226,3378,3322,6700
226,3378,3323,6701
226,3378,3323,6701
226,3378,3323,6701
226,3379,3323,6702
226,3379,3323,6702
226,3380,3323,6703
226,3380,3323,6703
226,3380,3323,6703
226,3380,3322,6702
226,3379,3322,6701
226,3379,3322,6701
226,3380,3322,6702
226,3380,3322,6702
226,3380,3322,6702
226,3381,3322,6703
226,3381,3322,6703
226,3381,3322,6703
226,3381,3323,6704
226,3381,3323,6704
226,3382,3323,6705
226,3382,3323,6705
226,3382,3324,6706
226,3381,3324,6705
226,3381,3324,6705
226,3381,3323,6704
226,3381,3323,6704
226,3382,3323,6705
226,3382,3323,6705
226,3383,3323,6706
226,3382,3323,6705
226,3382,3323,6705
226,3382,3324,6706
226,3382,3324,6706
226,3382,3324,6706
226,3381,3324,6705
226,3381,3323,6704
226,3381,3323,6704
226,3381,3323,6704
226,3381,3323,6704
226,3382,3323,6705
226,3381,3323,6704
226,3381,3323,6704
226,3381,3324,6705
226,3381,3324,6705
226,3381,3325,6706
226,3381,3325,6706
226,3381,3326,6707
226,3381,3326,6707
226,3381,3327,6708
226,3381,3327,6708
226,3381,3327,6708
226,3382,3327,6709
226,3382,3327,6709
226,3382,3328,6710
226,3382,3328,6710
226,3383,3328,6711
226,3383,3328,6711
226,3383,3328,6711
226,3383,3329,6712
226,3383,3329,6712
226,3384,3329,6713
226,3384,3329,6713
226,3385,3329,6714
226,3385,3329,6714
226,3386,3329,6715
226,3386,3329,6715
226,3385,3329,6714
226,3385,3329,6714
226,3384,3329,6713
226,3384,3329,6713
226,3384,3330,6714
226,3384,3330,6714
226,3385,3330,6715
226,3385,3330,6715
226,3386,3330,6716
226,3386,3330,6716
226,3386,3330,6716
226,3386,3331,6717
226,3385,3331,6716
226,3385,3330,6715
226,3385,3330,6715
226,3384,3330,6714
226,3384,3330,6714
226,3384,3330,6714
226,3385,3330,6715
226,3385,3330,6715
226,3386,3330,6716
226,3386,3330,6716
226,3386,3331,6717
226,3386,3331,6717
226,3387,3331,6718
226,3387,3331,6718
226,3388,3331,6719
226,3388,3331,6719
226,3387,3331,6718
226,3386,3331,6717
226,3385,3331,6716
226,3385,3331,6716
226,3386,3331,6717
226,3386,3331,6717
226,3386,3330,6716
226,3385,3330,6715
226,3384,3330,6714
226,3384,3330,6714
226,3384,3331,6715
226,3384,3331,6715
226,3384,3331,6715
226,3384,3331,6715
226,3384,3332,6716
226,3384,3332,6716
226,3385,3332,6717
226,3384,3332,6716
226,3384,3332,6716
226,3385,3332,6717
226,3385,3332,6717
226,3385,3333,6718
226,3385,3333,6718
226,3386,3333,6719
226,3385,3333,6718
226,3385,3333,6718
226,3386,3333,6719
226,3386,3333,6719
226,3387,3333,6720
226,3387,3333,6720
226,3388,3333,6721
226,3388,3333,6721
226,3389,3333,6722
226,3389,3333,6722
226,3390,3333,6723
226,3390,3333,6723
226,3391,3333,6724
226,3391,3333,6724
226,3391,3333,6724
226,3391,3333,6724
226,3391,3334,6725
226,3391,3334,6725
226,3392,3334,6726
226,3392,3334,6726
226,3391,3334,6725
226,3391,3334,6725
226,3390,3334,6724
226,3390,3334,6724
226,3390,3333,6723
226,3390,3333,6723
226,3391,3333,6724
226,3391,3333,6724
226,3391,3334,6725
226,3391,3334,6725
226,3392,3334,6726
226,3391,3334,6725
226,3391,3334,6725
226,3392,3334,6726
226,3392,3334,6726
226,3392,3335,6727
226,3392,3335,6727
226,3392,3335,6727
226,3392,3335,6727
226,3392,3336,6728
226,3392,3336,6728
226,3392,3337,6729
226,3392,3337,6729
226,3392,3338,6730
226,3392,3338,6730
226,3393,3338,6731
226,3393,3338,6731
226,3393,3339,6732
226,3393,3339,6732
226,3393,3339,6732
226,3393,3339,6732
226,3394,3339,6733
226,3394,3339,6733
226,3394,3340,6734
226,3393,3340,6733
226,3393,3339,6732
226,3392,3339,6731
226,3392,3339,6731
226,3392,3340,6732
226,3392,3340,6732
226,3392,3341,6733
226,3392,3340,6732
226,3392,3340,6732
226,3392,3339,6731
226,3392,3339,6731
226,3392,3339,6731
226,3392,3339,6731
226,3393,3339,6732
226,3393,3339,6732
226,3394,3339,6733
226,3394,3339,6733
226,3394,3340,6734
226,3394,3340,6734
226,3394,3340,6734
226,3394,3341,6735
226,3394,3341,6735
226,3395,3341,6736
226,3395,3341,6736
226,3396,3341,6737
226,3396,3341,6737
226,3396,3341,6737
226,3396,3342,6738
226,3396,3342,6738
226,3396,3342,6738
226,3396,3343,6739
226,3396,3343,6739
226,3396,3342,6738
226,3396,3342,6738
226,3396,3342,6738
226,3397,3342,6739
226,3397,3341,6738
226,3397,3341,6738
226,3398,3341,6739
226,3397,3341,6738
226,3397,3341,6738
226,3398,3341,6739
226,3398,3341,6739
226,3397,3341,6738
226,3396,3341,6737
226,3396,3341,6737
226,3396,3342,6738
226,3396,3342,6738
226,3397,3342,6739
226,3397,3341,6738
226,3396,3341,6737
226,3396,3340,6736
226,3395,3340,6735
226,3395,3340,6735
226,3396,3340,6736
226,3396,3340,6736
226,3397,3340,6737
226,3397,3340,6737
226,3398,3340,6738
226,3397,3340,6737
226,3397,3340,6737
226,3398,3340,6738
226,3398,3340,6738
226,3397,3340,6737
226,3396,3340,6736
226,3396,3340,6736
226,3397,3340,6737
226,3397,3340,6737
226,3397,3340,6737
226,3398,3340,6738
226,3398,3340,6738
226,3398,3341,6739
226,3398,3341,6739
226,3398,3341,6739
226,3398,3342,6740
226,3398,3342,6740
226,3397,3342,6739
226,3397,3341,6738
226,3397,3341,6738
226,3397,3341,6738
226,3397,3341,6738
226,3397,3341,6738
226,3397,3342,6739
226,3397,3342,6739
226,3398,3342,6740
226,3398,3342,6740
226,3398,3342,6740
226,3398,3341,6739
226,3398,3341,6739
226,3398,3342,6740
226,3398,3342,6740
226,3399,3342,6741
226,3399,3342,6741
226,3399,3342,6741
226,3399,3343,6742
226,3398,3343,6741
226,3398,3342,6740
226,3398,3342,6740
226,3398,3342,6740
226,3399,3342,6741
226,3399,3342,6741
226,3399,3342,6741
226,3399,3343,6742
226,3399,3343,6742
226,3400,3343,6743
226,3400,3343,6743
226,3400,3344,6744
226,3400,3344,6744
226,3400,3345,6745
226,3400,3345,6745
226,3401,3345,6746
226,3401,3345,6746
226,3401,3346,6747
226,3401,3346,6747
226,3400,3346,6746
226,3400,3345,6745
226,3400,3345,6745
226,3400,3345,6745
226,3399,3345,6744
226,3399,3345,6744
226,3400,3345,6745
226,3400,3345,6745
226,3401,3345,6746
226,3401,3345,6746
226,3402,3345,6747
226,3402,3344,6746
226,3402,3344,6746
226,3402,3345,6747
226,3402,3345,6747
226,3402,3346,6748
226,3401,3346,6747
226,3401,3346,6747
226,3401,3347,6748
226,3401,3347,6748
226,3401,3348,6749
226,3401,3348,6749
226,3402,3348,6750
226,3402,3348,6750
226,3403,3348,6751
226,3403,3348,6751
226,3403,3348,6751
226,3403,3348,6751
226,3404,3348,6752
226,3404,3348,6752
226,3405,3348,6753
226,3405,3348,6753
226,3405,3349,6754
226,3405,3349,6754
226,3406,3349,6755
226,3406,3349,6755
226,3406,3350,6756
226,3406,3349,6755
226,3406,3349,6755
226,3406,3350,6756
226,3406,3350,6756
226,3407,3350,6757
226,3407,3350,6757
226,3407,3351,6758
226,3407,3350,6757
226,3407,3350,6757
226,3407,3350,6757
226,3408,3350,6758
226,3408,3350,6758
226,3408,3351,6759
226,3408,3351,6759
226,3408,3351,6759
226,3409,3351,6760
226,3409,3351,6760
226,3409,3352,6761
226,3409,3352,6761
226,3409,3352,6761
226,3410,3352,6762
226,3410,3352,6762
226,3410,3353,6763
226,3410,3353,6763
226,3411,3353,6764
226,3411,3353,6764
226,3412,3353,6765
226,3412,3352,6764
226,3412,3352,6764
226,3412,3353,6765
226,3411,3353,6764
226,3411,3353,6764
226,3412,3353,6765
226,3412,3353,6765
226,3413,3353,6766
226,3413,3353,6766
226,3413,3354,6767
226,3413,3353,6766
226,3413,3353,6766
226,3413,3354,6767
226,3413,3354,6767
226,3413,3354,6767
226,3413,3353,6766
226,3413,3353,6766
226,3414,3353,6767
226,3414,3353,6767
226,3414,3354,6768
226,3414,3353,6767
226,3414,3353,6767
226,3415,3353,6768
226,3415,3353,6768
226,3415,3353,6768
226,3416,3353,6769
226,3416,3353,6769
226,3416,3353,6769
226,3417,3353,6770
226,3417,3353,6770
226,3418,3353,6771
226,3418,3353,6771
226,3418,3354,6772
226,3418,3354,6772
226,3419,3354,6773
226,3419,3354,6773
226,3419,3353,6772
226,3419,3353,6772
226,3419,3354,6773
226,3418,3354,6772
226,3418,3354,6772
226,3418,3355,6773
226,3418,3355,6773
226,3419,3355,6774
226,3419,3355,6774
226,3419,3355,6774
226,3419,3355,6774
226,3420,3355,6775
226,3420,3355,6775
226,3420,3355,6775
226,3421,3355,6776
226,3421,3354,6775
226,3421,3354,6775
226,3421,3354,6775
226,3421,3355,6776
226,3421,3355,6776
226,3421,3356,6777
226,3421,3356,6777
226,3421,3356,6777
226,3422,3356,6778
226,3422,3356,6778
226,3422,3356,6778
226,3422,3357,6779
226,3421,3357,6778
226,3421,3357,6778
226,3422,3357,6779
226,3422,3357,6779
226,3423,3357,6780
226,3423,3357,6780
226,3423,3357,6780
226,3424,3357,6781
226,3424,3357,6781
226,3424,3357,6781
226,3424,3358,6782
226,3424,3358,6782
226,3424,3359,6783
226,3424,3359,6783
226,3425,3359,6784
226,3425,3359,6784
226,3425,3359,6784
226,3425,3360,6785
226,3425,3360,6785
226,3425,3361,6786
226,3425,3361,6786
226,3425,3362,6787
226,3425,3361,6786
226,3425,3360,6785
226,3425,3359,6784
226,3425,3359,6784
226,3426,3359,6785
226,3426,3359,6785
226,3426,3359,6785
226,3427,3359,6786
226,3427,3359,6786
226,3427,3359,6786
226,3427,3359,6786
226,3428,3359,6787
226,3428,3359,6787
226,3428,3359,6787
226,3428,3360,6788
226,3428,3360,6788
226,3428,3360,6788
226,3429,3360,6789
226,3429,3359,6788
226,3428,3359,6787
226,3428,3359,6787
226,3429,3359,6788
226,3429,3359,6788
226,3430,3359,6789
226,3430,3359,6789
226,3430,3359,6789
226,3430,3360,6790
226,3430,3360,6790
226,3430,3359,6789
226,3430,3359,6789
226,3431,3359,6790
226,3431,3359,6790
226,3432,3359,6791
226,3432,3359,6791
226,3432,3359,6791
226,3432,3360,6792
226,3432,3360,6792
226,3433,3360,6793
226,3433,3360,6793
226,3433,3360,6793
226,3433,3361,6794
226,3433,3361,6794
226,3433,3362,6795
226,3433,3362,6795
226,3433,3363,6796
226,3433,3363,6796
226,3433,3363,6796
226,3434,3363,6797
226,3434,3363,6797
226,3434,3363,6797
226,3434,3364,6798
226,3434,3364,6798
226,3434,3365,6799
226,3434,3365,6799
226,3434,3365,6799
226,3435,3365,6800
226,3435,3365,6800
226,3435,3365,6800
226,3435,3366,6801
226,3435,3366,6801
226,3435,3367,6802
226,3435,3366,6801
226,3435,3366,6801
226,3436,3366,6802
226,3436,3366,6802
226,3436,3367,6803
226,3436,3366,6802
226,3436,3366,6802
226,3436,3367,6803
226,3436,3367,6803
226,3437,3367,6804
226,3437,3367,6804
226,3437,3368,6805
226,3437,3368,6805
226,3437,3369,6806
226,3437,3369,6806
226,3438,3369,6807
226,3438,3369,6807
226,3438,3370,6808
226,3438,3370,6808
226,3439,3370,6809
226,3439,3370,6809
226,3440,3370,6810
226,3440,3369,6809
226,3440,3369,6809
226,3440,3370,6810
226,3439,3370,6809
226,3439,3370,6809
226,3439,3370,6809
226,3440,3370,6810
226,3440,3370,6810
226,3441,3370,6811
226,3441,3370,6811
226,3441,3369,6810
226,3440,3369,6809
226,3439,3369,6808
226,3439,3369,6808
226,3439,3370,6809
226,3439,3370,6809
226,3440,3370,6810
226,3440,3370,6810
226,3441,3370,6811
226,3440,3370,6810
226,3440,3370,6810
226,3441,3370,6811
226,3441,3370,6811
226,3441,3370,6811
226,3441,3370,6811
226,3441,3370,6811
226,3441,3371,6812
226,3441,3371,6812
226,3441,3371,6812
226,3441,3372,6813
226,3441,3372,6813
226,3441,3372,6813
226,3441,3372,6813
226,3441,3372,6813
226,3441,3372,6813
226,3441,3373,6814
226,3441,3373,6814
226,3441,3374,6815
226,3440,3374,6814
226,3440,3373,6813
226,3440,3373,6813
226,3441,3373,6814
226,3441,3373,6814
226,3442,3373,6815
226,3442,3373,6815
226,3443,3373,6816
226,3443,3373,6816
226,3443,3373,6816
226,3444,3373,6817
226,3444,3373,6817
226,3445,3373,6818
226,3445,3373,6818
226,3445,3374,6819
226,3445,3374,6819
226,3446,3374,6820
226,3446,3374,6820
226,3447,3374,6821
226,3447,3374,6821
226,3448,3374,6822
226,3448,3374,6822
226,3448,3375,6823
226,3448,3375,6823
226,3448,3376,6824
226,3448,3375,6823
226,3448,3375,6823
226,3448,3375,6823
226,3449,3375,6824
226,3449,3374,6823
226,3449,3374,6823
226,3449,3374,6823
226,3448,3374,6822
226,3448,3374,6822
226,3448,3375,6823
226,3448,3374,6822
226,3448,3373,6821
226,3448,3373,6821
226,3449,3373,6822
226,3449,3373,6822
226,3450,3373,6823
226,3450,3373,6823
226,3451,3373,6824
226,3451,3373,6824
226,3451,3373,6824
226,3452,3373,6825
226,3452,3373,6825
226,3452,3373,6825
226,3452,3373,6825
226,3453,3373,6826
226,3452,3373,6825
226,3452,3373,6825
226,3453,3373,6826
226,3453,3373,6826
226,3454,3373,6827
226,3454,3373,6827
226,3453,3373,6826
226,3453,3373,6826
226,3454,3373,6827
226,3454,3373,6827
226,3454,3374,6828
226,3454,3374,6828
226,3455,3374,6829
226,3455,3374,6829
226,3455,3375,6830
226,3455,3375,6830
226,3455,3375,6830
226,3455,3376,6831
226,3455,3376,6831
226,3456,3376,6832
226,3455,3376,6831
226,3455,3376,6831
226,3454,3376,6830
226,3454,3376,6830
226,3454,3377,6831
226,3454,3376,6830
226,3454,3376,6830
226,3455,3376,6831
226,3455,3376,6831
226,3456,3376,6832
226,3456,3376,6832
226,3456,3376,6832
226,3457,3376,6833
226,3457,3376,6833
226,3458,3376,6834
226,3458,3375,6833
226,3458,3375,6833
226,3459,3375,6834
226,3459,3375,6834
226,3460,3375,6835
226,3460,3375,6835
226,3461,3375,6836
226,3461,3375,6836
226,3462,3375,6837
226,3462,3375,6837
226,3463,3375,6838
226,3463,3375,6838
226,3464,3375,6839
226,3464,3375,6839
226,3465,3375,6840
226,3465,3375,6840
226,3464,3375,6839
226,3464,3375,6839
226,3465,3375,6840
226,3465,3375,6840
226,3465,3376,6841
226,3465,3376,6841
226,3466,3376,6842
226,3466,3376,6842
226,3466,3377,6843
226,3466,3377,6843
226,3466,3378,6844
226,3466,3378,6844
226,3467,3378,6845
226,3467,3378,6845
226,3467,3379,6846
226,3466,3379,6845
226,3466,3379,6845
226,3467,3379,6846
226,3467,3379,6846
226,3467,3380,6847
226,3467,3380,6847
226,3467,3379,6846
226,3467,3379,6846
226,3468,3379,6847
226,3468,3378,6846
226,3468,3378,6846
226,3467,3378,6845
226,3467,3378,6845
226,3467,3379,6846
226,3466,3379,6845
226,3466,3379,6845
226,3466,3379,6845
226,3467,3379,6846
226,3467,3379,6846
226,3467,3379,6846
226,3467,3379,6846
226,3467,3379,6846
226,3467,3380,6847
226,3467,3380,6847
226,3467,3380,6847
226,3467,3381,6848
226,3467,3380,6847
226,3467,3379,6846
226,3467,3379,6846
226,3467,3380,6847
226,3467,3380,6847
226,3467,3381,6848
226,3467,3381,6848
226,3467,3381,6848
226,3467,3382,6849
226,3467,3382,6849
226,3468,3382,6850
226,3468,3382,6850
226,3469,3382,6851
226,3469,3382,6851
226,3470,3382,6852
226,3470,3382,6852
226,3470,3382,6852
226,3470,3383,6853
226,3470,3383,6853
226,3470,3383,6853
226,3471,3383,6854
226,3471,3383,6854
226,3471,3383,6854
226,3472,3383,6855
226,3472,3383,6855
226,3473,3383,6856
226,3473,3383,6856
227,3473,3384,6857
227,3473,3384,6857
227,3474,3384,6858
227,3474,3383,6857
227,3473,3383,6856
227,3473,3383,6856
227,3474,3383,6857
227,3474,3382,6856
227,3474,3382,6856
227,3474,3383,6857
227,3474,3383,6857
227,3474,3383,6857
227,3474,3383,6857
227,3474,3383,6857
227,3474,3384,6858
227,3474,3384,6858
227,3474,3384,6858
227,3473,3384,6857
227,3473,3384,6857
227,3474,3384,6858
227,3474,3384,6858
227,3475,3384,6859
227,3475,3384,6859
227,3475,3384,6859
227,3475,3384,6859
227,3475,3385,6860
227,3475,3385,6860
227,3476,3385,6861
227,3476,3385,6861
227,3477,3385,6862
227,3477,3385,6862
227,3478,3385,6863
227,3478,3385,6863
227,3479,3385,6864
227,3479,3384,6863
227,3479,3384,6863
227,3479,3384,6863
227,3479,3384,6863
227,3479,3385,6864
227,3479,3385,6864
227,3480,3385,6865
227,3480,3385,6865
227,3481,3385,6866
227,3481,3385,6866
227,3481,3386,6867
227,3481,3386,6867
227,3482,3386,6868
227,3482,3386,6868
227,3482,3387,6869
227,3481,3387,6868
227,3481,3387,6868
227,3482,3387,6869
227,3482,3387,6869
227,3483,3387,6870
227,3483,3387,6870
227,3483,3388,6871
227,3483,3387,6870
227,3483,3387,6870
227,3484,3387,6871
227,3484,3387,6871
227,3484,3387,6871
227,3484,3387,6871
227,3484,3387,6871
227,3485,3387,6872
227,3485,3387,6872
227,3485,3388,6873
227,3485,3388,6873
227,3485,3388,6873
227,3485,3388,6873
227,3485,3389,6874
227,3485,3389,6874
227,3485,3389,6874
227,3485,3389,6874
227,3485,3388,6873
227,3485,3388,6873
227,3485,3388,6873
227,3485,3389,6874
227,3485,3389,6874
227,3486,3389,6875
227,3486,3389,6875
227,3487,3389,6876
227,3487,3389,6876
227,3487,3389,6876
227,3487,3390,6877
227,3487,3390,6877
227,3487,3391,6878
227,3487,3391,6878
227,3487,3392,6879
227,3487,3392,6879
227,3487,3392,6879
227,3488,3392,6880
227,3488,3392,6880
227,3488,3392,6880
227,3489,3392,6881
227,3489,3392,6881
227,3489,3392,6881
227,3489,3393,6882
227,3489,3393,6882
227,3489,3394,6883
227,3489,3394,6883
227,3489,3395,6884
227,3489,3395,6884
227,3489,3395,6884
227,3490,3395,6885
227,3490,3395,6885
227,3490,3396,6886
227,3490,3396,6886
227,3490,3396,6886
227,3490,3396,6886
227,3490,3396,6886
227,3490,3397,6887
227,3490,3397,6887
227,3491,3397,6888
227,3491,3397,6888
227,3492,3397,6889
227,3492,3397,6889
227,3492,3398,6890
227,3492,3398,6890
227,3492,3398,6890
227,3493,3398,6891
227,3493,3398,6891
227,3494,3398,6892
227,3494,3397,6891
227,3494,3397,6891
227,3494,3397,6891
227,3493,3397,6890
227,3493,3397,6890
227,3493,3397,6890
227,3493,3398,6891
227,3493,3398,6891
227,3493,3399,6892
227,3493,3399,6892
227,3493,3399,6892
227,3492,3399,6891
227,3492,3399,6891
227,3492,3398,6890
227,3492,3398,6890
227,3492,3398,6890
227,3492,3398,6890
227,3492,3398,6890
227,3492,3399,6891
227,3492,3399,6891
227,3492,3399,6891
227,3493,3399,6892
227,3493,3398,6891
227,3493,3398,6891
227,3494,3398,6892
227,3494,3398,6892
227,3494,3398,6892
227,3494,3398,6892
227,3495,3398,6893
227,3495,3398,6893
227,3495,3398,6893
227,3495,3399,6894
227,3495,3399,6894
227,3496,3399,6895
227,3496,3399,6895
227,3496,3399,6895
227,3496,3399,6895
227,3496,3400,6896
227,3496,3400,6896
227,3496,3401,6897
227,3496,3401,6897
227,3496,3402,6898
227,3496,3402,6898
227,3496,3402,6898
227,3495,3402,6897
227,3495,3402,6897
227,3495,3403,6898
227,3495,3402,6897
227,3495,3402,6897
227,3495,3402,6897
227,3495,3403,6898
227,3495,3403,6898
227,3495,3403,6898
227,3495,3404,6899
227,3495,3404,6899
227,3495,3404,6899
227,3495,3405,6900
227,3495,3405,6900
227,3495,3406,6901
227,3495,3405,6900
227,3495,3405,6900
227,3495,3406,6901
227,3495,3406,6901
227,3496,3406,6902
227,3496,3406,6902
227,3496,3406,6902
227,3496,3406,6902
227,3496,3406,6902
227,3497,3406,6903
227,3497,3406,6903
227,3498,3406,6904
227,3498,3406,6904
227,3498,3407,6905
227,3498,3406,6904
227,3498,3406,6904
227,3498,3405,6903
227,3498,3405,6903
227,3498,3405,6903
227,3499,3405,6904
227,3499,3405,6904
227,3500,3405,6905
227,3499,3405,6904
227,3499,3405,6904
227,3499,3406,6905
227,3499,3406,6905
227,3499,3407,6906
227,3499,3407,6906
227,3499,3407,6906
227,3499,3407,6906
227,3499,3407,6906
227,3499,3407,6906
227,3500,3407,6907
227,3500,3407,6907
227,3500,3408,6908
227,3500,3408,6908
227,3501,3408,6909
227,3501,3408,6909
227,3502,3408,6910
227,3502,3408,6910
227,3502,3408,6910
227,3502,3408,6910
227,3503,3408,6911
227,3503,3408,6911
227,3504,3408,6912
227,3504,3408,6912
227,3503,3408,6911
227,3502,3408,6910
227,3502,3408,6910
227,3502,3409,6911
227,3502,3409,6911
227,3503,3409,6912
227,3503,3409,6912
227,3503,3409,6912
227,3502,3409,6911
227,3502,3409,6911
227,3502,3410,6912
227,3501,3410,6911
227,3501,3409,6910
227,3501,3409,6910
227,3502,3409,6911
227,3502,3409,6911
227,3502,3410,6912
227,3502,3410,6912
227,3502,3409,6911
227,3502,3409,6911
227,3502,3409,6911
227,3502,3409,6911
227,3502,3408,6910
227,3502,3408,6910
227,3503,3408,6911
227,3502,3408,6910
227,3502,3408,6910
227,3502,3408,6910
227,3503,3408,6911
227,3503,3408,6911
227,3504,3408,6912
227,3504,3408,6912
227,3504,3409,6913
227,3504,3409,6913
227,3504,3410,6914
227,3504,3410,6914
227,3504,3411,6915
227,3504,3411,6915
227,3505,3411,6916
227,3505,3411,6916
227,3506,3411,6917
227,3506,3411,6917
227,3506,3412,6918
227,3506,3412,6918
227,3506,3413,6919
227,3506,3413,6919
227,3506,3413,6919
227,3505,3413,6918
227,3505,3413,6918
227,3505,3414,6919
227,3505,3414,6919
227,3505,3415,6920
227,3505,3415,6920
227,3505,3416,6921
227,3505,3416,6921
227,3505,3416,6921
227,3505,3417,6922
227,3505,3417,6922
227,3505,3418,6923
227,3505,3418,6923
227,3505,3419,6924
227,3505,3419,6924
227,3505,3418,6923
227,3505,3418,6923
227,3505,3419,6924
227,3505,3419,6924
227,3505,3418,6923
227,3505,3418,6923
227,3506,3418,6924
227,3506,3418,6924
227,3507,3418,6925
227,3507,3418,6925
227,3508,3418,6926
227,3508,3418,6926
227,3509,3418,6927
227,3509,3417,6926
227,3509,3417,6926
227,3508,3417,6925
227,3508,3417,6925
227,3508,3418,6926
227,3508,3418,6926
227,3508,3419,6927
227,3508,3419,6927
227,3509,3419,6928
227,3509,3419,6928
227,3509,3419,6928
227,3509,3420,6929
227,3508,3420,6928
227,3508,3420,6928
227,3508,3421,6929
227,3508,3421,6929
227,3509,3421,6930
227,3509,3421,6930
227,3510,3421,6931
227,3510,3421,6931
227,3510,3421,6931
227,3510,3421,6931
227,3510,3422,6932
227,3510,3421,6931
227,3510,3420,6930
227,3510,3420,6930
227,3511,3420,6931
227,3511,3420,6931
227,3511,3420,6931
227,3511,3420,6931
227,3511,3421,6932
227,3511,3421,6932
227,3511,3422,6933
227,3511,3422,6933
227,3511,3422,6933
227,3511,3423,6934
227,3511,3423,6934
227,3511,3424,6935
227,3511,3424,6935
227,3511,3424,6935
227,3511,3425,6936
227,3511,3425,6936
227,3512,3425,6937
227,3512,3425,6937
227,3512,3426,6938
227,3512,3426,6938
227,3512,3426,6938
227,3512,3427,6939
227,3512,3427,6939
227,3512,3428,6940
227,3512,3428,6940
227,3513,3428,6941
227,3513,3428,6941
227,3513,3428,6941
227,3512,3428,6940
227,3512,3428,6940
227,3512,3429,6941
227,3512,3429,6941
227,3512,3429,6941
227,3513,3429,6942
227,3513,3429,6942
227,3513,3430,6943
227,3512,3430,6942
227,3512,3430,6942
227,3513,3430,6943
227,3513,3430,6943
227,3513,3430,6943
227,3514,3430,6944
227,3514,3430,6944
227,3515,3430,6945
227,3515,3430,6945
227,3515,3431,6946
227,3515,3431,6946
227,3515,3432,6947
227,3515,3432,6947
227,3515,3433,6948
227,3515,3432,6947
227,3515,3432,6947
227,3515,3432,6947
227,3515,3433,6948
227,3515,3433,6948
227,3515,3433,6948
227,3516,3433,6949
227,3516,3433,6949
227,3516,3433,6949
227,3516,3434,6950
227,3516,3434,6950
227,3516,3434,6950
227,3516,3435,6951
227,3516,3434,6950
227,3516,3433,6949
227,3516,3433,6949
227,3516,3433,6949
227,3516,3432,6948
227,3515,3432,6947
227,3515,3432,6947
227,3515,3433,6948
227,3515,3433,6948
227,3515,3434,6949
227,3515,3434,6949
227,3516,3434,6950
227,3516,3434,6950
227,3516,3434,6950
227,3516,3434,6950
227,3516,3434,6950
227,3516,3435,6951
227,3516,3435,6951
227,3516,3435,6951
227,3516,3435,6951
227,3516,3435,6951
227,3516,3436,6952
227,3516,3436,6952
227,3517,3436,6953
227,3517,3436,6953
227,3517,3435,6952
227,3517,3435,6952
227,3517,3436,6953
227,3517,3436,6953
227,3517,3436,6953
227,3518,3436,6954
227,3518,3436,6954
227,3518,3437,6955
227,3518,3437,6955
227,3517,3437,6954
227,3517,3437,6954
227,3518,3437,6955
227,3518,3437,6955
227,3518,3438,6956
227,3518,3438,6956
227,3518,3438,6956
227,3519,3438,6957
227,3519,3438,6957
227,3520,3438,6958
227,3520,3438,6958
227,3521,3438,6959
227,3521,3438,6959
227,3522,3438,6960
227,3522,3438,6960
227,3522,3438,6960
227,3523,3438,6961
227,3523,3438,6961
227,3523,3438,6961
227,3523,3439,6962
227,3523,3439,6962
227,3523,3440,6963
227,3523,3440,6963
227,3523,3440,6963
227,3524,3440,6964
227,3524,3439,6963
227,3523,3439,6962
227,3523,3439,6962
227,3523,3439,6962
227,3523,3439,6962
227,3524,3439,6963
227,3524,3439,6963
227,3524,3439,6963
227,3525,3439,6964
227,3525,3439,6964
227,3525,3439,6964
227,3525,3440,6965
227,3525,3440,6965
227,3525,3441,6966
227,3525,3441,6966
227,3525,3442,6967
227,3525,3441,6966
227,3525,3441,6966
227,3526,3441,6967
227,3526,3441,6967
227,3526,3441,6967
227,3526,3441,6967
227,3526,3441,6967
227,3526,3442,6968
227,3526,3441,6967
227,3526,3441,6967
227,3526,3441,6967
227,3526,3441,6967
227,3526,3440,6966
227,3526,3440,6966
227,3526,3440,6966
227,3526,3441,6967
227,3526,3441,6967
227,3527,3441,6968
227,3527,3441,6968
227,3526,3441,6967
227,3525,3441,6966
227,3525,3441,6966
227,3525,3441,6966
227,3525,3441,6966
227,3525,3442,6967
227,3525,3441,6966
227,3525,3441,6966
227,3525,3442,6967
227,3525,3442,6967
227,3525,3443,6968
227,3525,3443,6968
227,3526,3443,6969
227,3526,3442,6968
227,3526,3442,6968
227,3526,3443,6969
227,3526,3443,6969
227,3526,3444,6970
227,3526,3444,6970
227,3526,3445,6971
227,3526,3445,6971
227,3526,3445,6971
227,3525,3445,6970
227,3525,3445,6970
227,3525,3445,6970
227,3526,3445,6971
227,3526,3445,6971
227,3527,3445,6972
227,3527,3445,6972
227,3527,3446,6973
227,3527,3446,6973
227,3527,3447,6974
227,3527,3447,6974
227,3527,3447,6974
227,3527,3447,6974
227,3527,3448,6975
227,3527,3448,6975
227,3527,3449,6976
227,3527,3449,6976
227,3527,3449,6976
227,3527,3450,6977
227,3527,3450,6977
227,3527,3451,6978
227,3527,3451,6978
227,3527,3452,6979
227,3527,3452,6979
227,3528,3452,6980
227,3528,3452,6980
227,3528,3452,6980
227,3528,3453,6981
227,3528,3453,6981
227,3528,3453,6981
227,3528,3454,6982
227,3528,3454,6982
227,3529,3454,6983
227,3529,3454,6983
227,3530,3454,6984
227,3530,3454,6984
227,3530,3454,6984
227,3530,3454,6984
227,3530,3455,6985
227,3530,3455,6985
227,3530,3455,6985
227,3530,3454,6984
227,3530,3454,6984
227,3531,3454,6985
227,3531,3454,6985
227,3532,3454,6986
227,3532,3454,6986
227,3533,3454,6987
227,3533,3454,6987
227,3534,3454,6988
227,3534,3453,6987
227,3534,3453,6987
227,3535,3453,6988
227,3535,3453,6988
227,3534,3453,6987
227,3534,3453,6987
227,3534,3453,6987
227,3535,3453,6988
227,3535,3453,6988
227,3534,3453,6987
227,3533,3453,6986
227,3533,3453,6986
227,3534,3453,6987
227,3534,3453,6987
227,3534,3453,6987
227,3534,3453,6987
227,3535,3453,6988
227,3535,3453,6988
227,3536,3453,6989
227,3536,3453,6989
227,3537,3453,6990
227,3536,3453,6989
227,3536,3453,6989
227,3537,3453,6990
227,3537,3453,6990
227,3537,3454,6991
227,3537,3454,6991
227,3537,3455,6992
227,3537,3455,6992
227,3537,3456,6993
227,3537,3456,6993
227,3537,3456,6993
227,3537,3456,6993
227,3537,3456,6993
227,3537,3457,6994
227,3536,3457,6993
227,3536,3456,6992
227,3536,3456,6992
227,3536,3455,6991
227,3536,3455,6991
227,3536,3456,6992
227,3536,3456,6992
227,3536,3456,6992
227,3536,3457,6993
227,3536,3457,6993
227,3536,3458,6994
227,3536,3458,6994
227,3537,3458,6995
227,3537,3458,6995
227,3537,3458,6995
227,3537,3457,6994
227,3536,3457,6993
227,3536,3457,6993
227,3536,3457,6993
227,3536,3457,6993
227,3536,3456,6992
227,3536,3456,6992
227,3537,3456,6993
227,3537,3455,6992
227,3537,3455,6992
227,3537,3456,6993
227,3537,3456,6993
227,3538,3456,6994
227,3538,3456,6994
227,3538,3457,6995
227,3538,3457,6995
227,3538,3458,6996
227,3538,3458,6996
227,3539,3458,6997
227,3539,3458,6997
227,3540,3458,6998
227,3540,3458,6998
227,3540,3459,6999
227,3540,3459,6999
227,3540,3459,6999
227,3540,3460,7000
227,3540,3460,7000
227,3541,3460,7001
227,3541,3460,7001
227,3542,3460,7002
227,3542,3460,7002
227,3543,3460,7003
227,3543,3460,7003
227,3544,3460,7004
227,3544,3460,7004
227,3545,3460,7005
227,3545,3460,7005
227,3546,3460,7006
227,3546,3460,7006
227,3546,3460,7006
227,3546,3461,7007
227,3546,3461,7007
227,3547,3461,7008
227,3547,3461,7008
227,3547,3462,7009
227,3547,3462,7009
227,3547,3462,7009
227,3548,3462,7010
227,3548,3462,7010
227,3548,3463,7011
227,3548,3463,7011
227,3548,3463,7011
227,3548,3463,7011
227,3549,3463,7012
227,3549,3463,7012
227,3550,3463,7013
227,3550,3463,7013
227,3550,3463,7013
227,3551,3463,7014
227,3551,3463,7014
227,3552,3463,7015
227,3552,3463,7015
227,3552,3463,7015
227,3552,3463,7015
227,3552,3463,7015
227,3552,3463,7015
227,3552,3464,7016
227,3552,3464,7016
227,3553,3464,7017
227,3553,3464,7017
227,3554,3464,7018
227,3554,3464,7018
227,3554,3465,7019
227,3554,3465,7019
227,3555,3465,7020
227,3555,3465,7020
227,3554,3465,7019
227,3553,3465,7018
227,3553,3465,7018
227,3553,3466,7019
227,3553,3466,7019
227,3553,3466,7019
227,3554,3466,7020
227,3554,3466,7020
227,3555,3466,7021
227,3555,3466,7021
227,3556,3466,7022
227,3556,3466,7022
227,3557,3466,7023
227,3557,3466,7023
227,3557,3467,7024
227,3557,3467,7024
227,3557,3468,7025
227,3557,3468,7025
227,3558,3468,7026
227,3558,3468,7026
227,3558,3467,7025
227,3558,3467,7025
227,3558,3467,7025
227,3559,3467,7026
227,3559,3467,7026
227,3560,3467,7027
227,3560,3467,7027
227,3560,3467,7027
227,3561,3467,7028
227,3561,3467,7028
227,3561,3467,7028
227,3560,3467,7027
227,3559,3467,7026
227,3559,3467,7026
227,3560,3467,7027
227,3560,3467,7027
227,3559,3467,7026
227,3559,3467,7026
227,3559,3468,7027
227,3559,3468,7027
227,3560,3468,7028
227,3560,3468,7028
227,3560,3468,7028
227,3561,3468,7029
227,3561,3468,7029
227,3562,3468,7030
227,3561,3468,7029
227,3560,3468,7028
227,3560,3468,7028
227,3560,3469,7029
227,3560,3469,7029
227,3560,3469,7029
227,3561,3469,7030
227,3561,3469,7030
227,3561,3470,7031
227,3561,3470,7031
227,3561,3471,7032
227,3560,3471,7031
227,3560,3471,7031
227,3560,3472,7032
227,3560,3472,7032
227,3561,3472,7033
227,3561,3471,7032
227,3561,3471,7032
227,3562,3471,7033
227,3562,3471,7033
227,3561,3471,7032
227,3561,3471,7032
227,3561,3472,7033
227,3560,3472,7032
227,3560,3471,7031
227,3560,3471,7031
227,3561,3471,7032
227,3561,3471,7032
227,3562,3471,7033
227,3562,3470,7032
227,3562,3470,7032
227,3563,3470,7033
227,3563,3470,7033
227,3563,3470,7033
227,3563,3471,7034
227,3562,3471,7033
227,3562,3471,7033
227,3562,3472,7034
227,3562,3471,7033
227,3562,3470,7032
227,3561,3470,7031
227,3561,3470,7031
227,3561,3470,7031
227,3562,3470,7032
227,3562,3470,7032
227,3563,3470,7033
227,3563,3470,7033
227,3563,3470,7033
227,3563,3471,7034
227,3563,3471,7034
227,3563,3471,7034
227,3563,3471,7034
227,3563,3471,7034
227,3563,3471,7034
227,3563,3472,7035
227,3563,3472,7035
227,3563,3472,7035
227,3563,3473,7036
227,3563,3473,7036
227,3564,3473,7037
227,3564,3473,7037
227,3563,3473,7036
227,3563,3473,7036
227,3563,3473,7036
227,3563,3474,7037
227,3562,3474,7036
227,3562,3474,7036
227,3563,3474,7037
227,3563,3474,7037
227,3563,3475,7038
227,3563,3474,7037
227,3563,3474,7037
227,3563,3474,7037
227,3564,3474,7038
227,3564,3474,7038
227,3564,3475,7039
227,3564,3475,7039
227,3564,3476,7040
227,3564,3475,7039
227,3564,3475,7039
227,3564,3475,7039
227,3564,3475,7039
227,3565,3475,7040
227,3565,3475,7040
227,3565,3476,7041
227,3565,3476,7041
227,3565,3477,7042
227,3565,3477,7042
227,3566,3477,7043
227,3566,3477,7043
227,3566,3478,7044
227,3566,3478,7044
227,3567,3478,7045
227,3567,3478,7045
227,3568,3478,7046
227,3568,3478,7046
227,3569,3478,7047
227,3569,3478,7047
227,3569,3478,7047
227,3570,3478,7048
227,3570,3477,7047
227,3570,3477,7047
227,3571,3477,7048
227,3571,3477,7048
227,3572,3477,7049
227,3572,3477,7049
227,3573,3477,7050
227,3573,3477,7050
227,3573,3478,7051
227,3573,3478,7051
227,3574,3478,7052
227,3574,3478,7052
227,3575,3478,7053
227,3575,3478,7053
227,3575,3479,7054
227,3575,3479,7054
227,3575,3479,7054
227,3576,3479,7055
227,3576,3479,7055
227,3577,3479,7056
227,3577,3479,7056
227,3576,3479,7055
227,3576,3479,7055
227,3575,3479,7054
227,3575,3479,7054
227,3575,3480,7055
227,3575,3480,7055
227,3575,3480,7055
227,3576,3480,7056
228,3576,3480,7056
228,3576,3480,7056
228,3576,3481,7057
228,3576,3481,7057
228,3577,3481,7058
228,3577,3481,7058
228,3577,3482,7059
228,3576,3482,7058
228,3576,3482,7058
228,3576,3483,7059
228,3576,3483,7059
228,3577,3483,7060
228,3577,3483,7060
228,3577,3484,7061
228,3577,3484,7061
228,3577,3483,7060
228,3577,3482,7059
228,3576,3482,7058
228,3576,3482,7058
228,3576,3482,7058
228,3577,3482,7059
228,3577,3482,7059
228,3577,3483,7060
228,3577,3483,7060
228,3578,3483,7061
228,3578,3483,7061
228,3578,3483,7061
228,3579,3483,7062
228,3579,3483,7062
228,3579,3484,7063
228,3579,3484,7063
228,3580,3484,7064
228,3580,3483,7063
228,3579,3483,7062
228,3579,3482,7061
228,3579,3482,7061
228,3580,3482,7062
228,3580,3482,7062
228,3580,3482,7062
228,3580,3483,7063
228,3580,3483,7063
228,3581,3483,7064
228,3580,3483,7063
228,3579,3483,7062
228,3579,3483,7062
228,3579,3483,7062
228,3580,3483,7063
228,3580,3483,7063
228,3580,3484,7064
228,3580,3484,7064
228,3581,3484,7065
228,3581,3484,7065
228,3581,3485,7066
228,3581,3485,7066
228,3581,3485,7066
228,3581,3485,7066
228,3581,3486,7067
228,3581,3486,7067
228,3581,3487,7068
228,3581,3487,7068
228,3581,3488,7069
228,3581,3488,7069
228,3581,3488,7069
228,3581,3488,7069
228,3581,3489,7070
228,3581,3488,7069
228,3581,3488,7069
228,3581,3487,7068
228,3581,3487,7068
228,3582,3487,7069
228,3582,3487,7069
228,3582,3488,7070
228,3582,3488,7070
228,3583,3488,7071
228,3583,3488,7071
228,3584,3488,7072
228,3584,3488,7072
228,3585,3488,7073
228,3585,3487,7072
228,3584,3487,7071
228,3584,3487,7071
228,3585,3487,7072
228,3584,3487,7071
228,3584,3487,7071
228,3584,3487,7071
228,3585,3487,7072
228,3585,3487,7072
228,3585,3487,7072
228,3585,3487,7072
228,3585,3488,7073
228,3585,3488,7073
228,3586,3488,7074
228,3585,3488,7073
228,3584,3488,7072
228,3584,3488,7072
228,3584,3489,7073
228,3584,3489,7073
228,3585,3489,7074
228,3585,3489,7074
228,3586,3489,7075
228,3586,3489,7075
228,3586,3489,7075
228,3586,3490,7076
228,3586,3489,7075
228,3586,3489,7075
228,3586,3489,7075
228,3586,3489,7075
228,3586,3490,7076
228,3586,3490,7076
228,3586,3490,7076
228,3586,3491,7077
228,3586,3491,7077
228,3586,3490,7076
228,3586,3490,7076
228,3587,3490,7077
228,3587,3490,7077
228,3588,3490,7078
228,3588,3490,7078
228,3588,3489,7077
228,3588,3489,7077
228,3589,3489,7078
228,3588,3489,7077
228,3588,3489,7077
228,3589,3489,7078
228,3589,3489,7078
228,3589,3490,7079
228,3589,3490,7079
228,3590,3490,7080
228,3590,3490,7080
228,3590,3491,7081
228,3589,3491,7080
228,3589,3491,7080
228,3589,3491,7080
228,3589,3491,7080
228,3589,3492,7081
228,3589,3492,7081
228,3589,3491,7080
228,3589,3490,7079
228,3588,3490,7078
228,3588,3490,7078
228,3588,3490,7078
228,3588,3490,7078
228,3589,3490,7079
228,3589,3490,7079
228,3589,3491,7080
228,3589,3491,7080
228,3590,3491,7081
228,3590,3490,7080
228,3590,3490,7080
228,3590,3491,7081
228,3589,3491,7080
228,3589,3491,7080
228,3589,3492,7081
228,3589,3492,7081
228,3589,3491,7080
228,3589,3491,7080
228,3589,3490,7079
228,3589,3489,7078
228,3589,3489,7078
228,3589,3489,7078
228,3589,3489,7078
228,3590,3489,7079
228,3590,3489,7079
228,3589,3489,7078
228,3588,3489,7077
228,3587,3489,7076
228,3587,3489,7076
228,3586,3489,7075
228,3586,3489,7075
228,3587,3489,7076
228,3587,3489,7076
228,3587,3490,7077
228,3587,3490,7077
228,3588,3490,7078
228,3588,3490,7078
228,3588,3491,7079
228,3588,3491,7079
228,3588,3490,7078
228,3588,3490,7078
228,3588,3489,7077
228,3588,3489,7077
228,3588,3489,7077
228,3588,3489,7077
228,3589,3489,7078
228,3589,3489,7078
228,3590,3489,7079
228,3590,3489,7079
228,3590,3489,7079
228,3590,3490,7080
228,3590,3490,7080
228,3590,3491,7081
228,3589,3491,7080
228,3589,3491,7080
228,3589,3492,7081
228,3589,3492,7081
228,3589,3492,7081
228,3590,3492,7082
228,3590,3491,7081
228,3590,3491,7081
228,3590,3491,7081
228,3591,3491,7082
228,3591,3491,7082
228,3592,3491,7083
228,3591,3491,7082
228,3591,3491,7082
228,3591,3492,7083
228,3591,3492,7083
228,3591,3493,7084
228,3591,3493,7084
228,3591,3493,7084
228,3591,3493,7084
228,3591,3494,7085
228,3591,3494,7085
228,3592,3494,7086
228,3592,3494,7086
228,3592,3495,7087
228,3592,3495,7087
228,3592,3495,7087
228,3592,3495,7087
228,3592,3496,7088
228,3592,3496,7088
228,3593,3496,7089
228,3593,3496,7089
228,3593,3496,7089
228,3593,3496,7089
228,3594,3496,7090
228,3594,3496,7090
228,3594,3497,7091
228,3593,3497,7090
228,3593,3497,7090
228,3593,3497,7090
228,3593,3498,7091
228,3593,3498,7091
228,3593,3498,7091
228,3594,3498,7092
228,3594,3497,7091
228,3593,3497,7090
228,3593,3497,7090
228,3593,3496,7089
228,3593,3496,7089
228,3593,3497,7090
228,3593,3497,7090
228,3592,3497,7089
228,3592,3497,7089
228,3592,3497,7089
228,3592,3497,7089
228,3592,3496,7088
228,3592,3496,7088
228,3592,3496,7088
228,3592,3496,7088
228,3592,3496,7088
228,3592,3497,7089
228,3591,3497,7088
228,3591,3497,7088
228,3591,3498,7089
228,3591,3498,7089
228,3591,3498,7089
228,3592,3498,7090
228,3592,3497,7089
228,3592,3497,7089
228,3593,3497,7090
228,3592,3497,7089
228,3592,3497,7089
228,3593,3497,7090
228,3593,3497,7090
228,3593,3498,7091
228,3592,3498,7090
228,3592,3498,7090
228,3592,3498,7090
228,3592,3499,7091
228,3592,3499,7091
228,3593,3499,7092
228,3593,3499,7092
228,3593,3500,7093
228,3593,3500,7093
228,3594,3500,7094
228,3594,3500,7094
228,3594,3500,7094
228,3595,3500,7095
228,3595,3500,7095
228,3595,3501,7096
228,3595,3500,7095
228,3595,3500,7095
228,3595,3501,7096
228,3595,3501,7096
228,3596,3501,7097
228,3596,3500,7096
228,3596,3500,7096
228,3596,3500,7096
228,3597,3500,7097
228,3597,3500,7097
228,3598,3500,7098
228,3597,3500,7097
228,3597,3500,7097
228,3597,3501,7098
228,3597,3501,7098
228,3598,3501,7099
228,3597,3501,7098
228,3597,3501,7098
228,3597,3502,7099
228,3597,3502,7099
228,3598,3502,7100
228,3598,3502,7100
228,3598,3502,7100
228,3598,3503,7101
228,3598,3503,7101
228,3598,3503,7101
228,3599,3503,7102
228,3599,3503,7102
228,3600,3503,7103
228,3600,3503,7103
228,3601,3503,7104
228,3601,3503,7104
228,3601,3503,7104
228,3601,3504,7105
228,3601,3504,7105
228,3602,3504,7106
228,3602,3504,7106
228,3602,3505,7107
228,3602,3505,7107
228,3603,3505,7108
228,3602,3505,7107
228,3602,3505,7107
228,3602,3505,7107
228,3602,3505,7107
228,3603,3505,7108
228,3603,3505,7108
228,3603,3505,7108
228,3602,3505,7107
228,3602,3505,7107
228,3602,3506,7108
228,3602,3506,7108
228,3602,3506,7108
228,3602,3507,7109
228,3602,3507,7109
228,3602,3507,7109
228,3602,3507,7109
228,3602,3508,7110
228,3602,3508,7110
228,3602,3508,7110
228,3603,3508,7111
228,3603,3508,7111
228,3603,3508,7111
228,3604,3508,7112
228,3604,3508,7112
228,3604,3508,7112
228,3605,3508,7113
228,3605,3508,7113
228,3606,3508,7114
228,3606,3508,7114
228,3606,3509,7115
228,3606,3509,7115
228,3606,3509,7115
228,3607,3509,7116
228,3606,3509,7115
228,3605,3509,7114
228,3605,3508,7113
228,3604,3508,7112
228,3603,3508,7111
228,3603,3508,7111
228,3604,3508,7112
228,3604,3508,7112
228,3604,3509,7113
228,3604,3509,7113
228,3604,3510,7114
228,3603,3510,7113
228,3603,3510,7113
228,3603,3510,7113
228,3603,3510,7113
228,3603,3511,7114
228,3603,3511,7114
228,3603,3511,7114
228,3604,3511,7115
228,3604,3510,7114
228,3604,3510,7114
228,3604,3511,7115
228,3604,3511,7115
228,3604,3511,7115
228,3604,3512,7116
228,3604,3512,7116
228,3604,3512,7116
228,3604,3513,7117
228,3604,3513,7117
228,3604,3513,7117
228,3604,3513,7117
228,3604,3514,7118
228,3604,3514,7118
228,3604,3514,7118
228,3605,3514,7119
228,3605,3514,7119
228,3605,3515,7120
228,3604,3515,7119
228,3604,3515,7119
228,3604,3515,7119
228,3604,3516,7120
228,3604,3516,7120
228,3604,3516,7120
228,3605,3516,7121
228,3605,3516,7121
228,3606,3516,7122
228,3606,3516,7122
228,3607,3516,7123
228,3607,3515,7122
228,3607,3515,7122
228,3607,3515,7122
228,3607,3515,7122
228,3607,3515,7122
228,3607,3516,7123
228,3606,3516,7122
228,3606,3515,7121
228,3606,3515,7121
228,3607,3515,7122
228,3607,3515,7122
228,3607,3516,7123
228,3607,3516,7123
228,3607,3517,7124
228,3607,3517,7124
228,3607,3518,7125
228,3607,3518,7125
228,3608,3518,7126
228,3608,3518,7126
228,3608,3518,7126
228,3609,3518,7127
228,3609,3518,7127
228,3608,3518,7126
228,3608,3518,7126
228,3608,3518,7126
228,3609,3518,7127
228,3608,3518,7126
228,3608,3518,7126
228,3609,3518,7127
228,3608,3518,7126
228,3607,3518,7125
228,3607,3518,7125
228,3607,3519,7126
228,3607,3519,7126
228,3607,3519,7126
228,3608,3519,7127
228,3608,3519,7127
228,3608,3519,7127
228,3608,3519,7127
228,3608,3520,7128
228,3608,3520,7128
228,3608,3520,7128
228,3608,3521,7129
228,3607,3521,7128
228,3607,3521,7128
228,3607,3522,7129
228,3607,3522,7129
228,3607,3522,7129
228,3607,3522,7129
228,3607,3522,7129
228,3607,3523,7130
228,3607,3523,7130
228,3607,3523,7130
228,3607,3523,7130
228,3608,3523,7131
228,3608,3523,7131
228,3608,3523,7131
228,3608,3524,7132
228,3608,3524,7132
228,3608,3525,7133
228,3608,3524,7132
228,3608,3524,7132
228,3608,3525,7133
228,3608,3525,7133
228,3608,3526,7134
228,3608,3526,7134
228,3608,3527,7135
228,3608,3527,7135
228,3608,3528,7136
228,3608,3528,7136
228,3608,3528,7136
228,3608,3529,7137
228,3608,3529,7137
228,3609,3529,7138
228,3609,3529,7138
228,3610,3529,7139
228,3610,3529,7139
228,3611,3529,7140
228,3611,3529,7140
228,3612,3529,7141
228,3612,3529,7141
228,3612,3530,7142
228,3612,3530,7142
228,3613,3530,7143
228,3613,3530,7143
228,3614,3530,7144
228,3614,3530,7144
228,3614,3531,7145
228,3614,3531,7145
228,3614,3532,7146
228,3614,3532,7146
228,3614,3533,7147
228,3614,3533,7147
228,3615,3533,7148
228,3615,3533,7148
228,3615,3533,7148
228,3615,3533,7148
228,3615,3533,7148
228,3616,3533,7149
228,3616,3533,7149
228,3617,3533,7150
228,3617,3533,7150
228,3617,3534,7151
228,3617,3534,7151
228,3617,3534,7151
228,3618,3534,7152
228,3618,3534,7152
228,3618,3534,7152
228,3618,3534,7152
228,3618,3534,7152
228,3619,3534,7153
228,3619,3534,7153
228,3620,3534,7154
228,3620,3533,7153
228,3620,3533,7153
228,3619,3533,7152
228,3619,3533,7152
228,3619,3533,7152
228,3619,3534,7153
228,3619,3534,7153
228,3619,3535,7154
228,3618,3535,7153
228,3618,3534,7152
228,3618,3534,7152
228,3619,3534,7153
228,3619,3534,7153
228,3620,3534,7154
228,3620,3534,7154
228,3620,3535,7155
228,3620,3535,7155
228,3620,3535,7155
228,3620,3536,7156
228,3620,3536,7156
228,3621,3536,7157
228,3621,3536,7157
228,3621,3537,7158
228,3621,3536,7157
228,3621,3536,7157
228,3621,3536,7157
228,3622,3536,7158
228,3622,3536,7158
228,3623,3536,7159
228,3623,3536,7159
228,3623,3537,7160
228,3623,3536,7159
228,3623,3536,7159
228,3623,3537,7160
228,3623,3537,7160
228,3624,3537,7161
228,3624,3537,7161
228,3624,3537,7161
228,3624,3537,7161
228,3624,3538,7162
228,3624,3538,7162
228,3625,3538,7163
228,3625,3537,7162
228,3625,3537,7162
228,3626,3537,7163
228,3626,3537,7163
228,3626,3537,7163
228,3626,3538,7164
228,3626,3538,7164
228,3627,3538,7165
228,3627,3538,7165
228,3628,3538,7166
228,3628,3538,7166
228,3628,3539,7167
228,3628,3539,7167
228,3629,3539,7168
228,3629,3539,7168
228,3629,3540,7169
228,3628,3540,7168
228,3628,3540,7168
228,3628,3541,7169
228,3628,3541,7169
228,3629,3541,7170
228,3629,3541,7170
228,3629,3542,7171
228,3629,3542,7171
228,3629,3543,7172
228,3629,3543,7172
228,3629,3544,7173
228,3629,3544,7173
228,3629,3544,7173
228,3629,3545,7174
228,3629,3545,7174
228,3629,3546,7175
228,3629,3546,7175
228,3629,3547,7176
228,3629,3547,7176
228,3630,3547,7177
228,3630,3547,7177
228,3630,3547,7177
228,3630,3547,7177
228,3630,3548,7178
228,3630,3547,7177
228,3630,3547,7177
228,3631,3547,7178
228,3631,3547,7178
228,3631,3547,7178
228,3632,3547,7179
228,3632,3546,7178
228,3632,3546,7178
228,3632,3546,7178
228,3633,3546,7179
228,3633,3546,7179
228,3633,3546,7179
228,3633,3547,7180
228,3633,3547,7180
228,3634,3547,7181
228,3633,3547,7180
228,3633,3547,7180
228,3633,3548,7181
228,3633,3548,7181
228,3634,3548,7182
228,3634,3548,7182
228,3635,3548,7183
228,3635,3548,7183
228,3635,3548,7183
228,3635,3548,7183
228,3636,3548,7184
228,3636,3548,7184
228,3637,3548,7185
228,3637,3548,7185
228,3637,3548,7185
228,3638,3548,7186
228,3638,3548,7186
228,3639,3548,7187
228,3639,3548,7187
228,3638,3548,7186
228,3638,3548,7186
228,3638,3549,7187
228,3637,3549,7186
228,3637,3549,7186
228,3637,3550,7187
228,3637,3550,7187
228,3637,3550,7187
228,3638,3550,7188
228,3638,3550,7188
228,3639,3550,7189
228,3639,3549,7188
228,3639,3549,7188
228,3639,3550,7189
228,3639,3550,7189
228,3640,3550,7190
228,3640,3550,7190
228,3640,3551,7191
228,3639,3551,7190
228,3639,3551,7190
228,3639,3552,7191
228,3639,3552,7191
228,3639,3553,7192
228,3639,3552,7191
228,3639,3552,7191
228,3639,3553,7192
228,3639,3553,7192
228,3639,3554,7193
228,3639,3554,7193
228,3639,3554,7193
228,3640,3554,7194
228,3640,3553,7193
228,3640,3553,7193
228,3641,3553,7194
228,3641,3553,7194
228,3641,3554,7195
228,3641,3554,7195
228,3641,3555,7196
228,3641,3555,7196
228,3642,3555,7197
228,3642,3555,7197
228,3643,3555,7198
228,3643,3555,7198
228,3644,3555,7199
228,3644,3555,7199
228,3643,3555,7198
228,3643,3555,7198
228,3644,3555,7199
228,3643,3555,7198
228,3643,3555,7198
228,3643,3556,7199
228,3643,3556,7199
228,3643,3556,7199
228,3643,3556,7199
228,3643,3557,7200
228,3643,3557,7200
228,3644,3557,7201
228,3644,3557,7201
228,3643,3557,7200
228,3643,3557,7200
228,3643,3557,7200
228,3644,3557,7201
228,3644,3557,7201
228,3644,3558,7202
228,3644,3558,7202
228,3644,3559,7203
228,3644,3559,7203
228,3643,3559,7202
228,3643,3559,7202
228,3643,3560,7203
228,3643,3560,7203
228,3643,3561,7204
228,3643,3561,7204
228,3643,3561,7204
228,3643,3560,7203
228,3643,3560,7203
228,3643,3561,7204
228,3643,3561,7204
228,3643,3562,7205
228,3643,3562,7205
228,3643,3563,7206
228,3643,3562,7205
228,3643,3562,7205
228,3643,3563,7206
228,3643,3563,7206
228,3643,3564,7207
228,3643,3564,7207
228,3643,3564,7207
228,3643,3565,7208
228,3643,3564,7207
228,3643,3564,7207
228,3644,3564,7208
228,3644,3564,7208
228,3644,3564,7208
228,3645,3564,7209
228,3645,3564,7209
228,3645,3565,7210
228,3645,3565,7210
228,3645,3565,7210
228,3645,3566,7211
228,3645,3566,7211
228,3645,3567,7212
228,3645,3567,7212
228,3646,3567,7213
228,3646,3567,7213
228,3647,3567,7214
228,3647,3567,7214
228,3647,3568,7215
228,3647,3568,7215
228,3647,3569,7216
228,3647,3568,7215
228,3647,3568,7215
228,3648,3568,7216
228,3648,3568,7216
228,3649,3568,7217
228,3649,3567,7216
228,3648,3567,7215
228,3648,3567,7215
228,3649,3567,7216
228,3649,3567,7216
228,3649,3568,7217
228,3649,3568,7217
228,3649,3569,7218
228,3649,3569,7218
228,3649,3569,7218
228,3650,3569,7219
228,3650,3569,7219
228,3650,3570,7220
228,3650,3570,7220
228,3651,3570,7221
228,3651,3570,7221
228,3651,3571,7222
228,3651,3571,7222
228,3652,3571,7223
228,3652,3571,7223
228,3653,3571,7224
228,3653,3571,7224
228,3653,3572,7225
228,3653,3572,7225
228,3654,3572,7226
228,3654,3572,7226
228,3654,3573,7227
228,3654,3573,7227
228,3654,3573,7227
228,3655,3573,7228
228,3655,3573,7228
228,3656,3573,7229
228,3656,3573,7229
228,3657,3573,7230
228,3657,3573,7230
228,3658,3573,7231
228,3658,3573,7231
228,3658,3573,7231
228,3657,3573,7230
228,3657,3573,7230
228,3658,3573,7231
228,3658,3573,7231
228,3658,3574,7232
228,3657,3574,7231
228,3657,3574,7231
228,3658,3574,7232
228,3658,3574,7232
228,3659,3574,7233
228,3659,3573,7232
228,3659,3573,7232
228,3659,3574,7233
228,3659,3574,7233
228,3659,3574,7233
228,3659,3574,7233
228,3659,3574,7233
228,3659,3574,7233
228,3659,3574,7233
228,3659,3575,7234
228,3659,3575,7234
228,3659,3575,7234
228,3660,3575,7235
228,3659,3575,7234
228,3658,3575,7233
228,3658,3574,7232
228,3658,3574,7232
228,3658,3574,7232
228,3658,3574,7232
228,3658,3573,7231
228,3657,3573,7230
228,3657,3573,7230
228,3657,3573,7230
228,3657,3573,7230
228,3658,3573,7231
228,3658,3573,7231
228,3657,3573,7230
228,3656,3573,7229
228,3656,3573,7229
228,3657,3573,7230
228,3657,3573,7230
228,3658,3573,7231
228,3658,3573,7231
228,3658,3573,7231
228,3658,3574,7232
228,3658,3574,7232
228,3658,3575,7233
228,3658,3575,7233
228,3658,3576,7234
228,3658,3576,7234
228,3657,3576,7233
228,3657,3576,7233
228,3657,3577,7234
228,3657,3577,7234
228,3658,3577,7235
228,3658,3577,7235
228,3659,3577,7236
228,3659,3577,7236
228,3660,3577,7237
228,3660,3577,7237
228,3661,3577,7238
228,3661,3577,7238
228,3662,3577,7239
228,3662,3577,7239
228,3662,3578,7240
228,3662,3578,7240
228,3662,3579,7241
228,3662,3579,7241
228,3663,3579,7242
228,3663,3578,7241
228,3663,3578,7241
228,3664,3578,7242
228,3664,3578,7242
228,3665,3578,7243
228,3665,3578,7243
228,3665,3579,7244
228,3665,3579,7244
228,3666,3579,7245
228,3666,3579,7245
228,3666,3579,7245
228,3667,3579,7246
228,3666,3579,7245
228,3666,3579,7245
228,3666,3579,7245
228,3666,3579,7245
228,3667,3579,7246
228,3667,3579,7246
228,3668,3579,7247
228,3668,3579,7247
228,3669,3579,7248
228,3669,3579,7248
228,3669,3579,7248
228,3669,3579,7248
228,3669,3579,7248
228,3669,3579,7248
228,3668,3579,7247
228,3668,3579,7247
228,3668,3579,7247
228,3668,3579,7247
228,3668,3580,7248
229,3668,3580,7248
229,3667,3580,7247
229,3667,3580,7247
229,3668,3580,7248
229,3668,3580,7248
229,3669,3580,7249
229,3669,3579,7248
229,3669,3579,7248
229,3669,3579,7248
229,3670,3579,7249
229,3670,3579,7249
229,3671,3579,7250
229,3671,3579,7250
229,3672,3579,7251
229,3672,3579,7251
229,3672,3579,7251
229,3672,3579,7251
229,3672,3580,7252
229,3672,3580,7252
229,3672,3581,7253
229,3672,3581,7253
229,3672,3581,7253
229,3673,3581,7254
229,3672,3581,7253
229,3672,3581,7253
229,3672,3582,7254
229,3671,3582,7253
229,3671,3582,7253
229,3672,3582,7254
229,3672,3582,7254
229,3672,3583,7255
229,3672,3583,7255
229,3673,3583,7256
229,3673,3583,7256
229,3674,3583,7257
229,3674,3583,7257
229,3675,3583,7258
229,3675,3583,7258
229,3675,3584,7259
229,3675,3584,7259
229,3676,3584,7260
229,3676,3584,7260
229,3677,3584,7261
229,3677,3584,7261
229,3677,3584,7261
229,3677,3585,7262
229,3677,3585,7262
229,3677,3584,7261
229,3677,3583,7260
229,3676,3583,7259
229,3676,3583,7259
229,3676,3584,7260
229,3676,3584,7260
229,3676,3584,7260
229,3676,3584,7260
229,3676,3585,7261
229,3676,3585,7261
229,3676,3586,7262
229,3675,3586,7261
229,3675,3586,7261
229,3675,3587,7262
229,3675,3586,7261
229,3675,3586,7261
229,3675,3587,7262
229,3675,3587,7262
229,3676,3587,7263
229,3676,3587,7263
229,3676,3588,7264
229,3676,3588,7264
229,3676,3587,7263
229,3676,3587,7263
229,3676,3587,7263
229,3676,3588,7264
229,3676,3588,7264
229,3676,3589,7265
229,3676,3589,7265
229,3676,3590,7266
229,3676,3590,7266
229,3677,3590,7267
229,3677,3590,7267
229,3677,3590,7267
229,3677,3591,7268
229,3677,3591,7268
229,3677,3591,7268
229,3678,3591,7269
229,3678,3590,7268
229,3678,3590,7268
229,3679,3590,7269
229,3679,3590,7269
229,3678,3590,7268
229,3677,3590,7267
229,3677,3590,7267
229,3677,3591,7268
229,3677,3591,7268
229,3677,3592,7269
229,3677,3592,7269
229,3677,3592,7269
229,3677,3591,7268
229,3677,3590,7267
229,3677,3590,7267
229,3678,3590,7268
229,3678,3589,7267
229,3677,3589,7266
229,3676,3589,7265
229,3676,3588,7264
229,3676,3588,7264
229,3676,3588,7264
229,3676,3589,7265
229,3676,3589,7265
229,3676,3590,7266
229,3676,3590,7266
229,3676,3590,7266
229,3677,3590,7267
229,3677,3590,7267
229,3677,3589,7266
229,3677,3589,7266
229,3677,3590,7267
229,3677,3590,7267
229,3676,3590,7266
229,3676,3590,7266
229,3676,3590,7266
229,3677,3590,7267
229,3677,3590,7267
229,3678,3590,7268
229,3678,3590,7268
229,3678,3590,7268
229,3678,3589,7267
229,3678,3589,7267
229,3678,3590,7268
229,3678,3590,7268
229,3679,3590,7269
229,3679,3590,7269
229,3680,3590,7270
229,3679,3590,7269
229,3679,3590,7269
229,3679,3591,7270
229,3679,3591,7270
229,3679,3591,7270
229,3678,3591,7269
229,3678,3590,7268
229,3678,3590,7268
229,3679,3590,7269
229,3679,3590,7269
229,3679,3591,7270
229,3679,3591,7270
229,3680,3591,7271
229,3680,3591,7271
229,3681,3591,7272
229,3681,3591,7272
229,3682,3591,7273
229,3682,3591,7273
229,3682,3591,7273
229,3683,3591,7274
229,3683,3591,7274
229,3683,3592,7275
229,3683,3592,7275
229,3684,3592,7276
229,3684,3592,7276
229,3684,3592,7276
229,3685,3592,7277
229,3685,3592,7277
229,3685,3593,7278
229,3684,3593,7277
229,3684,3592,7276
229,3684,3592,7276
229,3684,3592,7276
229,3685,3592,7277
229,3685,3592,7277
229,3686,3592,7278
229,3686,3592,7278
229,3687,3592,7279
229,3687,3592,7279
229,3688,3592,7280
229,3688,3592,7280
229,3687,3592,7279
229,3687,3592,7279
229,3688,3592,7280
229,3687,3592,7279
229,3687,3592,7279
229,3688,3592,7280
229,3688,3592,7280
229,3689,3592,7281
229,3688,3592,7280
229,3688,3592,7280
229,3688,3593,7281
229,3688,3593,7281
229,3688,3593,7281
229,3688,3594,7282
229,3688,3594,7282
229,3688,3594,7282
229,3687,3594,7281
229,3687,3594,7281
229,3688,3594,7282
229,3688,3594,7282
229,3688,3595,7283
229,3688,3595,7283
229,3688,3596,7284
229,3688,3596,7284
229,3688,3596,7284
229,3688,3597,7285
229,3688,3597,7285
229,3689,3597,7286
229,3689,3596,7285
229,3688,3596,7284
229,3688,3596,7284
229,3688,3595,7283
229,3688,3595,7283
229,3688,3595,7283
229,3688,3595,7283
229,3688,3596,7284
229,3688,3596,7284
229,3688,3597,7285
229,3688,3597,7285
229,3688,3598,7286
229,3688,3598,7286
229,3688,3599,7287
229,3688,3599,7287
229,3689,3599,7288
229,3689,3599,7288
229,3689,3600,7289
229,3689,3600,7289
229,3690,3600,7290
229,3690,3599,7289
229,3690,3599,7289
229,3691,3599,7290
229,3691,3599,7290
229,3691,3599,7290
229,3692,3599,7291
229,3692,3599,7291
229,3692,3599,7291
229,3693,3599,7292
229,3692,3599,7291
229,3692,3599,7291
229,3692,3599,7291
229,3692,3600,7292
229,3692,3600,7292
229,3693,3600,7293
229,3693,3600,7293
229,3693,3600,7293
229,3693,3601,7294
229,3693,3601,7294
229,3693,3602,7295
229,3693,3602,7295
229,3694,3602,7296
229,3694,3602,7296
229,3695,3602,7297
229,3695,3602,7297
229,3695,3603,7298
229,3695,3603,7298
229,3695,3604,7299
229,3695,3604,7299
229,3696,3604,7300
229,3696,3604,7300
229,3697,3604,7301
229,3697,3604,7301
229,3698,3604,7302
229,3698,3604,7302
229,3698,3604,7302
229,3698,3605,7303
229,3698,3605,7303
229,3699,3605,7304
229,3699,3605,7304
229,3699,3605,7304
229,3699,3606,7305
229,3698,3606,7304
229,3698,3605,7303
229,3697,3605,7302
229,3697,3605,7302
229,3697,3606,7303
229,3697,3606,7303
229,3697,3606,7303
229,3697,3607,7304
229,3697,3607,7304
229,3698,3607,7305
229,3698,3607,7305
229,3698,3607,7305
229,3699,3607,7306
229,3699,3607,7306
229,3700,3607,7307
229,3700,3607,7307
229,3700,3607,7307
229,3701,3607,7308
229,3701,3607,7308
229,3701,3608,7309
229,3701,3608,7309
229,3701,3608,7309
229,3701,3609,7310
229,3701,3609,7310
229,3702,3609,7311
229,3702,3609,7311
229,3702,3610,7312
229,3702,3610,7312
229,3703,3610,7313
229,3703,3610,7313
229,3704,3610,7314
229,3704,3610,7314
229,3704,3609,7313
229,3703,3609,7312
229,3703,3609,7312
229,3703,3610,7313
229,3702,3610,7312
229,3702,3610,7312
229,3702,3609,7311
229,3702,3608,7310
229,3702,3608,7310
229,3703,3608,7311
229,3703,3608,7311
229,3703,3608,7311
229,3703,3609,7312
229,3703,3609,7312
229,3703,3609,7312
229,3703,3610,7313
229,3703,3610,7313
229,3703,3610,7313
229,3703,3610,7313
229,3703,3610,7313
229,3703,3611,7314
229,3702,3611,7313
229,3702,3611,7313
229,3703,3611,7314
229,3703,3610,7313
229,3703,3610,7313
229,3703,3610,7313
229,3703,3610,7313
229,3703,3611,7314
229,3703,3611,7314
229,3704,3611,7315
229,3703,3611,7314
229,3703,3611,7314
229,3703,3611,7314
229,3704,3611,7315
229,3704,3611,7315
229,3704,3611,7315
229,3704,3612,7316
229,3704,3612,7316
229,3704,3613,7317
229,3704,3613,7317
229,3704,3614,7318
229,3703,3614,7317
229,3703,3614,7317
229,3703,3615,7318
229,3703,3615,7318
229,3703,3616,7319
229,3703,3616,7319
229,3703,3617,7320
229,3703,3617,7320
229,3704,3617,7321
229,3704,3616,7320
229,3704,3616,7320
229,3703,3616,7319
229,3703,3615,7318
229,3703,3615,7318
229,3703,3616,7319
229,3703,3616,7319
229,3704,3616,7320
229,3704,3616,7320
229,3705,3616,7321
229,3705,3615,7320
229,3705,3615,7320
229,3704,3615,7319
229,3704,3615,7319
229,3705,3615,7320
229,3705,3615,7320
229,3705,3616,7321
229,3705,3616,7321
229,3705,3616,7321
229,3705,3617,7322
229,3705,3617,7322
229,3704,3617,7321
229,3704,3616,7320
229,3704,3615,7319
229,3704,3615,7319
229,3705,3615,7320
229,3705,3615,7320
229,3704,3615,7319
229,3704,3615,7319
229,3704,3615,7319
229,3704,3615,7319
229,3704,3616,7320
229,3704,3616,7320
229,3704,3616,7320
229,3705,3616,7321
229,3704,3616,7320
229,3704,3616,7320
229,3704,3617,7321
229,3704,3617,7321
229,3705,3617,7322
229,3705,3617,7322
229,3705,3617,7322
229,3704,3617,7321
229,3704,3617,7321
229,3704,3618,7322
229,3704,3618,7322
229,3704,3619,7323
229,3704,3619,7323
229,3704,3620,7324
229,3704,3620,7324
229,3705,3620,7325
229,3705,3620,7325
229,3705,3620,7325
229,3705,3620,7325
229,3705,3621,7326
229,3705,3621,7326
229,3705,3621,7326
229,3706,3621,7327
229,3706,3621,7327
229,3706,3622,7328
229,3706,3622,7328
229,3707,3622,7329
229,3707,3622,7329
229,3708,3622,7330
229,3708,3622,7330
229,3709,3622,7331
229,3709,3622,7331
229,3709,3622,7331
229,3710,3622,7332
229,3710,3622,7332
229,3711,3622,7333
229,3711,3622,7333
229,3711,3622,7333
229,3711,3623,7334
229,3711,3623,7334
229,3711,3623,7334
229,3712,3623,7335
229,3712,3623,7335
229,3713,3623,7336
229,3713,3623,7336
229,3713,3624,7337
229,3712,3624,7336
229,3712,3624,7336
229,3712,3625,7337
229,3712,3625,7337
229,3713,3625,7338
229,3713,3624,7337
229,3713,3624,7337
229,3712,3624,7336
229,3712,3624,7336
229,3712,3625,7337
229,3712,3625,7337
229,3712,3625,7337
229,3713,3625,7338
229,3713,3625,7338
229,3714,3625,7339
229,3714,3625,7339
229,3714,3626,7340
229,3714,3625,7339
229,3714,3625,7339
229,3714,3626,7340
229,3714,3625,7339
229,3714,3625,7339
229,3715,3625,7340
229,3715,3625,7340
229,3715,3626,7341
229,3715,3626,7341
229,3715,3626,7341
229,3715,3626,7341
229,3715,3626,7341
229,3715,3626,7341
229,3716,3626,7342
229,3716,3626,7342
229,3717,3626,7343
229,3717,3626,7343
229,3717,3627,7344
229,3717,3626,7343
229,3717,3626,7343
229,3717,3626,7343
229,3718,3626,7344
229,3718,3626,7344
229,3719,3626,7345
229,3719,3626,7345
229,3719,3626,7345
229,3720,3626,7346
229,3720,3626,7346
229,3721,3626,7347
229,3721,3626,7347
229,3721,3626,7347
229,3722,3626,7348
229,3722,3626,7348
229,3722,3626,7348
229,3722,3626,7348
229,3722,3626,7348
229,3723,3626,7349
229,3723,3625,7348
229,3722,3625,7347
229,3721,3625,7346
229,3721,3625,7346
229,3721,3626,7347
229,3720,3626,7346
229,3720,3626,7346
229,3721,3626,7347
229,3721,3626,7347
229,3722,3626,7348
229,3722,3626,7348
229,3723,3626,7349
229,3723,3626,7349
229,3724,3626,7350
229,3724,3626,7350
229,3724,3626,7350
229,3724,3627,7351
229,3724,3626,7350
229,3724,3626,7350
229,3725,3626,7351
229,3725,3626,7351
229,3726,3626,7352
229,3726,3626,7352
229,3727,3626,7353
229,3727,3626,7353
229,3727,3627,7354
229,3727,3627,7354
229,3728,3627,7355
229,3728,3627,7355
229,3728,3628,7356
229,3728,3628,7356
229,3729,3628,7357
229,3729,3627,7356
229,3729,3627,7356
229,3730,3627,7357
229,3730,3627,7357
229,3730,3627,7357
229,3730,3628,7358
229,3730,3628,7358
229,3731,3628,7359
229,3731,3628,7359
229,3731,3629,7360
229,3731,3629,7360
229,3731,3630,7361
229,3731,3630,7361
229,3732,3630,7362
229,3732,3630,7362
229,3733,3630,7363
229,3732,3630,7362
229,3732,3630,7362
229,3733,3630,7363
229,3733,3630,7363
229,3733,3630,7363
229,3734,3630,7364
229,3734,3630,7364
229,3734,3631,7365
229,3734,3631,7365
229,3735,3631,7366
229,3735,3631,7366
229,3736,3631,7367
229,3736,3631,7367
229,3737,3631,7368
229,3737,3631,7368
229,3737,3631,7368
229,3737,3631,7368
229,3738,3631,7369
229,3738,3631,7369
229,3738,3631,7369
229,3739,3631,7370
229,3739,3631,7370
229,3738,3631,7369
229,3738,3631,7369
229,3739,3631,7370
229,3739,3631,7370
229,3739,3631,7370
229,3738,3631,7369
229,3738,3631,7369
229,3738,3631,7369
229,3738,3631,7369
229,3738,3631,7369
229,3739,3631,7370
229,3739,3631,7370
229,3739,3632,7371
229,3739,3632,7371
229,3739,3632,7371
229,3739,3632,7371
229,3739,3632,7371
229,3739,3632,7371
229,3740,3632,7372
229,3739,3632,7371
229,3739,3632,7371
229,3740,3632,7372
229,3739,3632,7371
229,3739,3632,7371
229,3738,3632,7370
229,3738,3631,7369
229,3738,3631,7369
229,3739,3631,7370
229,3739,3631,7370
229,3739,3631,7370
229,3739,3632,7371
229,3738,3632,7370
229,3738,3632,7370
229,3738,3632,7370
229,3738,3631,7369
229,3738,3631,7369
229,3738,3632,7370
229,3738,3632,7370
229,3739,3632,7371
229,3739,3632,7371
229,3739,3632,7371
229,3740,3632,7372
229,3740,3632,7372
229,3740,3632,7372
229,3740,3632,7372
229,3741,3632,7373
229,3741,3632,7373
229,3742,3632,7374
229,3742,3632,7374
229,3742,3632,7374
229,3742,3633,7375
229,3742,3633,7375
229,3742,3634,7376
229,3742,3634,7376
229,3742,3635,7377
229,3742,3635,7377
229,3742,3636,7378
229,3742,3636,7378
229,3741,3636,7377
229,3741,3636,7377
229,3741,3637,7378
229,3741,3637,7378
229,3741,3637,7378
229,3741,3638,7379
229,3741,3638,7379
229,3741,3639,7380
229,3741,3639,7380
229,3741,3638,7379
229,3741,3638,7379
229,3742,3638,7380
229,3742,3638,7380
229,3743,3638,7381
229,3743,3638,7381
229,3743,3639,7382
229,3743,3639,7382
229,3744,3639,7383
229,3744,3639,7383
229,3744,3640,7384
229,3744,3640,7384
229,3745,3640,7385
229,3745,3640,7385
229,3745,3640,7385
229,3745,3639,7384
229,3745,3639,7384
229,3745,3640,7385
229,3745,3640,7385
229,3745,3641,7386
229,3744,3641,7385
229,3744,3641,7385
229,3744,3642,7386
229,3744,3641,7385
229,3744,3641,7385
229,3745,3641,7386
229,3745,3641,7386
229,3745,3640,7385
229,3744,3640,7384
229,3744,3640,7384
229,3744,3641,7385
229,3744,3641,7385
229,3744,3642,7386
229,3744,3642,7386
229,3744,3642,7386
229,3744,3642,7386
229,3744,3643,7387
229,3744,3643,7387
229,3744,3642,7386
229,3744,3642,7386
229,3744,3643,7387
229,3744,3643,7387
229,3744,3644,7388
229,3744,3644,7388
229,3745,3644,7389
229,3745,3644,7389
229,3745,3645,7390
229,3745,3645,7390
229,3745,3646,7391
229,3745,3646,7391
229,3745,3645,7390
229,3745,3645,7390
229,3746,3645,7391
229,3746,3645,7391
229,3747,3645,7392
229,3747,3645,7392
229,3748,3645,7393
229,3748,3644,7392
229,3748,3644,7392
229,3749,3644,7393
229,3749,3644,7393
229,3750,3644,7394
229,3750,3644,7394
229,3750,3644,7394
229,3751,3644,7395
229,3751,3644,7395
229,3752,3644,7396
229,3752,3644,7396
229,3752,3645,7397
229,3752,3645,7397
229,3752,3646,7398
229,3752,3646,7398
229,3752,3647,7399
229,3752,3647,7399
229,3751,3647,7398
229,3751,3647,7398
229,3751,3646,7397
229,3751,3646,7397
229,3751,3647,7398
229,3751,3646,7397
229,3751,3646,7397
229,3752,3646,7398
229,3752,3646,7398
229,3752,3646,7398
229,3753,3646,7399
229,3753,3646,7399
229,3753,3646,7399
229,3754,3646,7400
229,3754,3646,7400
229,3754,3646,7400
229,3754,3647,7401
229,3754,3647,7401
229,3754,3648,7402
229,3754,3647,7401
229,3754,3647,7401
229,3755,3647,7402
229,3755,3647,7402
229,3755,3647,7402
229,3755,3646,7401
229,3755,3646,7401
229,3755,3647,7402
229,3754,3647,7401
229,3754,3647,7401
229,3754,3648,7402
229,3754,3648,7402
229,3754,3648,7402
229,3754,3649,7403
229,3754,3649,7403
229,3754,3648,7402
229,3754,3648,7402
229,3754,3649,7403
229,3754,3649,7403
229,3755,3649,7404
229,3755,3649,7404
229,3756,3649,7405
229,3756,3649,7405
229,3756,3650,7406
229,3756,3650,7406
229,3756,3651,7407
229,3756,3651,7407
229,3756,3652,7408
229,3756,3652,7408
229,3756,3653,7409
229,3756,3653,7409
229,3756,3654,7410
229,3756,3654,7410
229,3756,3655,7411
229,3756,3655,7411
229,3756,3656,7412
229,3756,3656,7412
229,3756,3656,7412
229,3756,3656,7412
229,3757,3656,7413
229,3757,3655,7412
229,3757,3655,7412
229,3757,3656,7413
229,3757,3656,7413
229,3757,3656,7413
229,3757,3657,7414
229,3757,3657,7414
229,3758,3657,7415
229,3758,3657,7415
229,3758,3657,7415
229,3759,3657,7416
229,3759,3657,7416
229,3759,3657,7416
229,3759,3657,7416
229,3759,3658,7417
229,3758,3658,7416
229,3758,3657,7415
229,3757,3657,7414
229,3757,3657,7414
229,3758,3657,7415
229,3758,3657,7415
229,3758,3658,7416
229,3758,3658,7416
229,3758,3659,7417
229,3758,3659,7417
229,3758,3660,7418
229,3758,3660,7418
229,3759,3660,7419
229,3758,3660,7418
229,3758,3660,7418
229,3757,3660,7417
229,3757,3660,7417
229,3757,3660,7417
229,3757,3660,7417
229,3758,3660,7418
229,3758,3660,7418
229,3758,3661,7419
229,3758,3661,7419
229,3759,3661,7420
229,3759,3660,7419
229,3759,3660,7419
229,3759,3660,7419
229,3759,3660,7419
229,3759,3661,7420
229,3759,3661,7420
229,3759,3661,7420
229,3760,3661,7421
229,3759,3661,7420
229,3759,3661,7420
229,3760,3661,7421
229,3760,3661,7421
229,3760,3662,7422
229,3760,3662,7422
229,3760,3663,7423
229,3760,3663,7423
229,3760,3664,7424
229,3759,3664,7423
229,3759,3664,7423
229,3759,3665,7424
229,3759,3665,7424
229,3759,3666,7425
229,3759,3665,7424
229,3759,3665,7424
229,3760,3665,7425
229,3760,3664,7424
229,3760,3664,7424
229,3761,3664,7425
229,3761,3664,7425
229,3761,3665,7426
229,3761,3665,7426
229,3762,3665,7427
229,3762,3665,7427
229,3762,3666,7428
229,3762,3666,7428
229,3763,3666,7429
229,3763,3666,7429
229,3763,3667,7430
229,3763,3667,7430
229,3762,3667,7429
229,3762,3667,7429
229,3763,3667,7430
229,3763,3667,7430
229,3763,3668,7431
229,3763,3668,7431
229,3763,3669,7432
229,3763,3669,7432
229,3763,3668,7431
229,3763,3668,7431
229,3763,3668,7431
229,3763,3668,7431
229,3763,3668,7431
229,3763,3668,7431
229,3764,3668,7432
229,3764,3668,7432
229,3764,3669,7433
229,3764,3669,7433
229,3765,3669,7434
229,3765,3669,7434
229,3765,3670,7435
229,3765,3669,7434
229,3765,3669,7434
229,3765,3668,7433
229,3765,3668,7433
229,3765,3669,7434
229,3765,3669,7434
229,3765,3669,7434
229,3766,3669,7435
229,3766,3669,7435
229,3767,3669,7436
229,3767,3669,7436
229,3767,3670,7437
229,3766,3670,7436
229,3766,3670,7436
229,3766,3670,7436
229,3766,3671,7437
229,3766,3671,7437
229,3766,3672,7438
229,3766,3672,7438
229,3766,3672,7438
229,3766,3672,7438
229,3766,3673,7439
229,3766,3672,7438
229,3766,3672,7438
229,3766,3673,7439
229,3766,3672,7438
229,3766,3672,7438
229,3766,3672,7438
229,3766,3672,7438
229,3767,3672,7439
229,3767,3672,7439
229,3767,3673,7440
229,3767,3673,7440
229,3767,3673,7440
229,3768,3673,7441
229,3768,3672,7440
229,3768,3672,7440
229,3768,3672,7440
229,3769,3672,7441
229,3769,3672,7441
229,3769,3672,7441
229,3770,3672,7442
229,3770,3672,7442
229,3771,3672,7443
229,3770,3672,7442
229,3769,3672,7441
229,3769,3672,7441
229,3769,3672,7441
229,3769,3673,7442
229,3769,3673,7442
229,3769,3673,7442
229,3769,3673,7442
229,3769,3673,7442
229,3769,3674,7443
229,3769,3674,7443
229,3769,3674,7443
229,3769,3674,7443
229,3770,3674,7444
229,3770,3674,7444
229,3770,3674,7444
229,3770,3675,7445
229,3770,3675,7445
229,3770,3676,7446
229,3770,3676,7446
229,3769,3676,7445
229,3769,3676,7445
229,3769,3676,7445
229,3769,3676,7445
229,3770,3676,7446
229,3770,3676,7446
229,3770,3677,7447
229,3770,3677,7447
229,3770,3678,7448
229,3770,3678,7448
229,3770,3678,7448
229,3770,3678,7448
229,3770,3679,7449
229,3770,3679,7449
229,3770,3680,7450
229,3770,3679,7449
229,3770,3678,7448
229,3770,3678,7448
229,3770,3678,7448
229,3771,3678,7449
230,3771,3677,7448
230,3771,3677,7448
230,3772,3677,7449
230,3772,3677,7449
230,3772,3678,7450
230,3771,3678,7449
230,3771,3678,7449
230,3771,3678,7449
230,3771,3678,7449
230,3771,3679,7450
230,3771,3679,7450
230,3772,3679,7451
230,3772,3678,7450
230,3772,3678,7450
230,3772,3679,7451
230,3772,3679,7451
230,3773,3679,7452
230,3773,3679,7452
230,3774,3679,7453
230,3773,3679,7452
230,3773,3679,7452
230,3774,3679,7453
230,3774,3679,7453
230,3775,3679,7454
230,3775,3679,7454
230,3776,3679,7455
230,3776,3679,7455
230,3777,3679,7456
230,3777,3679,7456
230,3777,3679,7456
230,3778,3679,7457
230,3778,3679,7457
230,3778,3679,7457
230,3779,3679,7458
230,3779,3679,7458
230,3780,3679,7459
230,3780,3679,7459
230,3779,3679,7458
230,3778,3679,7457
230,3778,3679,7457
230,3777,3679,7456
230,3777,3679,7456
230,3778,3679,7457
230,3778,3679,7457
230,3779,3679,7458
230,3779,3679,7458
230,3778,3679,7457
230,3778,3679,7457
230,3778,3679,7457
230,3778,3679,7457
230,3778,3680,7458
230,3778,3680,7458
230,3779,3680,7459
230,3779,3680,7459
230,3779,3681,7460
230,3779,3681,7460
230,3779,3682,7461
230,3779,3682,7461
230,3780,3682,7462
230,3780,3682,7462
230,3781,3682,7463
230,3781,3682,7463
230,3780,3682,7462
230,3780,3682,7462
230,3780,3682,7462
230,3781,3682,7463
230,3781,3682,7463
230,3781,3683,7464
230,3781,3683,7464
230,3782,3683,7465
230,3782,3683,7465
230,3781,3683,7464
230,3781,3683,7464
230,3781,3684,7465
230,3781,3684,7465
230,3781,3685,7466
230,3780,3685,7465
230,3780,3685,7465
230,3781,3685,7466
230,3781,3685,7466
230,3781,3686,7467
230,3781,3685,7466
230,3781,3685,7466
230,3782,3685,7467
230,3782,3685,7467
230,3783,3685,7468
230,3783,3685,7468
230,3783,3685,7468
230,3783,3686,7469
230,3783,3686,7469
230,3783,3686,7469
230,3783,3686,7469
230,3783,3686,7469
230,3783,3686,7469
230,3783,3686,7469
230,3783,3687,7470
230,3783,3687,7470
230,3783,3688,7471
230,3783,3688,7471
230,3783,3688,7471
230,3783,3689,7472
230,3783,3689,7472
230,3783,3690,7473
230,3783,3690,7473
230,3783,3690,7473
230,3783,3690,7473
230,3783,3690,7473
230,3783,3691,7474
230,3783,3690,7473
230,3783,3690,7473
230,3783,3690,7473
230,3783,3691,7474
230,3783,3691,7474
230,3783,3692,7475
230,3783,3692,7475
230,3784,3692,7476
230,3784,3692,7476
230,3785,3692,7477
230,3785,3691,7476
230,3785,3691,7476
230,3785,3691,7476
230,3786,3691,7477
230,3786,3691,7477
230,3786,3691,7477
230,3787,3691,7478
230,3787,3691,7478
230,3788,3691,7479
230,3788,3691,7479
230,3788,3691,7479
230,3789,3691,7480
230,3789,3691,7480
230,3789,3691,7480
230,3789,3691,7480
230,3788,3691,7479
230,3787,3691,7478
230,3787,3691,7478
230,3787,3691,7478
230,3788,3691,7479
230,3788,3691,7479
230,3788,3692,7480
230,3788,3692,7480
230,3789,3692,7481
230,3789,3692,7481
230,3790,3692,7482
230,3790,3692,7482
230,3790,3693,7483
230,3790,3693,7483
230,3790,3694,7484
230,3790,3694,7484
230,3789,3694,7483
230,3789,3694,7483
230,3789,3695,7484
230,3789,3695,7484
230,3789,3696,7485
230,3789,3696,7485
230,3789,3695,7484
230,3789,3695,7484
230,3789,3695,7484
230,3789,3696,7485
230,3789,3696,7485
230,3790,3696,7486
230,3790,3696,7486
230,3790,3696,7486
230,3790,3697,7487
230,3790,3697,7487
230,3791,3697,7488
230,3791,3697,7488
230,3791,3697,7488
230,3791,3698,7489
230,3791,3698,7489
230,3791,3699,7490
230,3791,3699,7490
230,3791,3700,7491
230,3791,3700,7491
230,3791,3700,7491
230,3791,3701,7492
230,3791,3701,7492
230,3791,3701,7492
230,3791,3702,7493
230,3791,3702,7493
230,3792,3702,7494
230,3792,3702,7494
230,3792,3703,7495
230,3792,3703,7495
230,3792,3703,7495
230,3792,3703,7495
230,3792,3702,7494
230,3792,3701,7493
230,3791,3701,7492
230,3791,3701,7492
230,3791,3701,7492
230,3791,3701,7492
230,3791,3701,7492
230,3791,3702,7493
230,3791,3702,7493
230,3792,3702,7494
230,3792,3702,7494
230,3793,3702,7495
230,3793,3702,7495
230,3793,3703,7496
230,3793,3703,7496
230,3793,3704,7497
230,3793,3704,7497
230,3793,3704,7497
230,3793,3705,7498
230,3793,3704,7497
230,3793,3704,7497
230,3794,3704,7498
230,3794,3704,7498
230,3794,3705,7499
230,3794,3705,7499
230,3794,3705,7499
230,3794,3706,7500
230,3794,3706,7500
230,3794,3706,7500
230,3794,3707,7501
230,3794,3706,7500
230,3794,3706,7500
230,3794,3707,7501
230,3794,3707,7501
230,3795,3707,7502
230,3795,3707,7502
230,3795,3706,7501
230,3795,3706,7501
230,3795,3706,7501
230,3795,3706,7501
230,3795,3707,7502
230,3795,3707,7502
230,3795,3708,7503
230,3795,3708,7503
230,3795,3708,7503
230,3795,3709,7504
230,3795,3709,7504
230,3795,3709,7504
230,3795,3710,7505
230,3794,3710,7504
230,3794,3710,7504
230,3794,3710,7504
230,3794,3710,7504
230,3794,3711,7505
230,3794,3711,7505
230,3795,3711,7506
230,3795,3711,7506
230,3795,3711,7506
230,3795,3711,7506
230,3795,3712,7507
230,3795,3712,7507
230,3796,3712,7508
230,3796,3712,7508
230,3796,3712,7508
230,3796,3713,7509
230,3796,3713,7509
230,3796,3714,7510
230,3796,3713,7509
230,3796,3713,7509
230,3797,3713,7510
230,3797,3713,7510
230,3797,3713,7510
230,3798,3713,7511
230,3798,3713,7511
230,3799,3713,7512
230,3799,3713,7512
230,3799,3714,7513
230,3799,3713,7512
230,3799,3713,7512
230,3800,3713,7513
230,3800,3713,7513
230,3800,3713,7513
230,3800,3714,7514
230,3800,3714,7514
230,3801,3714,7515
230,3801,3714,7515
230,3801,3715,7516
230,3801,3715,7516
230,3801,3715,7516
230,3802,3715,7517
230,3802,3715,7517
230,3802,3715,7517
230,3802,3716,7518
230,3802,3716,7518
230,3802,3717,7519
230,3802,3717,7519
230,3802,3718,7520
230,3802,3718,7520
230,3803,3718,7521
230,3803,3717,7520
230,3803,3717,7520
230,3803,3717,7520
230,3803,3717,7520
230,3804,3717,7521
230,3804,3717,7521
230,3805,3717,7522
230,3805,3717,7522
230,3805,3717,7522
230,3806,3717,7523
230,3806,3717,7523
230,3806,3718,7524
230,3805,3718,7523
230,3805,3718,7523
230,3805,3719,7524
230,3805,3718,7523
230,3805,3718,7523
230,3806,3718,7524
230,3806,3718,7524
230,3807,3718,7525
230,3807,3718,7525
230,3807,3717,7524
230,3807,3717,7524
230,3807,3717,7524
230,3807,3717,7524
230,3807,3717,7524
230,3807,3718,7525
230,3807,3718,7525
230,3808,3718,7526
230,3808,3718,7526
230,3809,3718,7527
230,3809,3718,7527
230,3809,3718,7527
230,3809,3719,7528
230,3808,3719,7527
230,3808,3718,7526
230,3808,3718,7526
230,3808,3718,7526
230,3809,3718,7527
230,3809,3718,7527
230,3809,3719,7528
230,3809,3719,7528
230,3810,3719,7529
230,3810,3719,7529
230,3810,3720,7530
230,3810,3720,7530
230,3810,3721,7531
230,3810,3721,7531
230,3811,3721,7532
230,3811,3721,7532
230,3811,3721,7532
230,3812,3721,7533
230,3812,3721,7533
230,3812,3722,7534
230,3812,3722,7534
230,3813,3722,7535
230,3813,3722,7535
230,3813,3723,7536
230,3813,3723,7536
230,3813,3723,7536
230,3814,3723,7537
230,3813,3723,7536
230,3813,3723,7536
230,3813,3724,7537
230,3812,3724,7536
230,3812,3724,7536
230,3813,3724,7537
230,3813,3724,7537
230,3814,3724,7538
230,3814,3724,7538
230,3814,3723,7537
230,3814,3723,7537
230,3815,3723,7538
230,3815,3723,7538
230,3815,3724,7539
230,3815,3724,7539
230,3815,3725,7540
230,3814,3725,7539
230,3814,3724,7538
230,3814,3723,7537
230,3814,3723,7537
230,3814,3724,7538
230,3813,3724,7537
230,3813,3724,7537
230,3814,3724,7538
230,3814,3724,7538
230,3814,3723,7537
230,3814,3723,7537
230,3814,3723,7537
230,3814,3723,7537
230,3815,3723,7538
230,3815,3723,7538
230,3815,3724,7539
230,3815,3724,7539
230,3815,3725,7540
230,3815,3725,7540
230,3815,3726,7541
230,3815,3726,7541
230,3815,3727,7542
230,3815,3727,7542
230,3815,3727,7542
230,3815,3727,7542
230,3815,3727,7542
230,3815,3728,7543
230,3815,3728,7543
230,3816,3728,7544
230,3816,3728,7544
230,3817,3728,7545
230,3816,3728,7544
230,3816,3728,7544
230,3817,3728,7545
230,3817,3728,7545
230,3817,3729,7546
230,3817,3729,7546
230,3818,3729,7547
230,3818,3729,7547
230,3818,3730,7548
230,3818,3730,7548
230,3818,3730,7548
230,3818,3730,7548
230,3818,3731,7549
230,3817,3731,7548
230,3817,3731,7548
230,3817,3731,7548
230,3817,3732,7549
230,3817,3732,7549
230,3818,3732,7550
230,3818,3731,7549
230,3818,3731,7549
230,3818,3732,7550
230,3818,3732,7550
230,3818,3733,7551
230,3817,3733,7550
230,3817,3733,7550
230,3818,3733,7551
230,3818,3732,7550
230,3818,3732,7550
230,3817,3732,7549
230,3817,3732,7549
230,3817,3732,7549
230,3817,3732,7549
230,3818,3732,7550
230,3818,3732,7550
230,3819,3732,7551
230,3819,3732,7551
230,3819,3732,7551
230,3820,3732,7552
230,3820,3732,7552
230,3821,3732,7553
230,3821,3732,7553
230,3821,3732,7553
230,3822,3732,7554
230,3822,3731,7553
230,3822,3731,7553
230,3822,3731,7553
230,3823,3731,7554
230,3823,3731,7554
230,3823,3732,7555
230,3822,3732,7554
230,3822,3731,7553
230,3821,3731,7552
230,3820,3731,7551
230,3820,3731,7551
230,3820,3732,7552
230,3819,3732,7551
230,3819,3732,7551
230,3819,3732,7551
230,3820,3732,7552
230,3820,3732,7552
230,3820,3733,7553
230,3820,3733,7553
230,3820,3733,7553
230,3821,3733,7554
230,3821,3733,7554
230,3821,3733,7554
230,3822,3733,7555
230,3822,3733,7555
230,3822,3734,7556
230,3822,3734,7556
230,3822,3734,7556
230,3823,3734,7557
230,3823,3734,7557
230,3823,3735,7558
230,3823,3735,7558
230,3823,3735,7558
230,3824,3735,7559
230,3824,3734,7558
230,3824,3734,7558
230,3824,3735,7559
230,3824,3735,7559
230,3824,3736,7560
230,3824,3736,7560
230,3825,3736,7561
230,3825,3736,7561
230,3826,3736,7562
230,3826,3736,7562
230,3825,3736,7561
230,3825,3736,7561
230,3825,3737,7562
230,3825,3737,7562
230,3826,3737,7563
230,3826,3737,7563
230,3827,3737,7564
230,3827,3737,7564
230,3827,3737,7564
230,3828,3737,7565
230,3828,3737,7565
230,3828,3738,7566
230,3828,3738,7566
230,3828,3738,7566
230,3828,3739,7567
230,3828,3739,7567
230,3828,3739,7567
230,3829,3739,7568
230,3828,3739,7567
230,3828,3739,7567
230,3828,3739,7567
230,3828,3739,7567
230,3828,3739,7567
230,3828,3739,7567
230,3828,3740,7568
230,3828,3740,7568
230,3828,3741,7569
230,3828,3741,7569
230,3829,3741,7570
230,3829,3741,7570
230,3829,3742,7571
230,3829,3742,7571
230,3829,3742,7571
230,3828,3742,7570
230,3828,3742,7570
230,3829,3742,7571
230,3829,3742,7571
230,3830,3742,7572
230,3830,3742,7572
230,3830,3742,7572
230,3831,3742,7573
230,3831,3741,7572
230,3830,3741,7571
230,3830,3741,7571
230,3831,3741,7572
230,3831,3741,7572
230,3831,3741,7572
230,3831,3742,7573
230,3831,3742,7573
230,3832,3742,7574
230,3832,3742,7574
230,3833,3742,7575
230,3833,3742,7575
230,3834,3742,7576
230,3834,3742,7576
230,3833,3742,7575
230,3833,3742,7575
230,3833,3743,7576
230,3832,3743,7575
230,3832,3743,7575
230,3833,3743,7576
230,3833,3743,7576
230,3833,3743,7576
230,3833,3743,7576
230,3834,3743,7577
230,3834,3742,7576
230,3834,3742,7576
230,3835,3742,7577
230,3835,3742,7577
230,3835,3743,7578
230,3834,3743,7577
230,3834,3743,7577
230,3834,3744,7578
230,3834,3743,7577
230,3834,3743,7577
230,3834,3744,7578
230,3834,3744,7578
230,3834,3745,7579
230,3834,3745,7579
230,3834,3745,7579
230,3834,3746,7580
230,3834,3746,7580
230,3834,3746,7580
230,3834,3746,7580
230,3835,3746,7581
230,3835,3746,7581
230,3835,3747,7582
230,3835,3747,7582
230,3836,3747,7583
230,3836,3746,7582
230,3836,3746,7582
230,3837,3746,7583
230,3837,3746,7583
230,3838,3746,7584
230,3838,3746,7584
230,3838,3747,7585
230,3838,3747,7585
230,3838,3748,7586
230,3838,3748,7586
230,3839,3748,7587
230,3839,3748,7587
230,3840,3748,7588
230,3840,3748,7588
230,3840,3749,7589
230,3840,3749,7589
230,3840,3750,7590
230,3840,3750,7590
230,3841,3750,7591
230,3841,3750,7591
230,3842,3750,7592
230,3842,3750,7592
230,3842,3750,7592
230,3842,3750,7592
230,3843,3750,7593
230,3843,3750,7593
230,3843,3751,7594
230,3843,3751,7594
230,3843,3751,7594
230,3844,3751,7595
230,3844,3751,7595
230,3845,3751,7596
230,3845,3751,7596
230,3846,3751,7597
230,3846,3751,7597
230,3846,3751,7597
230,3846,3752,7598
230,3846,3752,7598
230,3847,3752,7599
230,3847,3752,7599
230,3847,3752,7599
230,3848,3752,7600
230,3848,3752,7600
230,3847,3752,7599
230,3847,3752,7599
230,3847,3753,7600
230,3847,3753,7600
230,3848,3753,7601
230,3848,3753,7601
230,3848,3754,7602
230,3848,3754,7602
230,3849,3754,7603
230,3849,3754,7603
230,3849,3754,7603
230,3849,3754,7603
230,3849,3755,7604
230,3849,3755,7604
230,3849,3756,7605
230,3848,3756,7604
230,3848,3756,7604
230,3848,3756,7604
230,3848,3756,7604
230,3848,3757,7605
230,3848,3757,7605
230,3848,3757,7605
230,3849,3757,7606
230,3849,3757,7606
230,3849,3757,7606
230,3849,3757,7606
230,3849,3758,7607
230,3849,3757,7606
230,3849,3757,7606
230,3850,3757,7607
230,3850,3756,7606
230,3850,3756,7606
230,3851,3756,7607
230,3851,3756,7607
230,3851,3756,7607
230,3852,3756,7608
230,3852,3756,7608
230,3852,3756,7608
230,3852,3756,7608
230,3853,3756,7609
230,3853,3756,7609
230,3853,3757,7610
230,3853,3757,7610
230,3853,3757,7610
230,3854,3757,7611
230,3853,3757,7610
230,3853,3757,7610
230,3853,3757,7610
230,3853,3758,7611
230,3853,3758,7611
230,3854,3758,7612
230,3854,3758,7612
230,3854,3759,7613
230,3854,3759,7613
230,3853,3759,7612
230,3853,3759,7612
230,3853,3759,7612
230,3853,3759,7612
230,3853,3760,7613
230,3853,3760,7613
230,3854,3760,7614
230,3854,3760,7614
230,3854,3761,7615
230,3854,3761,7615
230,3854,3762,7616
230,3854,3762,7616
230,3855,3762,7617
230,3855,3762,7617
230,3855,3762,7617
230,3856,3762,7618
230,3856,3762,7618
230,3856,3763,7619
230,3856,3763,7619
230,3856,3763,7619
230,3856,3763,7619
230,3856,3764,7620
230,3856,3764,7620
230,3857,3764,7621
230,3857,3764,7621
230,3857,3765,7622
230,3857,3765,7622
230,3857,3765,7622
230,3858,3765,7623
230,3858,3765,7623
230,3858,3766,7624
230,3858,3766,7624
230,3859,3766,7625
230,3859,3766,7625
230,3860,3766,7626
230,3860,3766,7626
230,3860,3767,7627
230,3860,3767,7627
230,3860,3767,7627
230,3860,3767,7627
230,3860,3768,7628
230,3860,3768,7628
230,3860,3768,7628
230,3861,3768,7629
230,3861,3768,7629
230,3861,3767,7628
230,3860,3767,7627
230,3860,3767,7627
230,3860,3766,7626
230,3860,3766,7626
230,3860,3767,7627
230,3860,3767,7627
230,3860,3767,7627
230,3861,3767,7628
230,3861,3767,7628
230,3862,3767,7629
230,3862,3767,7629
230,3862,3767,7629
230,3863,3767,7630
230,3863,3767,7630
230,3863,3767,7630
230,3864,3767,7631
230,3864,3767,7631
230,3865,3767,7632
230,3865,3766,7631
230,3865,3766,7631
230,3864,3766,7630
230,3863,3766,7629
230,3863,3766,7629
230,3863,3766,7629
230,3863,3767,7630
230,3863,3767,7630
230,3863,3768,7631
230,3863,3768,7631
230,3863,3768,7631
230,3863,3768,7631
230,3862,3768,7630
230,3862,3768,7630
230,3862,3767,7629
230,3862,3766,7628
230,3862,3766,7628
230,3862,3766,7628
230,3862,3766,7628
230,3862,3767,7629
230,3862,3767,7629
230,3863,3767,7630
230,3863,3767,7630
230,3863,3768,7631
230,3862,3768,7630
230,3862,3768,7630
230,3863,3768,7631
230,3863,3768,7631
230,3863,3768,7631
230,3864,3768,7632
230,3864,3768,7632
230,3865,3768,7633
230,3865,3768,7633
230,3865,3768,7633
230,3865,3768,7633
230,3865,3769,7634
230,3865,3769,7634
230,3866,3769,7635
230,3866,3769,7635
230,3866,3770,7636
230,3866,3770,7636
230,3866,3771,7637
230,3866,3771,7637
230,3866,3772,7638
230,3866,3772,7638
230,3866,3771,7637
230,3866,3771,7637
230,3866,3771,7637
230,3866,3772,7638
230,3866,3772,7638
230,3867,3772,7639
230,3867,3772,7639
230,3867,3771,7638
230,3866,3771,7637
230,3866,3771,7637
230,3866,3771,7637
230,3866,3771,7637
230,3866,3772,7638
230,3866,3772,7638
230,3867,3772,7639
230,3867,3772,7639
230,3867,3773,7640
230,3867,3773,7640
230,3867,3773,7640
230,3867,3774,7641
230,3867,3774,7641
230,3867,3775,7642
230,3867,3774,7641
230,3867,3774,7641
230,3867,3775,7642
230,3867,3775,7642
230,3867,3775,7642
230,3867,3775,7642
230,3867,3775,7642
230,3867,3776,7643
230,3867,3775,7642
230,3867,3774,7641
230,3867,3774,7641
230,3867,3774,7641
230,3867,3775,7642
230,3867,3775,7642
230,3868,3775,7643
230,3868,3775,7643
230,3868,3775,7643
230,3868,3775,7643
230,3868,3775,7643
230,3869,3775,7644
230,3869,3775,7644
230,3869,3774,7643
230,3869,3774,7643
230,3869,3774,7643
230,3869,3775,7644
230,3869,3775,7644
230,3870,3775,7645
230,3869,3775,7644
230,3869,3775,7644
230,3869,3775,7644
230,3870,3775,7645
230,3870,3775,7645
230,3869,3775,7644
230,3869,3775,7644
230,3869,3776,7645
230,3869,3776,7645
230,3869,3777,7646
230,3869,3777,7646
230,3869,3777,7646
230,3869,3777,7646
230,3870,3777,7647
230,3870,3777,7647
230,3871,3777,7648
230,3871,3777,7648
230,3871,3778,7649
230,3871,3778,7649
230,3872,3778,7650
230,3872,3778,7650
230,3873,3778,7651
230,3873,3778,7651
230,3873,3778,7651
230,3874,3778,7652
230,3874,3778,7652
230,3875,3778,7653
230,3875,3778,7653
230,3875,3779,7654
230,3875,3779,7654
230,3875,3779,7654
230,3875,3779,7654
230,3875,3780,7655
230,3874,3780,7654
230,3874,3780,7654
230,3874,3781,7655
230,3874,3781,7655
230,3874,3781,7655
230,3875,3781,7656
230,3875,3781,7656
230,3875,3782,7657
230,3875,3782,7657
230,3876,3782,7658
230,3876,3782,7658
230,3876,3782,7658
230,3876,3782,7658
230,3876,3783,7659
230,3876,3783,7659
230,3876,3783,7659
230,3876,3784,7660
230,3876,3783,7659
230,3876,3783,7659
230,3876,3784,7660
230,3876,3783,7659
230,3876,3783,7659
230,3876,3783,7659
230,3876,3783,7659
230,3876,3783,7659
230,3876,3783,7659
230,3877,3783,7660
230,3877,3783,7660
230,3878,3783,7661
230,3878,3783,7661
230,3879,3783,7662
230,3879,3783,7662
230,3880,3783,7663
230,3880,3783,7663
230,3880,3784,7664
230,3880,3783,7663
230,3880,3783,7663
231,3880,3784,7664
231,3880,3784,7664
231,3880,3785,7665
231,3880,3785,7665
231,3880,3786,7666
231,3880,3785,7665
231,3880,3785,7665
231,3881,3785,7666
231,3881,3785,7666
231,3882,3785,7667
231,3882,3785,7667
231,3883,3785,7668
231,3883,3785,7668
231,3883,3784,7667
231,3883,3784,7667
231,3883,3784,7667
231,3883,3784,7667
231,3882,3784,7666
231,3882,3784,7666
231,3882,3784,7666
231,3882,3784,7666
231,3882,3784,7666
231,3882,3784,7666
231,3882,3785,7667
231,3882,3785,7667
231,3882,3785,7667
231,3883,3785,7668
231,3883,3785,7668
231,3883,3785,7668
231,3884,3785,7669
231,3884,3785,7669
231,3885,3785,7670
231,3885,3785,7670
231,3885,3785,7670
231,3885,3786,7671
231,3885,3786,7671
231,3886,3786,7672
231,3885,3786,7671
231,3884,3786,7670
231,3884,3786,7670
231,3885,3786,7671
231,3885,3786,7671
231,3885,3786,7671
231,3885,3786,7671
231,3885,3786,7671
231,3885,3786,7671
231,3886,3786,7672
231,3886,3786,7672
231,3886,3787,7673
231,3886,3787,7673
231,3886,3787,7673
231,3887,3787,7674
231,3887,3786,7673
231,3887,3786,7673
231,3887,3786,7673
231,3887,3787,7674
231,3887,3787,7674
231,3887,3787,7674
231,3888,3787,7675
231,3888,3787,7675
231,3888,3787,7675
231,3888,3787,7675
231,3888,3788,7676
231,3887,3788,7675
231,3887,3787,7674
231,3887,3787,7674
231,3886,3787,7673
231,3886,3787,7673
231,3886,3787,7673
231,3886,3787,7673
231,3887,3787,7674
231,3887,3787,7674
231,3888,3787,7675
231,3888,3786,7674
231,3888,3786,7674
231,3888,3786,7674
231,3888,3787,7675
231,3888,3787,7675
231,3889,3787,7676
231,3888,3787,7675
231,3888,3787,7675
231,3889,3787,7676
231,3889,3787,7676
231,3890,3787,7677
231,3889,3787,7676
231,3889,3787,7676
231,3890,3787,7677
231,3889,3787,7676
231,3889,3787,7676
231,3889,3788,7677
231,3889,3788,7677
231,3889,3789,7678
231,3889,3789,7678
231,3890,3789,7679
231,3890,3789,7679
231,3889,3789,7678
231,3889,3789,7678
231,3889,3790,7679
231,3889,3790,7679
231,3889,3791,7680
231,3888,3791,7679
231,3888,3791,7679
231,3889,3791,7680
231,3889,3791,7680
231,3889,3791,7680
231,3889,3791,7680
231,3890,3791,7681
231,3890,3791,7681
231,3890,3791,7681
231,3891,3791,7682
231,3891,3791,7682
231,3891,3791,7682
231,3892,3791,7683
231,3892,3791,7683
231,3893,3791,7684
231,3893,3791,7684
231,3894,3791,7685
231,3894,3791,7685
231,3894,3792,7686
231,3894,3792,7686
231,3894,3793,7687
231,3894,3793,7687
231,3894,3794,7688
231,3894,3794,7688
231,3894,3795,7689
231,3894,3794,7688
231,3894,3794,7688
231,3895,3794,7689
231,3895,3793,7688
231,3895,3793,7688
231,3895,3793,7688
231,3895,3793,7688
231,3896,3793,7689
231,3896,3793,7689
231,3896,3794,7690
231,3896,3794,7690
231,3896,3795,7691
231,3895,3795,7690
231,3895,3795,7690
231,3895,3796,7691
231,3895,3796,7691
231,3895,3796,7691
231,3895,3795,7690
231,3895,3795,7690
231,3895,3794,7689
231,3895,3794,7689
231,3895,3794,7689
231,3895,3794,7689
231,3895,3795,7690
231,3895,3795,7690
231,3895,3794,7689
231,3895,3794,7689
231,3895,3795,7690
231,3895,3794,7689
231,3895,3793,7688
231,3895,3793,7688
231,3895,3793,7688
231,3895,3793,7688
231,3895,3793,7688
231,3895,3793,7688
231,3896,3793,7689
231,3896,3793,7689
231,3896,3793,7689
231,3896,3793,7689
231,3897,3793,7690
231,3897,3793,7690
231,3897,3794,7691
231,3897,3794,7691
231,3897,3795,7692
231,3897,3795,7692
231,3898,3795,7693
231,3898,3795,7693
231,3898,3796,7694
231,3897,3796,7693
231,3897,3796,7693
231,3897,3795,7692
231,3896,3795,7691
231,3896,3794,7690
231,3896,3794,7690
231,3896,3795,7691
231,3896,3795,7691
231,3897,3795,7692
231,3897,3795,7692
231,3897,3796,7693
231,3897,3796,7693
231,3898,3796,7694
231,3898,3796,7694
231,3898,3796,7694
231,3898,3796,7694
231,3898,3796,7694
231,3898,3796,7694
231,3898,3797,7695
231,3898,3797,7695
231,3898,3798,7696
231,3898,3798,7696
231,3898,3799,7697
231,3898,3799,7697
231,3898,3799,7697
231,3898,3798,7696
231,3898,3797,7695
231,3898,3796,7694
231,3898,3796,7694
231,3899,3796,7695
231,3899,3796,7695
231,3899,3796,7695
231,3900,3796,7696
231,3900,3796,7696
231,3900,3796,7696
231,3900,3796,7696
231,3901,3796,7697
231,3901,3796,7697
231,3902,3796,7698
231,3902,3796,7698
231,3902,3795,7697
231,3902,3795,7697
231,3902,3795,7697
231,3903,3795,7698
231,3903,3795,7698
231,3903,3796,7699
231,3903,3796,7699
231,3903,3796,7699
231,3903,3797,7700
231,3903,3797,7700
231,3903,3798,7701
231,3903,3798,7701
231,3904,3798,7702
231,3904,3798,7702
231,3904,3799,7703
231,3904,3799,7703
231,3904,3800,7704
231,3904,3800,7704
231,3905,3800,7705
231,3905,3800,7705
231,3905,3801,7706
231,3905,3801,7706
231,3906,3801,7707
231,3906,3801,7707
231,3906,3801,7707
231,3906,3802,7708
231,3906,3802,7708
231,3906,3802,7708
231,3906,3803,7709
231,3906,3803,7709
231,3907,3803,7710
231,3906,3803,7709
231,3905,3803,7708
231,3905,3802,7707
231,3905,3802,7707
231,3906,3802,7708
231,3906,3802,7708
231,3907,3802,7709
231,3907,3802,7709
231,3907,3803,7710
231,3907,3802,7709
231,3907,3802,7709
231,3907,3803,7710
231,3907,3803,7710
231,3907,3804,7711
231,3907,3804,7711
231,3908,3804,7712
231,3908,3804,7712
231,3908,3805,7713
231,3908,3805,7713
231,3908,3805,7713
231,3909,3805,7714
231,3909,3805,7714
231,3909,3805,7714
231,3909,3805,7714
231,3910,3805,7715
231,3910,3805,7715
231,3910,3805,7715
231,3910,3805,7715
231,3910,3806,7716
231,3910,3806,7716
231,3911,3806,7717
231,3911,3806,7717
231,3911,3806,7717
231,3911,3806,7717
231,3911,3806,7717
231,3911,3807,7718
231,3911,3807,7718
231,3912,3807,7719
231,3912,3807,7719
231,3913,3807,7720
231,3913,3807,7720
231,3913,3808,7721
231,3913,3807,7720
231,3913,3807,7720
231,3913,3808,7721
231,3913,3808,7721
231,3913,3809,7722
231,3913,3809,7722
231,3913,3809,7722
231,3913,3809,7722
231,3913,3810,7723
231,3913,3810,7723
231,3914,3810,7724
231,3914,3810,7724
231,3915,3810,7725
231,3915,3810,7725
231,3915,3811,7726
231,3915,3811,7726
231,3916,3811,7727
231,3916,3811,7727
231,3916,3812,7728
231,3916,3812,7728
231,3916,3812,7728
231,3916,3813,7729
231,3916,3813,7729
231,3917,3813,7730
231,3917,3813,7730
231,3917,3814,7731
231,3917,3814,7731
231,3917,3814,7731
231,3918,3814,7732
231,3918,3814,7732
231,3919,3814,7733
231,3919,3814,7733
231,3920,3814,7734
231,3920,3814,7734
231,3920,3814,7734
231,3920,3815,7735
231,3920,3815,7735
231,3921,3815,7736
231,3921,3814,7735
231,3921,3814,7735
231,3922,3814,7736
231,3921,3814,7735
231,3921,3814,7735
231,3921,3814,7735
231,3921,3815,7736
231,3921,3815,7736
231,3921,3815,7736
231,3922,3815,7737
231,3922,3815,7737
231,3922,3816,7738
231,3922,3816,7738
231,3923,3816,7739
231,3923,3816,7739
231,3922,3816,7738
231,3922,3816,7738
231,3923,3816,7739
231,3923,3816,7739
231,3924,3816,7740
231,3924,3816,7740
231,3924,3816,7740
231,3924,3816,7740
231,3924,3817,7741
231,3924,3817,7741
231,3924,3817,7741
231,3924,3817,7741
231,3925,3817,7742
231,3925,3817,7742
231,3925,3818,7743
231,3925,3818,7743
231,3925,3819,7744
231,3925,3819,7744
231,3926,3819,7745
231,3926,3819,7745
231,3927,3819,7746
231,3927,3819,7746
231,3927,3819,7746
231,3928,3819,7747
231,3928,3819,7747
231,3929,3819,7748
231,3928,3819,7747
231,3928,3819,7747
231,3928,3819,7747
231,3929,3819,7748
231,3928,3819,7747
231,3928,3819,7747
231,3927,3819,7746
231,3927,3819,7746
231,3927,3820,7747
231,3927,3820,7747
231,3927,3821,7748
231,3926,3821,7747
231,3926,3820,7746
231,3926,3820,7746
231,3927,3820,7747
231,3927,3820,7747
231,3927,3820,7747
231,3927,3821,7748
231,3927,3821,7748
231,3927,3821,7748
231,3928,3821,7749
231,3928,3821,7749
231,3929,3821,7750
231,3929,3821,7750
231,3930,3821,7751
231,3930,3820,7750
231,3930,3820,7750
231,3930,3821,7751
231,3930,3821,7751
231,3931,3821,7752
231,3931,3821,7752
231,3932,3821,7753
231,3931,3821,7752
231,3931,3821,7752
231,3931,3822,7753
231,3931,3822,7753
231,3931,3822,7753
231,3931,3823,7754
231,3931,3823,7754
231,3931,3823,7754
231,3931,3823,7754
231,3932,3823,7755
231,3931,3823,7754
231,3931,3823,7754
231,3932,3823,7755
231,3932,3823,7755
231,3933,3823,7756
231,3932,3823,7755
231,3932,3823,7755
231,3932,3824,7756
231,3932,3824,7756
231,3933,3824,7757
231,3933,3824,7757
231,3933,3825,7758
231,3933,3825,7758
231,3933,3826,7759
231,3933,3826,7759
231,3933,3826,7759
231,3932,3826,7758
231,3932,3826,7758
231,3932,3827,7759
231,3932,3826,7758
231,3932,3826,7758
231,3932,3826,7758
231,3932,3826,7758
231,3932,3827,7759
231,3932,3827,7759
231,3932,3827,7759
231,3932,3828,7760
231,3932,3828,7760
231,3932,3829,7761
231,3932,3828,7760
231,3932,3828,7760
231,3932,3828,7760
231,3932,3828,7760
231,3932,3829,7761
231,3932,3829,7761
231,3932,3829,7761
231,3933,3829,7762
231,3933,3829,7762
231,3933,3829,7762
231,3933,3830,7763
231,3933,3830,7763
231,3933,3831,7764
231,3933,3831,7764
231,3933,3832,7765
231,3933,3832,7765
231,3933,3832,7765
231,3933,3833,7766
231,3933,3833,7766
231,3933,3834,7767
231,3933,3834,7767
231,3933,3835,7768
231,3933,3835,7768
231,3933,3836,7769
231,3933,3836,7769
231,3933,3837,7770
231,3933,3837,7770
231,3933,3837,7770
231,3933,3837,7770
231,3933,3838,7771
231,3933,3838,7771
231,3933,3839,7772
231,3933,3838,7771
231,3933,3838,7771
231,3934,3838,7772
231,3934,3838,7772
231,3934,3839,7773
231,3934,3838,7772
231,3934,3838,7772
231,3935,3838,7773
231,3935,3838,7773
231,3935,3839,7774
231,3935,3838,7773
231,3935,3837,7772
231,3935,3837,7772
231,3935,3837,7772
231,3935,3838,7773
231,3935,3838,7773
231,3935,3838,7773
231,3935,3839,7774
231,3935,3839,7774
231,3935,3840,7775
231,3935,3840,7775
231,3935,3841,7776
231,3935,3841,7776
231,3935,3842,7777
231,3935,3842,7777
231,3935,3843,7778
231,3935,3843,7778
231,3936,3843,7779
231,3936,3843,7779
231,3936,3844,7780
231,3936,3844,7780
231,3936,3844,7780
231,3937,3844,7781
231,3937,3844,7781
231,3937,3844,7781
231,3938,3844,7782
231,3938,3844,7782
231,3938,3845,7783
231,3938,3845,7783
231,3939,3845,7784
231,3939,3845,7784
231,3939,3846,7785
231,3938,3846,7784
231,3938,3845,7783
231,3938,3845,7783
231,3939,3845,7784
231,3939,3845,7784
231,3938,3845,7783
231,3938,3845,7783
231,3938,3846,7784
231,3938,3846,7784
231,3938,3847,7785
231,3938,3847,7785
231,3938,3847,7785
231,3939,3847,7786
231,3939,3847,7786
231,3939,3847,7786
231,3939,3847,7786
231,3939,3848,7787
231,3939,3848,7787
231,3938,3848,7786
231,3938,3848,7786
231,3938,3849,7787
231,3938,3849,7787
231,3938,3850,7788
231,3938,3850,7788
231,3938,3850,7788
231,3938,3851,7789
231,3938,3851,7789
231,3938,3852,7790
231,3938,3852,7790
231,3938,3852,7790
231,3938,3853,7791
231,3938,3853,7791
231,3938,3853,7791
231,3938,3853,7791
231,3938,3852,7790
231,3938,3852,7790
231,3939,3852,7791
231,3939,3852,7791
231,3939,3852,7791
231,3939,3851,7790
231,3938,3851,7789
231,3938,3851,7789
231,3939,3851,7790
231,3939,3851,7790
231,3939,3851,7790
231,3939,3851,7790
231,3940,3851,7791
231,3940,3851,7791
231,3940,3851,7791
231,3940,3852,7792
231,3940,3852,7792
231,3940,3853,7793
231,3940,3853,7793
231,3941,3853,7794
231,3941,3853,7794
231,3942,3853,7795
231,3942,3853,7795
231,3942,3854,7796
231,3942,3854,7796
231,3942,3855,7797
231,3942,3855,7797
231,3942,3854,7796
231,3942,3854,7796
231,3943,3854,7797
231,3943,3854,7797
231,3943,3854,7797
231,3944,3854,7798
231,3944,3854,7798
231,3944,3854,7798
231,3944,3854,7798
231,3945,3854,7799
231,3945,3854,7799
231,3945,3855,7800
231,3945,3855,7800
231,3945,3855,7800
231,3945,3856,7801
231,3945,3856,7801
231,3946,3856,7802
231,3946,3856,7802
231,3947,3856,7803
231,3947,3856,7803
231,3947,3856,7803
231,3947,3856,7803
231,3948,3856,7804
231,3948,3856,7804
231,3948,3857,7805
231,3948,3857,7805
231,3948,3857,7805
231,3948,3857,7805
231,3948,3858,7806
231,3948,3858,7806
231,3948,3858,7806
231,3948,3859,7807
231,3948,3859,7807
231,3948,3860,7808
231,3948,3859,7807
231,3948,3858,7806
231,3948,3857,7805
231,3948,3857,7805
231,3949,3857,7806
231,3949,3856,7805
231,3949,3856,7805
231,3949,3857,7806
231,3949,3857,7806
231,3949,3857,7806
231,3949,3857,7806
231,3949,3857,7806
231,3949,3858,7807
231,3949,3858,7807
231,3949,3859,7808
231,3949,3859,7808
231,3950,3859,7809
231,3950,3859,7809
231,3951,3859,7810
231,3951,3859,7810
231,3952,3859,7811
231,3952,3859,7811
231,3952,3859,7811
231,3952,3860,7812
231,3952,3860,7812
231,3953,3860,7813
231,3953,3860,7813
231,3953,3860,7813
231,3953,3861,7814
231,3952,3861,7813
231,3952,3860,7812
231,3952,3860,7812
231,3952,3860,7812
231,3953,3860,7813
231,3953,3860,7813
231,3953,3861,7814
231,3953,3861,7814
231,3953,3862,7815
231,3953,3862,7815
231,3952,3862,7814
231,3952,3861,7813
231,3952,3861,7813
231,3952,3862,7814
231,3952,3862,7814
231,3952,3862,7814
231,3952,3863,7815
231,3952,3863,7815
231,3953,3863,7816
231,3953,3863,7816
231,3954,3863,7817
231,3954,3863,7817
231,3954,3863,7817
231,3954,3863,7817
231,3954,3864,7818
231,3954,3864,7818
231,3954,3864,7818
231,3954,3865,7819
231,3954,3865,7819
231,3954,3866,7820
231,3954,3866,7820
231,3955,3866,7821
231,3955,3866,7821
231,3955,3867,7822
231,3955,3867,7822
231,3955,3867,7822
231,3955,3868,7823
231,3955,3867,7822
231,3955,3867,7822
231,3955,3866,7821
231,3955,3865,7820
231,3955,3865,7820
231,3955,3866,7821
231,3955,3866,7821
231,3955,3867,7822
231,3955,3867,7822
231,3955,3868,7823
231,3955,3868,7823
231,3955,3869,7824
231,3955,3869,7824
231,3955,3869,7824
231,3955,3869,7824
231,3956,3869,7825
231,3956,3869,7825
231,3956,3869,7825
231,3955,3869,7824
231,3955,3869,7824
231,3955,3870,7825
231,3955,3870,7825
231,3955,3871,7826
231,3955,3871,7826
231,3955,3871,7826
231,3956,3871,7827
231,3956,3871,7827
231,3955,3871,7826
231,3955,3871,7826
231,3955,3871,7826
231,3956,3871,7827
231,3956,3871,7827
231,3956,3871,7827
231,3956,3871,7827
231,3956,3871,7827
231,3956,3872,7828
231,3956,3872,7828
231,3956,3873,7829
231,3956,3873,7829
231,3956,3873,7829
231,3957,3873,7830
231,3957,3873,7830
231,3957,3874,7831
231,3957,3874,7831
231,3958,3874,7832
231,3958,3874,7832
231,3958,3874,7832
231,3958,3875,7833
231,3957,3875,7832
231,3957,3874,7831
231,3957,3874,7831
231,3957,3874,7831
231,3956,3874,7830
231,3956,3874,7830
231,3957,3874,7831
231,3957,3874,7831
231,3958,3874,7832
231,3958,3874,7832
231,3959,3874,7833
231,3959,3874,7833
231,3960,3874,7834
231,3960,3874,7834
231,3961,3874,7835
231,3961,3874,7835
231,3961,3875,7836
231,3961,3875,7836
231,3961,3876,7837
231,3961,3876,7837
231,3962,3876,7838
231,3962,3876,7838
231,3963,3876,7839
231,3963,3876,7839
231,3963,3875,7838
231,3963,3875,7838
231,3962,3875,7837
231,3962,3875,7837
231,3963,3875,7838
231,3962,3875,7837
231,3962,3875,7837
231,3962,3876,7838
231,3962,3876,7838
231,3963,3876,7839
231,3963,3876,7839
231,3964,3876,7840
231,3963,3876,7839
231,3963,3876,7839
231,3963,3876,7839
231,3963,3877,7840
231,3963,3877,7840
231,3963,3877,7840
231,3963,3877,7840
231,3963,3878,7841
231,3963,3878,7841
231,3964,3878,7842
231,3964,3878,7842
231,3964,3878,7842
231,3964,3878,7842
231,3964,3879,7843
231,3964,3879,7843
231,3965,3879,7844
231,3965,3879,7844
231,3965,3880,7845
231,3964,3880,7844
231,3964,3879,7843
231,3963,3879,7842
231,3963,3879,7842
231,3963,3880,7843
231,3963,3880,7843
231,3963,3881,7844
231,3963,3881,7844
231,3963,3881,7844
231,3964,3881,7845
231,3964,3881,7845
231,3964,3881,7845
231,3964,3882,7846
231,3964,3881,7845
231,3964,3881,7845
231,3964,3882,7846
231,3964,3881,7845
231,3964,3881,7845
231,3965,3881,7846
231,3965,3881,7846
231,3965,3881,7846
231,3965,3882,7847
231,3965,3882,7847
231,3965,3881,7846
231,3965,3881,7846
231,3965,3880,7845
231,3965,3880,7845
231,3965,3881,7846
231,3965,3881,7846
231,3965,3882,7847
231,3965,3882,7847
231,3966,3882,7848
231,3965,3882,7847
231,3965,3882,7847
231,3966,3882,7848
231,3966,3882,7848
231,3967,3882,7849
231,3967,3882,7849
231,3967,3882,7849
231,3967,3882,7849
231,3967,3882,7849
231,3966,3882,7848
231,3966,3882,7848
231,3967,3882,7849
231,3967,3882,7849
231,3968,3882,7850
231,3968,3882,7850
231,3968,3882,7850
231,3968,3883,7851
231,3968,3883,7851
231,3968,3884,7852
231,3968,3884,7852
231,3968,3885,7853
231,3967,3885,7852
231,3967,3885,7852
231,3967,3884,7851
231,3967,3884,7851
231,3967,3884,7851
231,3967,3885,7852
231,3967,3884,7851
231,3967,3883,7850
231,3967,3883,7850
231,3967,3882,7849
231,3967,3882,7849
231,3967,3882,7849
231,3968,3882,7850
231,3968,3882,7850
231,3969,3882,7851
231,3969,3882,7851
231,3969,3883,7852
231,3969,3883,7852
231,3969,3883,7852
231,3970,3883,7853
231,3970,3883,7853
231,3970,3884,7854
231,3970,3884,7854
231,3970,3884,7854
231,3970,3884,7854
231,3971,3884,7855
231,3971,3884,7855
231,3971,3884,7855
231,3971,3885,7856
231,3971,3885,7856
231,3971,3886,7857
231,3971,3886,7857
231,3971,3886,7857
231,3971,3886,7857
231,3972,3886,7858
231,3972,3886,7858
231,3972,3887,7859
231,3972,3887,7859
231,3972,3888,7860
231,3971,3888,7859
231,3971,3888,7859
231,3971,3889,7860
231,3971,3889,7860
231,3971,3890,7861
231,3971,3890,7861
231,3972,3890,7862
231,3972,3889,7861
231,3972,3889,7861
231,3972,3889,7861
231,3973,3889,7862
231,3972,3889,7861
231,3972,3889,7861
231,3973,3889,7862
231,3973,3889,7862
231,3973,3889,7862
231,3974,3889,7863
231,3974,3889,7863
231,3974,3890,7864
231,3974,3890,7864
231,3974,3891,7865
231,3974,3891,7865
231,3975,3891,7866
231,3974,3891,7865
231,3974,3891,7865
231,3975,3891,7866
231,3975,3891,7866
231,3975,3892,7867
231,3974,3892,7866
231,3974,3892,7866
231,3974,3892,7866
231,3974,3892,7866
231,3974,3893,7867
231,3974,3892,7866
231,3974,3891,7865
231,3974,3891,7865
231,3974,3891,7865
231,3975,3891,7866
231,3974,3891,7865
231,3974,3891,7865
231,3975,3891,7866
231,3975,3891,7866
231,3975,3892,7867
231,3975,3892,7867
231,3976,3892,7868
231,3976,3892,7868
231,3977,3892,7869
231,3977,3892,7869
231,3978,3892,7870
231,3978,3892,7870
231,3978,3893,7871
231,3978,3893,7871
231,3978,3893,7871
231,3978,3894,7872
231,3978,3894,7872
231,3978,3895,7873
231,3977,3895,7872
231,3977,3894,7871
231,3977,3894,7871
232,3977,3895,7872
232,3977,3894,7871
232,3977,3894,7871
232,3977,3895,7872
232,3977,3895,7872
232,3977,3896,7873
232,3977,3896,7873
232,3977,3897,7874
232,3977,3896,7873
232,3977,3896,7873
232,3977,3897,7874
232,3977,3897,7874
232,3977,3898,7875
232,3977,3898,7875
232,3977,3899,7876
232,3977,3899,7876
232,3977,3900,7877
232,3977,3900,7877
232,3978,3900,7878
232,3978,3900,7878
232,3978,3900,7878
232,3978,3901,7879
232,3978,3901,7879
232,3978,3902,7880
232,3978,3902,7880
232,3979,3902,7881
232,3979,3902,7881
232,3979,3902,7881
232,3980,3902,7882
232,3980,3902,7882
232,3980,3903,7883
232,3980,3903,7883
232,3980,3904,7884
232,3980,3904,7884
232,3980,3904,7884
232,3980,3904,7884
232,3980,3905,7885
232,3980,3905,7885
232,3980,3906,7886
232,3980,3906,7886
232,3981,3906,7887
232,3981,3906,7887
232,3981,3907,7888
232,3981,3907,7888
232,3981,3908,7889
232,3981,3908,7889
232,3981,3909,7890
232,3981,3909,7890
232,3981,3909,7890
232,3981,3910,7891
232,3981,3910,7891
232,3982,3910,7892
232,3982,3910,7892
232,3982,3911,7893
232,3982,3911,7893
232,3983,3911,7894
232,3983,3911,7894
232,3983,3910,7893
232,3983,3910,7893
232,3984,3910,7894
232,3984,3910,7894
232,3984,3910,7894
232,3984,3911,7895
232,3984,3911,7895
232,3985,3911,7896
232,3984,3911,7895
232,3983,3911,7894
232,3983,3911,7894
232,3984,3911,7895
232,3984,3911,7895
232,3984,3911,7895
232,3984,3912,7896
232,3984,3912,7896
232,3984,3913,7897
232,3984,3913,7897
232,3985,3913,7898
232,3985,3913,7898
232,3985,3914,7899
232,3985,3914,7899
232,3985,3914,7899
232,3986,3914,7900
232,3986,3914,7900
232,3986,3913,7899
232,3986,3913,7899
232,3986,3914,7900
232,3986,3914,7900
232,3986,3915,7901
232,3986,3915,7901
232,3987,3915,7902
232,3987,3915,7902
232,3987,3916,7903
232,3987,3916,7903
232,3987,3917,7904
232,3986,3917,7903
232,3986,3917,7903
232,3987,3917,7904
232,3987,3916,7903
232,3987,3916,7903
232,3987,3917,7904
232,3987,3917,7904
232,3987,3918,7905
232,3987,3918,7905
232,3987,3919,7906
232,3987,3919,7906
232,3988,3919,7907
232,3987,3919,7906
232,3987,3919,7906
232,3986,3919,7905
232,3986,3919,7905
232,3986,3919,7905
232,3987,3919,7906
232,3987,3919,7906
232,3987,3920,7907
232,3987,3920,7907
232,3987,3920,7907
232,3988,3920,7908
232,3988,3920,7908
232,3988,3921,7909
232,3988,3921,7909
232,3989,3921,7910
232,3989,3921,7910
232,3989,3922,7911
232,3989,3922,7911
232,3990,3922,7912
232,3990,3922,7912
232,3991,3922,7913
232,3991,3922,7913
232,3992,3922,7914
232,3992,3922,7914
232,3992,3922,7914
232,3993,3922,7915
232,3993,3922,7915
232,3994,3922,7916
232,3994,3922,7916
232,3994,3922,7916
232,3994,3922,7916
232,3995,3922,7917
232,3995,3922,7917
232,3995,3923,7918
232,3995,3923,7918
232,3996,3923,7919
232,3996,3922,7918
232,3996,3922,7918
232,3997,3922,7919
232,3997,3922,7919
232,3997,3923,7920
232,3997,3923,7920
232,3997,3924,7921
232,3997,3924,7921
232,3997,3925,7922
232,3997,3925,7922
232,3997,3925,7922
232,3997,3926,7923
232,3997,3926,7923
232,3998,3926,7924
232,3998,3926,7924
232,3999,3926,7925
232,3998,3926,7924
232,3997,3926,7923
232,3997,3926,7923
232,3998,3926,7924
232,3998,3926,7924
232,3998,3927,7925
232,3998,3927,7925
232,3999,3927,7926
232,3999,3927,7926
232,3999,3927,7926
232,3999,3928,7927
232,3999,3928,7927
232,4000,3928,7928
232,4000,3928,7928
232,4001,3928,7929
232,4001,3928,7929
232,4001,3928,7929
232,4001,3928,7929
232,4001,3928,7929
232,4001,3928,7929
232,4002,3928,7930
232,4002,3928,7930
232,4003,3928,7931
232,4003,3928,7931
232,4004,3928,7932
232,4004,3928,7932
232,4004,3928,7932
232,4004,3928,7932
232,4005,3928,7933
232,4004,3928,7932
232,4004,3928,7932
232,4005,3928,7933
232,4005,3928,7933
232,4006,3928,7934
232,4005,3928,7933
232,4005,3928,7933
232,4006,3928,7934
232,4006,3928,7934
232,4006,3929,7935
232,4006,3929,7935
232,4007,3929,7936
232,4006,3929,7935
232,4006,3929,7935
232,4006,3929,7935
232,4006,3929,7935
232,4007,3929,7936
232,4006,3929,7935
232,4006,3929,7935
232,4006,3929,7935
232,4006,3930,7936
232,4006,3930,7936
232,4006,3931,7937
232,4006,3931,7937
232,4006,3931,7937
232,4006,3931,7937
232,4007,3931,7938
232,4007,3931,7938
232,4007,3931,7938
232,4008,3931,7939
232,4008,3931,7939
232,4008,3932,7940
232,4008,3932,7940
232,4007,3932,7939
232,4007,3931,7938
232,4007,3931,7938
232,4007,3932,7939
232,4007,3932,7939
232,4007,3933,7940
232,4006,3933,7939
232,4006,3933,7939
232,4006,3934,7940
232,4006,3934,7940
232,4006,3935,7941
232,4006,3935,7941
232,4006,3936,7942
232,4006,3936,7942
232,4006,3937,7943
232,4006,3937,7943
232,4006,3937,7943
232,4006,3938,7944
232,4006,3938,7944
232,4007,3938,7945
232,4007,3938,7945
232,4007,3938,7945
232,4007,3939,7946
232,4007,3938,7945
232,4007,3938,7945
232,4007,3939,7946
232,4007,3938,7945
232,4007,3938,7945
232,4008,3938,7946
232,4008,3938,7946
232,4008,3939,7947
232,4008,3939,7947
232,4008,3940,7948
232,4008,3940,7948
232,4008,3940,7948
232,4008,3941,7949
232,4008,3941,7949
232,4009,3941,7950
232,4009,3941,7950
232,4009,3940,7949
232,4009,3940,7949
232,4008,3940,7948
232,4008,3940,7948
232,4008,3941,7949
232,4008,3940,7948
232,4008,3940,7948
232,4008,3941,7949
232,4008,3941,7949
232,4008,3941,7949
232,4008,3941,7949
232,4008,3942,7950
232,4008,3942,7950
232,4008,3943,7951
232,4008,3943,7951
232,4008,3943,7951
232,4008,3942,7950
232,4008,3942,7950
232,4008,3943,7951
232,4008,3943,7951
232,4008,3943,7951
232,4008,3944,7952
232,4008,3944,7952
232,4008,3945,7953
232,4008,3945,7953
232,4009,3945,7954
232,4009,3944,7953
232,4009,3944,7953
232,4008,3944,7952
232,4008,3943,7951
232,4008,3943,7951
232,4008,3944,7952
232,4008,3944,7952
232,4008,3944,7952
232,4009,3944,7953
232,4009,3944,7953
232,4009,3945,7954
232,4009,3945,7954
232,4009,3946,7955
232,4009,3945,7954
232,4009,3945,7954
232,4009,3946,7955
232,4009,3946,7955
232,4009,3945,7954
232,4009,3945,7954
232,4010,3945,7955
232,4010,3945,7955
232,4010,3946,7956
232,4010,3946,7956
232,4010,3947,7957
232,4010,3947,7957
232,4010,3947,7957
232,4011,3947,7958
232,4011,3947,7958
232,4011,3946,7957
232,4011,3946,7957
232,4011,3946,7957
232,4011,3947,7958
232,4011,3947,7958
232,4012,3947,7959
232,4012,3947,7959
232,4012,3948,7960
232,4012,3948,7960
232,4013,3948,7961
232,4012,3948,7960
232,4012,3948,7960
232,4012,3948,7960
232,4012,3949,7961
232,4012,3949,7961
232,4011,3949,7960
232,4011,3949,7960
232,4011,3949,7960
232,4012,3949,7961
232,4012,3949,7961
232,4013,3949,7962
232,4013,3948,7961
232,4013,3948,7961
232,4014,3948,7962
232,4014,3948,7962
232,4014,3949,7963
232,4014,3949,7963
232,4014,3950,7964
232,4014,3950,7964
232,4014,3951,7965
232,4014,3951,7965
232,4014,3951,7965
232,4014,3951,7965
232,4015,3951,7966
232,4015,3951,7966
232,4016,3951,7967
232,4016,3951,7967
232,4016,3951,7967
232,4016,3951,7967
232,4016,3952,7968
232,4015,3952,7967
232,4015,3951,7966
232,4014,3951,7965
232,4014,3951,7965
232,4013,3951,7964
232,4013,3951,7964
232,4014,3951,7965
232,4014,3950,7964
232,4014,3950,7964
232,4015,3950,7965
232,4015,3950,7965
232,4016,3950,7966
232,4016,3950,7966
232,4015,3950,7965
232,4015,3950,7965
232,4015,3950,7965
232,4016,3950,7966
232,4015,3950,7965
232,4015,3950,7965
232,4015,3950,7965
232,4016,3950,7966
232,4016,3950,7966
232,4017,3950,7967
232,4017,3950,7967
232,4017,3951,7968
232,4017,3951,7968
232,4018,3951,7969
232,4018,3951,7969
232,4019,3951,7970
232,4019,3951,7970
232,4019,3951,7970
232,4019,3952,7971
232,4019,3952,7971
232,4020,3952,7972
232,4020,3952,7972
232,4019,3952,7971
232,4018,3952,7970
232,4018,3951,7969
232,4018,3951,7969
232,4019,3951,7970
232,4019,3951,7970
232,4020,3951,7971
232,4019,3951,7970
232,4019,3951,7970
232,4018,3951,7969
232,4018,3951,7969
232,4018,3951,7969
232,4019,3951,7970
232,4019,3951,7970
232,4019,3951,7970
232,4020,3951,7971
232,4020,3951,7971
232,4020,3952,7972
232,4020,3952,7972
232,4020,3953,7973
232,4020,3953,7973
232,4020,3954,7974
232,4020,3954,7974
232,4020,3955,7975
232,4020,3955,7975
232,4021,3955,7976
232,4021,3955,7976
232,4022,3955,7977
232,4022,3955,7977
232,4022,3955,7977
232,4023,3955,7978
232,4023,3955,7978
232,4024,3955,7979
232,4024,3955,7979
232,4024,3956,7980
232,4024,3956,7980
232,4025,3956,7981
232,4025,3956,7981
232,4025,3956,7981
232,4026,3956,7982
232,4026,3956,7982
232,4027,3956,7983
232,4027,3956,7983
232,4027,3957,7984
232,4026,3957,7983
232,4026,3957,7983
232,4027,3957,7984
232,4027,3957,7984
232,4027,3958,7985
232,4027,3958,7985
232,4027,3958,7985
232,4027,3959,7986
232,4027,3959,7986
232,4027,3960,7987
232,4027,3960,7987
232,4027,3960,7987
232,4028,3960,7988
232,4028,3959,7987
232,4028,3959,7987
232,4029,3959,7988
232,4029,3959,7988
232,4030,3959,7989
232,4030,3959,7989
232,4031,3959,7990
232,4031,3959,7990
232,4031,3960,7991
232,4030,3960,7990
232,4030,3960,7990
232,4030,3959,7989
232,4029,3959,7988
232,4029,3959,7988
232,4029,3959,7988
232,4029,3959,7988
232,4030,3959,7989
232,4030,3959,7989
232,4030,3959,7989
232,4031,3959,7990
232,4031,3959,7990
232,4031,3960,7991
232,4030,3960,7990
232,4030,3960,7990
232,4030,3961,7991
232,4030,3961,7991
232,4030,3962,7992
232,4030,3962,7992
232,4030,3961,7991
232,4030,3961,7991
232,4031,3961,7992
232,4031,3961,7992
232,4031,3960,7991
232,4031,3960,7991
232,4031,3961,7992
232,4031,3961,7992
232,4031,3962,7993
232,4031,3962,7993
232,4032,3962,7994
232,4032,3962,7994
232,4032,3963,7995
232,4032,3963,7995
232,4032,3963,7995
232,4033,3963,7996
232,4033,3963,7996
232,4033,3963,7996
232,4033,3964,7997
232,4032,3964,7996
232,4032,3963,7995
232,4032,3963,7995
232,4032,3964,7996
232,4032,3964,7996
232,4033,3964,7997
232,4033,3964,7997
232,4034,3964,7998
232,4034,3964,7998
232,4034,3965,7999
232,4034,3965,7999
232,4035,3965,8000
232,4035,3965,8000
232,4035,3965,8000
232,4034,3965,7999
232,4034,3965,7999
232,4035,3965,8000
232,4035,3965,8000
232,4036,3965,8001
232,4036,3965,8001
232,4037,3965,8002
232,4037,3965,8002
232,4038,3965,8003
232,4038,3965,8003
232,4039,3965,8004
232,4039,3965,8004
232,4040,3965,8005
232,4040,3965,8005
232,4040,3966,8006
232,4040,3966,8006
232,4040,3967,8007
232,4040,3967,8007
232,4040,3967,8007
232,4040,3967,8007
232,4040,3968,8008
232,4039,3968,8007
232,4039,3968,8007
232,4039,3969,8008
232,4039,3969,8008
232,4039,3969,8008
232,4039,3969,8008
232,4040,3969,8009
232,4040,3969,8009
232,4040,3969,8009
232,4040,3970,8010
232,4040,3970,8010
232,4040,3971,8011
232,4040,3971,8011
232,4041,3971,8012
232,4041,3971,8012
232,4041,3972,8013
232,4041,3972,8013
232,4041,3973,8014
232,4041,3973,8014
232,4041,3973,8014
232,4041,3974,8015
232,4041,3974,8015
232,4041,3973,8014
232,4041,3973,8014
232,4041,3973,8014
232,4041,3973,8014
232,4042,3973,8015
232,4042,3972,8014
232,4042,3972,8014
232,4042,3972,8014
232,4043,3972,8015
232,4043,3972,8015
232,4044,3972,8016
232,4044,3972,8016
232,4045,3972,8017
232,4045,3972,8017
232,4045,3973,8018
232,4045,3973,8018
232,4045,3974,8019
232,4045,3974,8019
232,4045,3974,8019
232,4045,3974,8019
232,4045,3975,8020
232,4044,3975,8019
232,4044,3975,8019
232,4045,3975,8020
232,4045,3975,8020
232,4045,3976,8021
232,4045,3976,8021
232,4045,3976,8021
232,4046,3976,8022
232,4046,3976,8022
232,4046,3976,8022
232,4046,3976,8022
232,4046,3977,8023
232,4046,3977,8023
232,4046,3978,8024
232,4046,3978,8024
232,4046,3978,8024
232,4046,3979,8025
232,4046,3979,8025
232,4046,3980,8026
232,4046,3979,8025
232,4046,3979,8025
232,4046,3980,8026
232,4046,3980,8026
232,4046,3980,8026
232,4046,3981,8027
232,4046,3981,8027
232,4046,3982,8028
232,4046,3981,8027
232,4046,3981,8027
232,4046,3982,8028
232,4046,3982,8028
232,4046,3981,8027
232,4046,3981,8027
232,4046,3982,8028
232,4046,3982,8028
232,4046,3982,8028
232,4047,3982,8029
232,4047,3981,8028
232,4047,3981,8028
232,4047,3981,8028
232,4048,3981,8029
232,4048,3981,8029
232,4049,3981,8030
232,4048,3981,8029
232,4048,3981,8029
232,4048,3982,8030
232,4047,3982,8029
232,4047,3982,8029
232,4047,3982,8029
232,4048,3982,8030
232,4048,3982,8030
232,4049,3982,8031
232,4049,3981,8030
232,4049,3981,8030
232,4049,3981,8030
232,4049,3981,8030
232,4050,3981,8031
232,4049,3981,8030
232,4049,3981,8030
232,4049,3982,8031
232,4049,3982,8031
232,4049,3983,8032
232,4049,3983,8032
232,4049,3984,8033
232,4048,3984,8032
232,4048,3983,8031
232,4048,3982,8030
232,4048,3982,8030
232,4048,3982,8030
232,4048,3982,8030
232,4048,3982,8030
232,4048,3982,8030
232,4048,3982,8030
232,4048,3983,8031
232,4048,3983,8031
232,4048,3984,8032
232,4048,3984,8032
232,4049,3984,8033
232,4049,3984,8033
232,4049,3984,8033
232,4049,3984,8033
232,4049,3985,8034
232,4049,3984,8033
232,4049,3984,8033
232,4049,3984,8033
232,4049,3984,8033
232,4049,3984,8033
232,4049,3985,8034
232,4049,3985,8034
232,4050,3985,8035
232,4050,3984,8034
232,4050,3984,8034
232,4049,3984,8033
232,4049,3984,8033
232,4049,3985,8034
232,4049,3985,8034
232,4050,3985,8035
232,4050,3985,8035
232,4050,3986,8036
232,4050,3986,8036
232,4050,3987,8037
232,4050,3986,8036
232,4050,3985,8035
232,4050,3985,8035
232,4051,3985,8036
232,4051,3984,8035
232,4051,3984,8035
232,4051,3985,8036
232,4051,3985,8036
232,4052,3985,8037
232,4052,3985,8037
232,4052,3986,8038
232,4052,3986,8038
232,4052,3987,8039
232,4052,3987,8039
232,4052,3988,8040
232,4052,3988,8040
232,4052,3989,8041
232,4052,3989,8041
232,4053,3989,8042
232,4053,3989,8042
232,4053,3990,8043
232,4052,3990,8042
232,4052,3989,8041
232,4052,3989,8041
232,4051,3989,8040
232,4051,3989,8040
232,4052,3989,8041
232,4052,3989,8041
232,4052,3990,8042
232,4052,3989,8041
232,4052,3989,8041
232,4053,3989,8042
232,4053,3988,8041
232,4053,3988,8041
232,4054,3988,8042
232,4054,3988,8042
232,4055,3988,8043
232,4055,3988,8043
232,4055,3989,8044
232,4055,3989,8044
232,4055,3990,8045
232,4055,3990,8045
232,4054,3990,8044
232,4054,3990,8044
232,4054,3990,8044
232,4054,3991,8045
232,4054,3991,8045
232,4055,3991,8046
232,4055,3991,8046
232,4055,3991,8046
232,4056,3991,8047
232,4056,3991,8047
232,4056,3992,8048
232,4056,3991,8047
232,4056,3991,8047
232,4057,3991,8048
232,4057,3991,8048
232,4057,3992,8049
232,4057,3992,8049
232,4058,3992,8050
232,4058,3992,8050
232,4059,3992,8051
232,4059,3991,8050
232,4059,3991,8050
232,4060,3991,8051
232,4060,3991,8051
232,4061,3991,8052
232,4061,3991,8052
232,4062,3991,8053
232,4062,3991,8053
232,4063,3991,8054
232,4063,3991,8054
232,4064,3991,8055
232,4064,3991,8055
232,4065,3991,8056
232,4065,3991,8056
232,4065,3992,8057
232,4064,3992,8056
232,4064,3992,8056
232,4065,3992,8057
232,4065,3992,8057
232,4065,3991,8056
232,4065,3991,8056
232,4066,3991,8057
232,4066,3991,8057
232,4067,3991,8058
232,4067,3991,8058
232,4066,3991,8057
232,4066,3991,8057
232,4067,3991,8058
232,4067,3991,8058
232,4067,3991,8058
232,4067,3992,8059
232,4067,3992,8059
232,4068,3992,8060
232,4068,3992,8060
232,4068,3992,8060
232,4069,3992,8061
232,4069,3992,8061
232,4070,3992,8062
232,4069,3992,8061
232,4069,3992,8061
232,4069,3992,8061
232,4069,3992,8061
232,4069,3992,8061
232,4070,3992,8062
232,4070,3992,8062
232,4071,3992,8063
232,4071,3992,8063
232,4070,3992,8062
232,4070,3992,8062
232,4071,3992,8063
232,4071,3992,8063
232,4071,3993,8064
232,4071,3993,8064
232,4071,3994,8065
232,4071,3994,8065
232,4071,3994,8065
232,4071,3995,8066
232,4070,3995,8065
232,4070,3995,8065
232,4070,3995,8065
232,4070,3996,8066
232,4070,3995,8065
232,4070,3995,8065
232,4070,3996,8066
232,4070,3996,8066
232,4071,3996,8067
232,4071,3996,8067
232,4071,3997,8068
232,4071,3997,8068
232,4072,3997,8069
232,4072,3997,8069
232,4073,3997,8070
232,4073,3996,8069
232,4072,3996,8068
232,4072,3996,8068
232,4073,3996,8069
232,4072,3996,8068
232,4072,3996,8068
232,4072,3996,8068
232,4071,3996,8067
232,4071,3996,8067
232,4071,3997,8068
232,4071,3997,8068
232,4071,3998,8069
232,4071,3998,8069
232,4071,3999,8070
232,4071,3999,8070
232,4071,3999,8070
232,4071,4000,8071
232,4071,4000,8071
232,4072,4000,8072
232,4072,4000,8072
232,4072,4000,8072
232,4072,4001,8073
232,4072,4001,8073
232,4072,4001,8073
232,4073,4001,8074
232,4073,4001,8074
232,4074,4001,8075
232,4074,4001,8075
232,4075,4001,8076
232,4075,4001,8076
232,4075,4002,8077
232,4075,4002,8077
232,4075,4002,8077
232,4076,4002,8078
232,4076,4002,8078
232,4077,4002,8079
232,4077,4002,8079
232,4077,4002,8079
232,4077,4003,8080
232,4077,4003,8080
232,4077,4004,8081
232,4077,4003,8080
232,4077,4003,8080
232,4078,4003,8081
232,4078,4003,8081
232,4078,4003,8081
232,4079,4003,8082
232,4079,4003,8082
232,4079,4004,8083
232,4079,4004,8083
232,4080,4004,8084
232,4080,4004,8084
232,4080,4004,8084
232,4080,4004,8084
232,4080,4005,8085
232,4080,4005,8085
232,4080,4006,8086
232,4080,4006,8086
232,4081,4006,8087
232,4081,4006,8087
232,4081,4005,8086
232,4081,4005,8086
232,4081,4006,8087
232,4081,4006,8087
232,4082,4006,8088
232,4082,4006,8088
232,4082,4006,8088
232,4082,4006,8088
232,4083,4006,8089
232,4083,4006,8089
232,4083,4007,8090
232,4083,4007,8090
232,4084,4007,8091
232,4083,4007,8090
232,4083,4007,8090
232,4083,4008,8091
232,4083,4008,8091
232,4083,4008,8091
232,4084,4008,8092
232,4084,4008,8092
232,4084,4008,8092
232,4084,4008,8092
232,4084,4008,8092
232,4085,4008,8093
232,4085,4008,8093
232,4085,4009,8094
232,4085,4009,8094
232,4085,4009,8094
232,4085,4009,8094
232,4086,4009,8095
232,4086,4009,8095
232,4086,4009,8095
232,4085,4009,8094
232,4085,4009,8094
232,4085,4009,8094
232,4085,4010,8095
232,4085,4010,8095
232,4085,4011,8096
232,4085,4011,8096
232,4085,4012,8097
232,4085,4012,8097
232,4085,4013,8098
232,4085,4013,8098
232,4085,4013,8098
232,4085,4014,8099
232,4085,4014,8099
232,4085,4014,8099
232,4085,4014,8099
232,4086,4014,8100
232,4086,4014,8100
232,4087,4014,8101
232,4087,4014,8101
232,4087,4014,8101
232,4087,4014,8101
232,4087,4015,8102
232,4087,4015,8102
232,4087,4015,8102
232,4087,4016,8103
232,4086,4016,8102
232,4086,4015,8101
232,4086,4015,8101
232,4086,4014,8100
232,4086,4014,8100
232,4087,4014,8101
232,4086,4014,8100
232,4086,4014,8100
232,4086,4015,8101
232,4086,4015,8101
232,4085,4015,8100
232,4085,4015,8100
232,4085,4015,8100
232,4085,4015,8100
232,4085,4016,8101
232,4085,4016,8101
232,4085,4016,8101
232,4085,4017,8102
232,4085,4017,8102
232,4085,4017,8102
232,4086,4017,8103
232,4086,4016,8102
232,4086,4016,8102
232,4087,4016,8103
232,4086,4016,8102
232,4086,4016,8102
232,4087,4016,8103
232,4086,4016,8102
232,4086,4016,8102
232,4086,4017,8103
232,4086,4017,8103
232,4087,4017,8104
232,4087,4017,8104
232,4087,4018,8105
232,4087,4018,8105
232,4087,4019,8106
232,4087,4019,8106
232,4087,4019,8106
232,4088,4019,8107
232,4087,4019,8106
232,4086,4019,8105
232,4086,4019,8105
232,4087,4019,8106
232,4087,4019,8106
232,4088,4019,8107
232,4088,4019,8107
232,4089,4019,8108
232,4089,4019,8108
232,4089,4019,8108
232,4089,4020,8109
232,4089,4020,8109
232,4089,4020,8109
232,4090,4020,8110
232,4090,4020,8110
232,4090,4021,8111
232,4090,4021,8111
232,4090,4021,8111
232,4091,4021,8112
232,4091,4021,8112
232,4091,4021,8112
232,4091,4022,8113
232,4091,4022,8113
232,4091,4022,8113
232,4091,4022,8113
232,4091,4023,8114
232,4091,4023,8114
232,4091,4022,8113
232,4091,4022,8113
232,4092,4022,8114
232,4092,4022,8114
232,4092,4023,8115
232,4092,4022,8114
232,4092,4021,8113
232,4092,4021,8113
232,4091,4021,8112
232,4091,4021,8112
232,4092,4021,8113
232,4092,4021,8113
232,4093,4021,8114
232,4093,4021,8114
232,4094,4021,8115
232,4094,4021,8115
232,4095,4021,8116
232,4095,4021,8116
233,4096,4021,8117
233,4096,4021,8117
233,4096,4022,8118
233,4096,4022,8118
233,4096,4022,8118
233,4096,4022,8118
233,4096,4022,8118
233,4096,4021,8117
233,4096,4021,8117
233,4096,4022,8118
233,4096,4022,8118
233,4096,4023,8119
233,4096,4023,8119
233,4096,4023,8119
233,4096,4023,8119
233,4096,4024,8120
233,4096,4023,8119
233,4096,4023,8119
233,4096,4024,8120
233,4096,4024,8120
233,4097,4024,8121
233,4097,4024,8121
233,4097,4025,8122
233,4097,4024,8121
233,4097,4024,8121
233,4097,4023,8120
233,4097,4023,8120
233,4097,4023,8120
233,4097,4023,8120
233,4097,4023,8120
233,4097,4024,8121
233,4097,4024,8121
233,4098,4024,8122
233,4098,4024,8122
233,4098,4024,8122
233,4098,4024,8122
233,4099,4024,8123
233,4099,4024,8123
233,4099,4024,8123
233,4099,4025,8124
233,4099,4025,8124
233,4099,4026,8125
233,4099,4026,8125
233,4099,4026,8125
233,4099,4026,8125
233,4099,4026,8125
233,4099,4027,8126
233,4099,4027,8126
233,4100,4027,8127
233,4100,4027,8127
233,4100,4028,8128
233,4100,4028,8128
233,4101,4028,8129
233,4100,4028,8128
233,4100,4028,8128
233,4100,4029,8129
233,4100,4029,8129
233,4101,4029,8130
233,4100,4029,8129
233,4100,4029,8129
233,4100,4030,8130
233,4100,4030,8130
233,4100,4031,8131
233,4100,4031,8131
233,4101,4031,8132
233,4101,4031,8132
233,4101,4032,8133
233,4101,4032,8133
233,4102,4032,8134
233,4102,4032,8134
233,4102,4032,8134
233,4102,4032,8134
233,4102,4033,8135
233,4102,4033,8135
233,4103,4033,8136
233,4103,4033,8136
233,4103,4034,8137
233,4103,4034,8137
233,4103,4035,8138
233,4103,4035,8138
233,4104,4035,8139
233,4104,4035,8139
233,4104,4035,8139
233,4104,4035,8139
233,4103,4035,8138
233,4103,4035,8138
233,4103,4036,8139
233,4103,4036,8139
233,4104,4036,8140
233,4103,4036,8139
233,4103,4036,8139
233,4104,4036,8140
233,4104,4036,8140
233,4105,4036,8141
233,4105,4036,8141
233,4105,4036,8141
233,4106,4036,8142
233,4106,4036,8142
233,4106,4037,8143
233,4106,4037,8143
233,4105,4037,8142
233,4105,4037,8142
233,4105,4037,8142
233,4105,4038,8143
233,4105,4037,8142
233,4105,4037,8142
233,4105,4038,8143
233,4105,4038,8143
233,4106,4038,8144
233,4106,4037,8143
233,4106,4037,8143
233,4106,4037,8143
233,4107,4037,8144
233,4107,4037,8144
233,4108,4037,8145
233,4108,4037,8145
233,4109,4037,8146
233,4109,4037,8146
233,4109,4038,8147
233,4109,4038,8147
233,4109,4038,8147
233,4109,4038,8147
233,4109,4038,8147
233,4109,4039,8148
233,4109,4039,8148
233,4109,4040,8149
233,4109,4040,8149
233,4108,4040,8148
233,4108,4040,8148
233,4108,4041,8149
233,4108,4041,8149
233,4108,4041,8149
233,4108,4041,8149
233,4109,4041,8150
233,4109,4040,8149
233,4109,4040,8149
233,4109,4040,8149
233,4109,4041,8150
233,4109,4041,8150
233,4108,4041,8149
233,4108,4041,8149
233,4108,4041,8149
233,4108,4042,8150
233,4108,4042,8150
233,4108,4042,8150
233,4109,4042,8151
233,4109,4042,8151
233,4109,4043,8152
233,4109,4043,8152
233,4110,4043,8153
233,4110,4043,8153
233,4111,4043,8154
233,4111,4042,8153
233,4111,4042,8153
233,4112,4042,8154
233,4112,4042,8154
233,4113,4042,8155
233,4113,4042,8155
233,4113,4042,8155
233,4113,4042,8155
233,4113,4042,8155
233,4114,4042,8156
233,4113,4042,8155
233,4113,4042,8155
233,4114,4042,8156
233,4114,4042,8156
233,4114,4043,8157
233,4114,4043,8157
233,4115,4043,8158
233,4115,4043,8158
233,4115,4044,8159
233,4115,4044,8159
233,4115,4044,8159
233,4116,4044,8160
233,4116,4044,8160
233,4116,4044,8160
233,4117,4044,8161
233,4117,4044,8161
233,4117,4044,8161
233,4118,4044,8162
233,4118,4044,8162
233,4118,4045,8163
233,4118,4045,8163
233,4119,4045,8164
233,4119,4045,8164
233,4119,4046,8165
233,4119,4046,8165
233,4120,4046,8166
233,4120,4046,8166
233,4120,4046,8166
233,4120,4046,8166
233,4121,4046,8167
233,4121,4046,8167
233,4120,4046,8166
233,4120,4046,8166
233,4121,4046,8167
233,4121,4046,8167
233,4121,4047,8168
233,4121,4047,8168
233,4121,4047,8168
233,4120,4047,8167
233,4120,4046,8166
233,4120,4046,8166
233,4121,4046,8167
233,4121,4046,8167
233,4121,4046,8167
233,4121,4047,8168
233,4120,4047,8167
233,4120,4046,8166
233,4119,4046,8165
233,4119,4046,8165
233,4118,4046,8164
233,4118,4046,8164
233,4118,4047,8165
233,4118,4047,8165
233,4118,4048,8166
233,4118,4047,8165
233,4118,4047,8165
233,4118,4047,8165
233,4118,4048,8166
233,4118,4047,8165
233,4118,4047,8165
233,4119,4047,8166
233,4119,4047,8166
233,4120,4047,8167
233,4120,4047,8167
233,4120,4048,8168
233,4120,4048,8168
233,4120,4048,8168
233,4120,4049,8169
233,4120,4049,8169
233,4120,4050,8170
233,4120,4050,8170
233,4120,4050,8170
233,4120,4051,8171
233,4120,4051,8171
233,4121,4051,8172
233,4121,4051,8172
233,4121,4051,8172
233,4121,4052,8173
233,4121,4052,8173
233,4121,4052,8173
233,4121,4052,8173
233,4121,4053,8174
233,4121,4052,8173
233,4121,4052,8173
233,4122,4052,8174
233,4122,4052,8174
233,4122,4052,8174
233,4123,4052,8175
233,4123,4052,8175
233,4123,4052,8175
233,4124,4052,8176
233,4124,4051,8175
233,4124,4051,8175
233,4124,4051,8175
233,4125,4051,8176
233,4125,4051,8176
233,4125,4051,8176
233,4125,4051,8176
233,4126,4051,8177
233,4126,4051,8177
233,4126,4052,8178
233,4126,4052,8178
233,4126,4052,8178
233,4126,4052,8178
233,4126,4052,8178
233,4126,4053,8179
233,4126,4053,8179
233,4126,4054,8180
233,4126,4054,8180
233,4127,4054,8181
233,4127,4054,8181
233,4127,4055,8182
233,4127,4055,8182
233,4128,4055,8183
233,4128,4055,8183
233,4128,4056,8184
233,4128,4056,8184
233,4128,4056,8184
233,4127,4056,8183
233,4127,4056,8183
233,4127,4056,8183
233,4127,4057,8184
233,4127,4057,8184
233,4128,4057,8185
233,4128,4057,8185
233,4129,4057,8186
233,4129,4057,8186
233,4129,4057,8186
233,4129,4058,8187
233,4129,4058,8187
233,4129,4057,8186
233,4129,4057,8186
233,4129,4057,8186
233,4130,4057,8187
233,4130,4057,8187
233,4130,4058,8188
233,4130,4058,8188
233,4131,4058,8189
233,4131,4057,8188
233,4131,4057,8188
233,4131,4057,8188
233,4131,4058,8189
233,4131,4058,8189
233,4132,4058,8190
233,4132,4058,8190
233,4132,4058,8190
233,4132,4059,8191
233,4132,4059,8191
233,4132,4059,8191
233,4132,4059,8191
233,4132,4060,8192
233,4131,4060,8191
233,4131,4060,8191
233,4131,4061,8192
233,4131,4060,8191
233,4131,4060,8191
233,4132,4060,8192
233,4132,4059,8191
233,4131,4059,8190
233,4131,4059,8190
233,4131,4060,8191
233,4131,4060,8191
233,4131,4061,8192
233,4131,4060,8191
233,4131,4059,8190
233,4131,4059,8190
233,4132,4059,8191
233,4132,4059,8191
233,4132,4060,8192
233,4132,4059,8191
233,4132,4059,8191
233,4133,4059,8192
233,4133,4059,8192
233,4133,4058,8191
233,4133,4058,8191
233,4133,4058,8191
233,4134,4058,8192
233,4134,4058,8192
233,4134,4059,8193
233,4134,4059,8193
233,4135,4059,8194
233,4134,4059,8193
233,4134,4059,8193
233,4135,4059,8194
233,4135,4059,8194
233,4135,4060,8195
233,4134,4060,8194
233,4134,4059,8193
233,4134,4059,8193
233,4135,4059,8194
233,4135,4059,8194
233,4135,4060,8195
233,4135,4060,8195
233,4136,4060,8196
233,4136,4060,8196
233,4137,4060,8197
233,4137,4060,8197
233,4137,4061,8198
233,4137,4061,8198
233,4136,4061,8197
233,4136,4061,8197
233,4136,4060,8196
233,4136,4060,8196
233,4137,4060,8197
233,4137,4060,8197
233,4137,4060,8197
233,4137,4060,8197
233,4136,4060,8196
233,4135,4060,8195
233,4134,4060,8194
233,4134,4060,8194
233,4134,4060,8194
233,4134,4061,8195
233,4134,4061,8195
233,4135,4061,8196
233,4135,4061,8196
233,4136,4061,8197
233,4136,4061,8197
233,4136,4062,8198
233,4136,4062,8198
233,4137,4062,8199
233,4137,4062,8199
233,4137,4062,8199
233,4137,4061,8198
233,4137,4061,8198
233,4136,4061,8197
233,4136,4060,8196
233,4135,4060,8195
233,4135,4060,8195
233,4135,4060,8195
233,4135,4061,8196
233,4135,4061,8196
233,4135,4061,8196
233,4135,4061,8196
233,4135,4062,8197
233,4134,4062,8196
233,4134,4062,8196
233,4135,4062,8197
233,4135,4062,8197
233,4135,4062,8197
233,4135,4061,8196
233,4135,4061,8196
233,4135,4061,8196
233,4134,4061,8195
233,4134,4061,8195
233,4134,4061,8195
233,4134,4062,8196
233,4134,4062,8196
233,4134,4063,8197
233,4134,4063,8197
233,4134,4064,8198
233,4134,4064,8198
233,4135,4064,8199
233,4135,4064,8199
233,4136,4064,8200
233,4136,4064,8200
233,4137,4064,8201
233,4137,4064,8201
233,4138,4064,8202
233,4138,4064,8202
233,4138,4064,8202
233,4138,4065,8203
233,4138,4064,8202
233,4138,4064,8202
233,4138,4063,8201
233,4138,4063,8201
233,4139,4063,8202
233,4139,4063,8202
233,4139,4064,8203
233,4139,4064,8203
233,4140,4064,8204
233,4139,4064,8203
233,4139,4064,8203
233,4138,4064,8202
233,4138,4064,8202
233,4138,4064,8202
233,4139,4064,8203
233,4139,4064,8203
233,4140,4064,8204
233,4140,4064,8204
233,4141,4064,8205
233,4141,4064,8205
233,4141,4064,8205
233,4141,4064,8205
233,4141,4063,8204
233,4141,4063,8204
233,4141,4064,8205
233,4141,4064,8205
233,4141,4065,8206
233,4141,4065,8206
233,4141,4065,8206
233,4141,4065,8206
233,4141,4065,8206
233,4142,4065,8207
233,4142,4065,8207
233,4142,4066,8208
233,4142,4066,8208
233,4141,4066,8207
233,4141,4066,8207
233,4141,4067,8208
233,4141,4066,8207
233,4141,4066,8207
233,4141,4067,8208
233,4141,4067,8208
233,4142,4067,8209
233,4142,4066,8208
233,4142,4066,8208
233,4141,4066,8207
233,4141,4066,8207
233,4142,4066,8208
233,4142,4066,8208
233,4142,4067,8209
233,4142,4067,8209
233,4143,4067,8210
233,4143,4067,8210
233,4143,4066,8209
233,4143,4066,8209
233,4143,4067,8210
233,4143,4067,8210
233,4143,4067,8210
233,4144,4067,8211
233,4144,4067,8211
233,4145,4067,8212
233,4145,4067,8212
233,4145,4068,8213
233,4145,4068,8213
233,4145,4068,8213
233,4145,4068,8213
233,4146,4068,8214
233,4146,4068,8214
233,4146,4068,8214
233,4147,4068,8215
233,4147,4068,8215
233,4147,4068,8215
233,4148,4068,8216
233,4148,4068,8216
233,4148,4068,8216
233,4148,4068,8216
233,4149,4068,8217
233,4149,4068,8217
233,4150,4068,8218
233,4150,4068,8218
233,4150,4069,8219
233,4150,4069,8219
233,4150,4070,8220
233,4150,4070,8220
233,4150,4071,8221
233,4150,4071,8221
233,4151,4071,8222
233,4151,4071,8222
233,4152,4071,8223
233,4152,4071,8223
233,4152,4072,8224
233,4152,4072,8224
233,4153,4072,8225
233,4153,4072,8225
233,4153,4073,8226
233,4153,4073,8226
233,4153,4073,8226
233,4154,4073,8227
233,4153,4073,8226
233,4153,4073,8226
233,4153,4073,8226
233,4154,4073,8227
233,4154,4073,8227
233,4154,4073,8227
233,4155,4073,8228
233,4155,4073,8228
233,4156,4073,8229
233,4156,4073,8229
233,4156,4074,8230
233,4156,4074,8230
233,4156,4074,8230
233,4156,4075,8231
233,4156,4075,8231
233,4156,4075,8231
233,4156,4076,8232
233,4156,4076,8232
233,4157,4076,8233
233,4157,4076,8233
233,4158,4076,8234
233,4158,4076,8234
233,4158,4076,8234
233,4158,4077,8235
233,4158,4077,8235
233,4158,4078,8236
233,4158,4078,8236
233,4158,4078,8236
233,4159,4078,8237
233,4159,4078,8237
233,4159,4079,8238
233,4158,4079,8237
233,4158,4079,8237
233,4158,4080,8238
233,4158,4080,8238
233,4158,4080,8238
233,4158,4081,8239
233,4158,4081,8239
233,4158,4081,8239
233,4159,4081,8240
233,4159,4081,8240
233,4159,4082,8241
233,4159,4082,8241
233,4159,4082,8241
233,4159,4081,8240
233,4159,4081,8240
233,4159,4082,8241
233,4159,4081,8240
233,4159,4081,8240
233,4159,4080,8239
233,4158,4080,8238
233,4158,4080,8238
233,4158,4080,8238
233,4158,4080,8238
233,4159,4080,8239
233,4159,4079,8238
233,4159,4079,8238
233,4159,4080,8239
233,4159,4080,8239
233,4160,4080,8240
233,4160,4080,8240
233,4160,4081,8241
233,4160,4081,8241
233,4161,4081,8242
233,4160,4081,8241
233,4160,4081,8241
233,4160,4082,8242
233,4160,4082,8242
233,4159,4082,8241
233,4159,4082,8241
233,4159,4082,8241
233,4159,4083,8242
233,4159,4082,8241
233,4159,4082,8241
233,4160,4082,8242
233,4160,4081,8241
233,4160,4081,8241
233,4160,4082,8242
233,4160,4082,8242
233,4159,4082,8241
233,4159,4082,8241
233,4159,4083,8242
233,4159,4083,8242
233,4159,4082,8241
233,4159,4082,8241
233,4159,4081,8240
233,4159,4081,8240
233,4160,4081,8241
233,4160,4081,8241
233,4161,4081,8242
233,4161,4081,8242
233,4161,4082,8243
233,4161,4082,8243
233,4161,4083,8244
233,4161,4083,8244
233,4161,4083,8244
233,4162,4083,8245
233,4162,4082,8244
233,4162,4082,8244
233,4162,4083,8245
233,4162,4083,8245
233,4162,4084,8246
233,4162,4084,8246
233,4162,4085,8247
233,4161,4085,8246
233,4161,4085,8246
233,4161,4086,8247
233,4161,4086,8247
233,4161,4086,8247
233,4161,4087,8248
233,4161,4087,8248
233,4161,4086,8247
233,4161,4086,8247
233,4161,4087,8248
233,4161,4087,8248
233,4161,4088,8249
233,4161,4088,8249
233,4161,4088,8249
233,4162,4088,8250
233,4162,4088,8250
233,4162,4089,8251
233,4162,4089,8251
233,4163,4089,8252
233,4163,4088,8251
233,4162,4088,8250
233,4162,4088,8250
233,4163,4088,8251
233,4163,4087,8250
233,4163,4087,8250
233,4163,4087,8250
233,4163,4087,8250
233,4162,4087,8249
233,4162,4087,8249
233,4162,4088,8250
233,4162,4088,8250
233,4162,4088,8250
233,4163,4088,8251
233,4163,4088,8251
233,4164,4088,8252
233,4163,4088,8251
233,4163,4088,8251
233,4163,4088,8251
233,4163,4089,8252
233,4163,4089,8252
233,4163,4090,8253
233,4163,4090,8253
233,4163,4090,8253
233,4163,4090,8253
233,4163,4091,8254
233,4163,4091,8254
233,4163,4092,8255
233,4162,4092,8254
233,4162,4092,8254
233,4163,4092,8255
233,4163,4092,8255
233,4163,4092,8255
233,4163,4093,8256
233,4163,4093,8256
233,4164,4093,8257
233,4164,4093,8257
233,4164,4094,8258
233,4164,4093,8257
233,4164,4093,8257
233,4165,4093,8258
233,4165,4093,8258
233,4165,4092,8257
233,4165,4092,8257
233,4166,4092,8258
233,4166,4092,8258
233,4166,4092,8258
233,4167,4092,8259
233,4167,4092,8259
233,4166,4092,8258
233,4166,4092,8258
233,4166,4092,8258
233,4166,4093,8259
233,4165,4093,8258
233,4165,4092,8257
233,4165,4092,8257
233,4165,4092,8257
233,4165,4093,8258
233,4165,4093,8258
233,4165,4094,8259
233,4165,4094,8259
233,4165,4094,8259
233,4165,4094,8259
233,4166,4094,8260
233,4166,4094,8260
233,4167,4094,8261
233,4167,4094,8261
233,4168,4094,8262
233,4168,4094,8262
233,4169,4094,8263
233,4169,4094,8263
233,4170,4094,8264
233,4170,4094,8264
233,4170,4095,8265
233,4170,4095,8265
233,4170,4095,8265
233,4171,4095,8266
233,4170,4095,8265
233,4170,4095,8265
233,4170,4096,8266
233,4170,4096,8266
233,4171,4096,8267
233,4171,4096,8267
233,4171,4097,8268
233,4170,4097,8267
233,4170,4096,8266
233,4169,4096,8265
233,4169,4096,8265
233,4169,4097,8266
233,4169,4097,8266
233,4170,4097,8267
233,4170,4097,8267
233,4170,4098,8268
233,4170,4098,8268
233,4170,4098,8268
233,4170,4097,8267
233,4170,4097,8267
233,4170,4096,8266
233,4170,4096,8266
233,4170,4097,8267
233,4169,4097,8266
233,4169,4097,8266
233,4169,4097,8266
233,4169,4098,8267
233,4169,4097,8266
233,4169,4097,8266
233,4170,4097,8267
233,4170,4097,8267
233,4170,4097,8267
233,4170,4097,8267
233,4170,4098,8268
233,4170,4098,8268
233,4171,4098,8269
233,4171,4098,8269
233,4171,4099,8270
233,4171,4099,8270
233,4171,4100,8271
233,4171,4099,8270
233,4171,4099,8270
233,4172,4099,8271
233,4172,4099,8271
233,4173,4099,8272
233,4173,4099,8272
233,4173,4100,8273
233,4173,4100,8273
233,4173,4101,8274
233,4173,4101,8274
233,4173,4101,8274
233,4173,4102,8275
233,4173,4102,8275
233,4174,4102,8276
233,4174,4102,8276
233,4174,4103,8277
233,4174,4103,8277
233,4175,4103,8278
233,4175,4102,8277
233,4175,4102,8277
233,4176,4102,8278
233,4176,4102,8278
233,4176,4102,8278
233,4177,4102,8279
233,4176,4102,8278
233,4175,4102,8277
233,4175,4102,8277
233,4175,4102,8277
233,4176,4102,8278
233,4176,4102,8278
233,4176,4102,8278
233,4176,4103,8279
233,4176,4103,8279
233,4176,4103,8279
233,4176,4103,8279
233,4176,4104,8280
233,4175,4104,8279
233,4175,4104,8279
233,4175,4105,8280
233,4175,4105,8280
233,4175,4106,8281
233,4175,4106,8281
233,4176,4106,8282
233,4176,4106,8282
233,4176,4107,8283
233,4176,4107,8283
233,4176,4108,8284
233,4176,4108,8284
233,4177,4108,8285
233,4177,4108,8285
233,4178,4108,8286
233,4178,4107,8285
233,4177,4107,8284
233,4177,4107,8284
233,4177,4107,8284
233,4178,4107,8285
233,4178,4107,8285
233,4177,4107,8284
233,4177,4107,8284
233,4177,4108,8285
233,4176,4108,8284
233,4176,4108,8284
233,4176,4107,8283
233,4176,4107,8283
233,4176,4107,8283
233,4176,4108,8284
233,4176,4107,8283
233,4176,4107,8283
233,4176,4108,8284
233,4176,4108,8284
233,4176,4108,8284
233,4176,4109,8285
233,4176,4109,8285
233,4176,4110,8286
233,4176,4110,8286
233,4176,4111,8287
233,4176,4111,8287
233,4176,4110,8286
233,4176,4110,8286
233,4176,4110,8286
233,4176,4110,8286
233,4177,4110,8287
233,4177,4110,8287
233,4177,4110,8287
233,4177,4111,8288
233,4177,4111,8288
233,4177,4112,8289
233,4177,4111,8288
233,4177,4111,8288
233,4177,4112,8289
233,4177,4112,8289
233,4178,4112,8290
233,4178,4112,8290
233,4179,4112,8291
233,4179,4112,8291
233,4179,4111,8290
233,4178,4111,8289
233,4178,4111,8289
233,4178,4112,8290
233,4178,4112,8290
233,4178,4112,8290
233,4178,4113,8291
233,4178,4113,8291
233,4179,4113,8292
233,4179,4113,8292
233,4180,4113,8293
233,4180,4113,8293
233,4181,4113,8294
233,4181,4113,8294
233,4181,4113,8294
233,4182,4113,8295
233,4182,4113,8295
233,4183,4113,8296
233,4183,4113,8296
233,4183,4114,8297
233,4183,4114,8297
233,4182,4114,8296
233,4182,4114,8296
233,4183,4114,8297
233,4183,4114,8297
233,4183,4114,8297
233,4184,4114,8298
233,4184,4114,8298
233,4184,4114,8298
233,4184,4115,8299
233,4184,4115,8299
233,4184,4115,8299
233,4185,4115,8300
233,4185,4115,8300
233,4185,4115,8300
233,4185,4115,8300
233,4185,4115,8300
233,4185,4116,8301
233,4185,4116,8301
233,4185,4116,8301
233,4185,4115,8300
233,4185,4115,8300
233,4186,4115,8301
233,4186,4115,8301
233,4186,4115,8301
233,4187,4115,8302
233,4187,4115,8302
233,4187,4115,8302
233,4188,4115,8303
233,4188,4115,8303
233,4188,4115,8303
233,4189,4115,8304
233,4189,4115,8304
233,4190,4115,8305
233,4190,4115,8305
233,4190,4115,8305
233,4190,4116,8306
233,4190,4115,8305
233,4190,4115,8305
233,4191,4115,8306
233,4191,4115,8306
233,4191,4115,8306
233,4191,4116,8307
233,4191,4116,8307
233,4191,4117,8308
233,4191,4117,8308
233,4191,4117,8308
233,4191,4118,8309
233,4191,4118,8309
233,4192,4118,8310
233,4192,4118,8310
233,4192,4118,8310
233,4192,4118,8310
233,4192,4118,8310
233,4192,4119,8311
233,4192,4119,8311
233,4192,4120,8312
233,4192,4120,8312
233,4192,4120,8312
233,4193,4120,8313
233,4193,4120,8313
233,4193,4121,8314
233,4193,4121,8314
233,4193,4122,8315
233,4193,4121,8314
233,4193,4121,8314
233,4193,4120,8313
233,4193,4120,8313
233,4193,4121,8314
233,4193,4121,8314
233,4193,4121,8314
233,4193,4121,8314
233,4194,4121,8315
233,4194,4120,8314
233,4194,4120,8314
233,4194,4121,8315
233,4194,4121,8315
233,4195,4121,8316
233,4194,4121,8315
233,4194,4121,8315
233,4194,4122,8316
233,4194,4122,8316
233,4195,4122,8317
233,4195,4122,8317
233,4195,4122,8317
233,4195,4122,8317
233,4195,4123,8318
233,4194,4123,8317
233,4194,4123,8317
233,4195,4123,8318
233,4195,4123,8318
233,4195,4122,8317
233,4194,4122,8316
233,4194,4122,8316
233,4194,4123,8317
233,4194,4123,8317
233,4195,4123,8318
233,4195,4123,8318
233,4195,4123,8318
233,4196,4123,8319
233,4195,4123,8318
233,4195,4123,8318
233,4195,4123,8318
233,4196,4123,8319
233,4196,4123,8319
233,4196,4123,8319
233,4196,4123,8319
233,4197,4123,8320
233,4197,4123,8320
233,4197,4124,8321
233,4197,4124,8321
233,4196,4124,8320
233,4196,4123,8319
233,4196,4123,8319
233,4197,4123,8320
233,4197,4123,8320
233,4197,4124,8321
233,4196,4124,8320
233,4196,4123,8319
233,4196,4123,8319
233,4196,4123,8319
233,4197,4123,8320
233,4196,4123,8319
233,4196,4123,8319
233,4196,4124,8320
233,4196,4124,8320
233,4196,4125,8321
233,4196,4125,8321
233,4196,4126,8322
233,4196,4126,8322
233,4196,4127,8323
233,4196,4127,8323
233,4197,4127,8324
233,4197,4127,8324
233,4197,4128,8325
233,4197,4128,8325
233,4197,4128,8325
233,4198,4128,8326
233,4198,4128,8326
233,4199,4128,8327
233,4199,4128,8327
233,4198,4128,8326
233,4197,4128,8325
233,4197,4128,8325
233,4197,4129,8326
233,4197,4129,8326
233,4198,4129,8327
233,4197,4129,8326
233,4197,4129,8326
233,4198,4129,8327
233,4198,4129,8327
233,4199,4129,8328
233,4198,4129,8327
233,4198,4129,8327
233,4198,4130,8328
233,4198,4130,8328
233,4199,4130,8329
233,4198,4130,8328
233,4198,4130,8328
233,4198,4131,8329
233,4197,4131,8328
233,4197,4131,8328
233,4198,4131,8329
233,4198,4131,8329
233,4198,4132,8330
233,4198,4132,8330
233,4198,4133,8331
233,4198,4133,8331
233,4198,4132,8330
233,4198,4131,8329
233,4198,4130,8328
233,4198,4130,8328
233,4198,4130,8328
233,4198,4130,8328
233,4198,4130,8328
233,4199,4130,8329
233,4198,4130,8328
233,4198,4130,8328
233,4198,4130,8328
233,4197,4130,8327
233,4197,4130,8327
233,4198,4130,8328
233,4198,4130,8328
233,4198,4131,8329
233,4198,4131,8329
233,4198,4132,8330
233,4198,4132,8330
233,4198,4133,8331
233,4198,4132,8330
233,4198,4132,8330
233,4198,4133,8331
233,4198,4133,8331
233,4198,4134,8332
233,4198,4134,8332
233,4198,4135,8333
233,4198,4134,8332
233,4198,4134,8332
233,4199,4134,8333
233,4199,4134,8333
233,4199,4134,8333
233,4199,4134,8333
233,4199,4135,8334
233,4199,4135,8334
233,4199,4135,8334
233,4199,4134,8333
233,4199,4134,8333
233,4200,4134,8334
233,4200,4134,8334
233,4200,4134,8334
233,4200,4135,8335
233,4200,4135,8335
233,4201,4135,8336
233,4201,4135,8336
233,4201,4136,8337
234,4201,4135,8336
234,4201,4135,8336
234,4201,4136,8337
234,4201,4136,8337
234,4201,4136,8337
234,4201,4135,8336
234,4201,4134,8335
234,4201,4134,8335
234,4201,4134,8335
234,4202,4134,8336
234,4202,4134,8336
234,4203,4134,8337
234,4203,4134,8337
234,4202,4134,8336
234,4202,4134,8336
234,4202,4134,8336
234,4203,4134,8337
234,4203,4134,8337
234,4204,4134,8338
234,4204,4134,8338
234,4204,4134,8338
234,4204,4134,8338
234,4205,4134,8339
234,4205,4134,8339
234,4205,4134,8339
234,4206,4134,8340
234,4206,4134,8340
234,4207,4134,8341
234,4207,4134,8341
234,4207,4134,8341
234,4208,4134,8342
234,4208,4134,8342
234,4208,4135,8343
234,4208,4135,8343
234,4208,4135,8343
234,4209,4135,8344
234,4209,4135,8344
234,4210,4135,8345
234,4210,4135,8345
234,4210,4136,8346
234,4210,4136,8346
234,4211,4136,8347
234,4210,4136,8346
234,4210,4136,8346
234,4211,4136,8347
234,4211,4136,8347
234,4211,4137,8348
234,4211,4137,8348
234,4212,4137,8349
234,4212,4137,8349
234,4212,4138,8350
234,4212,4138,8350
234,4211,4138,8349
234,4211,4138,8349
234,4212,4138,8350
234,4212,4138,8350
234,4212,4139,8351
234,4212,4139,8351
234,4213,4139,8352
234,4213,4139,8352
234,4213,4140,8353
234,4213,4139,8352
234,4213,4139,8352
234,4213,4140,8353
234,4213,4140,8353
234,4214,4140,8354
234,4214,4140,8354
234,4214,4141,8355
234,4214,4140,8354
234,4214,4140,8354
234,4214,4141,8355
234,4214,4141,8355
234,4214,4142,8356
234,4214,4142,8356
234,4214,4143,8357
234,4214,4142,8356
234,4214,4142,8356
234,4215,4142,8357
234,4215,4141,8356
234,4215,4141,8356
234,4216,4141,8357
234,4216,4141,8357
234,4216,4142,8358
234,4216,4142,8358
234,4216,4142,8358
234,4217,4142,8359
234,4217,4142,8359
234,4218,4142,8360
234,4218,4142,8360
234,4219,4142,8361
234,4219,4142,8361
234,4220,4142,8362
234,4220,4142,8362
234,4221,4142,8363
234,4221,4142,8363
234,4222,4142,8364
234,4222,4142,8364
234,4222,4142,8364
234,4223,4142,8365
234,4223,4142,8365
234,4224,4142,8366
234,4224,4142,8366
234,4224,4142,8366
234,4225,4142,8367
234,4225,4142,8367
234,4226,4142,8368
234,4226,4142,8368
234,4225,4142,8367
234,4225,4142,8367
234,4225,4143,8368
234,4225,4143,8368
234,4226,4143,8369
234,4226,4143,8369
234,4226,4144,8370
234,4225,4144,8369
234,4225,4144,8369
234,4225,4145,8370
234,4225,4145,8370
234,4226,4145,8371
234,4226,4145,8371
234,4226,4145,8371
234,4227,4145,8372
234,4227,4145,8372
234,4227,4146,8373
234,4227,4146,8373
234,4227,4147,8374
234,4227,4147,8374
234,4227,4148,8375
234,4227,4148,8375
234,4227,4148,8375
234,4228,4148,8376
234,4228,4147,8375
234,4228,4147,8375
234,4228,4148,8376
234,4228,4148,8376
234,4229,4148,8377
234,4229,4148,8377
234,4229,4149,8378
234,4229,4149,8378
234,4229,4150,8379
234,4228,4150,8378
234,4228,4149,8377
234,4228,4149,8377
234,4228,4148,8376
234,4228,4148,8376
234,4229,4148,8377
234,4229,4148,8377
234,4229,4149,8378
234,4228,4149,8377
234,4228,4149,8377
234,4229,4149,8378
234,4229,4149,8378
234,4229,4149,8378
234,4229,4149,8378
234,4229,4149,8378
234,4230,4149,8379
234,4230,4149,8379
234,4230,4150,8380
234,4230,4150,8380
234,4230,4151,8381
234,4230,4151,8381
234,4231,4151,8382
234,4231,4151,8382
234,4232,4151,8383
234,4232,4151,8383
234,4232,4152,8384
234,4232,4152,8384
234,4232,4153,8385
234,4232,4152,8384
234,4232,4152,8384
234,4232,4152,8384
234,4233,4152,8385
234,4233,4152,8385
234,4233,4152,8385
234,4234,4152,8386
234,4234,4151,8385
234,4234,4151,8385
234,4234,4152,8386
234,4234,4152,8386
234,4234,4152,8386
234,4234,4153,8387
234,4234,4153,8387
234,4234,4153,8387
234,4233,4153,8386
234,4233,4152,8385
234,4233,4152,8385
234,4233,4152,8385
234,4234,4152,8386
234,4234,4152,8386
234,4235,4152,8387
234,4235,4152,8387
234,4236,4152,8388
234,4236,4152,8388
234,4237,4152,8389
234,4237,4152,8389
234,4237,4151,8388
234,4237,4151,8388
234,4237,4152,8389
234,4237,4152,8389
234,4238,4152,8390
234,4238,4152,8390
234,4239,4152,8391
234,4239,4152,8391
234,4239,4153,8392
234,4238,4153,8391
234,4238,4153,8391
234,4238,4153,8391
234,4239,4153,8392
234,4239,4152,8391
234,4239,4152,8391
234,4240,4152,8392
234,4240,4152,8392
234,4240,4153,8393
234,4239,4153,8392
234,4239,4153,8392
234,4239,4154,8393
234,4239,4154,8393
234,4239,4154,8393
234,4239,4154,8393
234,4240,4154,8394
234,4240,4153,8393
234,4240,4153,8393
234,4240,4154,8394
234,4240,4154,8394
234,4240,4154,8394
234,4240,4155,8395
234,4240,4155,8395
234,4240,4156,8396
234,4240,4156,8396
234,4240,4156,8396
234,4240,4157,8397
234,4240,4157,8397
234,4241,4157,8398
234,4241,4157,8398
234,4242,4157,8399
234,4242,4157,8399
234,4242,4158,8400
234,4242,4158,8400
234,4242,4158,8400
234,4242,4158,8400
234,4242,4158,8400
234,4242,4159,8401
234,4242,4159,8401
234,4242,4159,8401
234,4242,4160,8402
234,4242,4160,8402
234,4242,4161,8403
234,4242,4161,8403
234,4242,4161,8403
234,4242,4162,8404
234,4242,4162,8404
234,4243,4162,8405
234,4242,4162,8404
234,4242,4162,8404
234,4241,4162,8403
234,4241,4162,8403
234,4241,4163,8404
234,4241,4163,8404
234,4242,4163,8405
234,4242,4162,8404
234,4241,4162,8403
234,4241,4162,8403
234,4241,4162,8403
234,4241,4161,8402
234,4241,4161,8402
234,4241,4162,8403
234,4241,4162,8403
234,4241,4162,8403
234,4241,4162,8403
234,4242,4162,8404
234,4242,4162,8404
234,4243,4162,8405
234,4243,4162,8405
234,4244,4162,8406
234,4244,4161,8405
234,4244,4161,8405
234,4245,4161,8406
234,4244,4161,8405
234,4244,4161,8405
234,4244,4162,8406
234,4243,4162,8405
234,4243,4162,8405
234,4243,4163,8406
234,4243,4163,8406
234,4243,4163,8406
234,4244,4163,8407
234,4244,4163,8407
234,4245,4163,8408
234,4245,4162,8407
234,4245,4162,8407
234,4245,4162,8407
234,4245,4162,8407
234,4245,4163,8408
234,4244,4163,8407
234,4244,4163,8407
234,4244,4164,8408
234,4244,4163,8407
234,4244,4163,8407
234,4244,4163,8407
234,4245,4163,8408
234,4245,4163,8408
234,4246,4163,8409
234,4246,4163,8409
234,4246,4163,8409
234,4246,4163,8409
234,4247,4163,8410
234,4247,4163,8410
234,4248,4163,8411
234,4248,4163,8411
234,4248,4163,8411
234,4248,4164,8412
234,4248,4163,8411
234,4248,4162,8410
234,4248,4162,8410
234,4249,4162,8411
234,4249,4162,8411
234,4250,4162,8412
234,4250,4162,8412
234,4251,4162,8413
234,4251,4162,8413
234,4251,4162,8413
234,4251,4162,8413
234,4251,4162,8413
234,4252,4162,8414
234,4252,4162,8414
234,4252,4162,8414
234,4252,4162,8414
234,4252,4163,8415
234,4252,4163,8415
234,4252,4163,8415
234,4253,4163,8416
234,4253,4163,8416
234,4253,4163,8416
234,4253,4164,8417
234,4253,4164,8417
234,4254,4164,8418
234,4254,4164,8418
234,4254,4165,8419
234,4254,4165,8419
234,4253,4165,8418
234,4253,4165,8418
234,4253,4166,8419
234,4253,4165,8418
234,4253,4165,8418
234,4253,4166,8419
234,4253,4166,8419
234,4254,4166,8420
234,4254,4166,8420
234,4254,4167,8421
234,4254,4167,8421
234,4254,4167,8421
234,4254,4168,8422
234,4254,4168,8422
234,4254,4169,8423
234,4254,4169,8423
234,4254,4169,8423
234,4254,4168,8422
234,4254,4168,8422
234,4254,4168,8422
234,4254,4167,8421
234,4254,4167,8421
234,4254,4167,8421
234,4254,4168,8422
234,4254,4168,8422
234,4255,4168,8423
234,4255,4168,8423
234,4255,4169,8424
234,4255,4169,8424
234,4256,4169,8425
234,4256,4169,8425
234,4257,4169,8426
234,4257,4169,8426
234,4257,4169,8426
234,4257,4169,8426
234,4257,4169,8426
234,4257,4170,8427
234,4257,4169,8426
234,4257,4169,8426
234,4257,4170,8427
234,4257,4170,8427
234,4257,4170,8427
234,4257,4170,8427
234,4257,4170,8427
234,4257,4171,8428
234,4257,4171,8428
234,4258,4171,8429
234,4258,4171,8429
234,4258,4172,8430
234,4258,4172,8430
234,4258,4172,8430
234,4258,4172,8430
234,4259,4172,8431
234,4259,4172,8431
234,4259,4173,8432
234,4259,4173,8432
234,4259,4173,8432
234,4259,4174,8433
234,4259,4173,8432
234,4259,4172,8431
234,4259,4172,8431
234,4259,4172,8431
234,4260,4172,8432
234,4260,4171,8431
234,4260,4171,8431
234,4260,4171,8431
234,4261,4171,8432
234,4261,4171,8432
234,4261,4171,8432
234,4261,4172,8433
234,4261,4172,8433
234,4261,4173,8434
234,4261,4173,8434
234,4261,4174,8435
234,4261,4174,8435
234,4262,4174,8436
234,4262,4174,8436
234,4262,4175,8437
234,4262,4175,8437
234,4263,4175,8438
234,4263,4175,8438
234,4263,4175,8438
234,4264,4175,8439
234,4264,4175,8439
234,4264,4176,8440
234,4264,4176,8440
234,4264,4177,8441
234,4264,4177,8441
234,4264,4177,8441
234,4264,4177,8441
234,4264,4178,8442
234,4263,4178,8441
234,4263,4178,8441
234,4263,4179,8442
234,4263,4178,8441
234,4263,4178,8441
234,4263,4178,8441
234,4263,4179,8442
234,4263,4179,8442
234,4263,4179,8442
234,4263,4179,8442
234,4263,4179,8442
234,4263,4179,8442
234,4263,4179,8442
234,4264,4179,8443
234,4264,4179,8443
234,4264,4180,8444
234,4264,4180,8444
234,4264,4181,8445
234,4264,4181,8445
234,4265,4181,8446
234,4265,4181,8446
234,4265,4181,8446
234,4265,4182,8447
234,4265,4182,8447
234,4265,4183,8448
234,4265,4183,8448
234,4266,4183,8449
234,4266,4183,8449
234,4267,4183,8450
234,4267,4182,8449
234,4267,4182,8449
234,4268,4182,8450
234,4268,4182,8450
234,4269,4182,8451
234,4268,4182,8450
234,4268,4182,8450
234,4268,4183,8451
234,4268,4183,8451
234,4268,4184,8452
234,4268,4184,8452
234,4269,4184,8453
234,4268,4184,8452
234,4268,4184,8452
234,4268,4185,8453
234,4267,4185,8452
234,4267,4185,8452
234,4267,4186,8453
234,4267,4186,8453
234,4268,4186,8454
234,4268,4186,8454
234,4268,4186,8454
234,4269,4186,8455
234,4269,4185,8454
234,4269,4185,8454
234,4270,4185,8455
234,4270,4185,8455
234,4271,4185,8456
234,4271,4185,8456
234,4271,4186,8457
234,4271,4186,8457
234,4271,4186,8457
234,4271,4187,8458
234,4271,4187,8458
234,4272,4187,8459
234,4271,4187,8458
234,4270,4187,8457
234,4270,4187,8457
234,4270,4187,8457
234,4271,4187,8458
234,4271,4187,8458
234,4271,4188,8459
234,4271,4188,8459
234,4272,4188,8460
234,4272,4188,8460
234,4272,4189,8461
234,4272,4189,8461
234,4273,4189,8462
234,4273,4189,8462
234,4273,4190,8463
234,4273,4190,8463
234,4273,4190,8463
234,4274,4190,8464
234,4274,4190,8464
234,4275,4190,8465
234,4275,4190,8465
234,4276,4190,8466
234,4276,4189,8465
234,4276,4189,8465
234,4275,4189,8464
234,4275,4189,8464
234,4275,4189,8464
234,4275,4189,8464
234,4275,4190,8465
234,4275,4190,8465
234,4275,4191,8466
234,4274,4191,8465
234,4274,4190,8464
234,4274,4190,8464
234,4274,4190,8464
234,4274,4190,8464
234,4274,4190,8464
234,4275,4190,8465
234,4275,4190,8465
234,4275,4191,8466
234,4275,4190,8465
234,4275,4190,8465
234,4276,4190,8466
234,4276,4190,8466
234,4276,4190,8466
234,4277,4190,8467
234,4277,4189,8466
234,4277,4189,8466
234,4277,4190,8467
234,4276,4190,8466
234,4276,4190,8466
234,4277,4190,8467
234,4277,4190,8467
234,4277,4190,8467
234,4277,4190,8467
234,4277,4191,8468
234,4277,4191,8468
234,4278,4191,8469
234,4278,4191,8469
234,4278,4190,8468
234,4277,4190,8467
234,4277,4190,8467
234,4277,4191,8468
234,4277,4191,8468
234,4277,4192,8469
234,4277,4191,8468
234,4277,4191,8468
234,4277,4192,8469
234,4277,4192,8469
234,4277,4192,8469
234,4277,4192,8469
234,4277,4192,8469
234,4277,4192,8469
234,4278,4192,8470
234,4278,4192,8470
234,4279,4192,8471
234,4279,4191,8470
234,4279,4191,8470
234,4279,4191,8470
234,4279,4192,8471
234,4279,4192,8471
234,4279,4192,8471
234,4279,4192,8471
234,4279,4193,8472
234,4279,4193,8472
234,4280,4193,8473
234,4280,4193,8473
234,4280,4194,8474
234,4280,4194,8474
234,4281,4194,8475
234,4281,4194,8475
234,4281,4194,8475
234,4281,4194,8475
234,4281,4194,8475
234,4281,4195,8476
234,4281,4195,8476
234,4281,4196,8477
234,4281,4196,8477
234,4282,4196,8478
234,4282,4196,8478
234,4282,4196,8478
234,4282,4197,8479
234,4282,4197,8479
234,4283,4197,8480
234,4283,4197,8480
234,4284,4197,8481
234,4283,4197,8480
234,4283,4197,8480
234,4284,4197,8481
234,4284,4197,8481
234,4285,4197,8482
234,4285,4197,8482
234,4285,4197,8482
234,4286,4197,8483
234,4286,4197,8483
234,4286,4197,8483
234,4287,4197,8484
234,4287,4197,8484
234,4287,4198,8485
234,4287,4198,8485
234,4287,4199,8486
234,4287,4199,8486
234,4287,4199,8486
234,4287,4199,8486
234,4288,4199,8487
234,4288,4199,8487
234,4289,4199,8488
234,4289,4199,8488
234,4289,4200,8489
234,4289,4200,8489
234,4290,4200,8490
234,4289,4200,8489
234,4288,4200,8488
234,4288,4199,8487
234,4287,4199,8486
234,4287,4199,8486
234,4287,4199,8486
234,4287,4200,8487
234,4286,4200,8486
234,4286,4200,8486
234,4286,4201,8487
234,4286,4201,8487
234,4287,4201,8488
234,4287,4201,8488
234,4288,4201,8489
234,4288,4201,8489
234,4288,4200,8488
234,4288,4200,8488
234,4289,4200,8489
234,4289,4200,8489
234,4289,4201,8490
234,4288,4201,8489
234,4288,4201,8489
234,4288,4201,8489
234,4288,4201,8489
234,4288,4202,8490
234,4288,4202,8490
234,4289,4202,8491
234,4289,4202,8491
234,4289,4202,8491
234,4289,4202,8491
234,4289,4202,8491
234,4290,4202,8492
234,4290,4201,8491
234,4290,4201,8491
234,4290,4202,8492
234,4290,4202,8492
234,4291,4202,8493
234,4291,4202,8493
234,4291,4202,8493
234,4292,4202,8494
234,4292,4202,8494
234,4292,4202,8494
234,4292,4203,8495
234,4291,4203,8494
234,4291,4202,8493
234,4291,4202,8493
234,4292,4202,8494
234,4292,4202,8494
234,4293,4202,8495
234,4293,4202,8495
234,4293,4203,8496
234,4292,4203,8495
234,4292,4202,8494
234,4292,4202,8494
234,4293,4202,8495
234,4293,4202,8495
234,4293,4203,8496
234,4293,4203,8496
234,4293,4203,8496
234,4293,4203,8496
234,4293,4204,8497
234,4293,4204,8497
234,4292,4204,8496
234,4292,4204,8496
234,4293,4204,8497
234,4293,4204,8497
234,4294,4204,8498
234,4294,4204,8498
234,4294,4205,8499
234,4294,4205,8499
234,4294,4205,8499
234,4294,4205,8499
234,4294,4205,8499
234,4294,4205,8499
234,4294,4205,8499
234,4294,4206,8500
234,4294,4206,8500
234,4294,4206,8500
234,4295,4206,8501
234,4295,4206,8501
234,4295,4207,8502
234,4295,4206,8501
234,4295,4206,8501
234,4295,4207,8502
234,4295,4207,8502
234,4295,4207,8502
234,4296,4207,8503
234,4296,4207,8503
234,4296,4208,8504
234,4296,4208,8504
234,4296,4208,8504
234,4296,4208,8504
234,4297,4208,8505
234,4297,4208,8505
234,4297,4209,8506
234,4297,4209,8506
234,4298,4209,8507
234,4298,4209,8507
234,4299,4209,8508
234,4299,4209,8508
234,4299,4210,8509
234,4299,4209,8508
234,4299,4209,8508
234,4300,4209,8509
234,4300,4208,8508
234,4299,4208,8507
234,4299,4208,8507
234,4300,4208,8508
234,4300,4208,8508
234,4300,4209,8509
234,4300,4209,8509
234,4300,4209,8509
234,4300,4210,8510
234,4300,4210,8510
234,4300,4210,8510
234,4301,4210,8511
234,4301,4210,8511
234,4300,4210,8510
234,4300,4210,8510
234,4300,4210,8510
234,4301,4210,8511
234,4301,4210,8511
234,4302,4210,8512
234,4302,4210,8512
234,4303,4210,8513
234,4302,4210,8512
234,4302,4210,8512
234,4302,4210,8512
234,4302,4211,8513
234,4301,4211,8512
234,4301,4211,8512
234,4302,4211,8513
234,4302,4210,8512
234,4302,4210,8512
234,4301,4210,8511
234,4301,4210,8511
234,4302,4210,8512
234,4302,4210,8512
234,4303,4210,8513
234,4303,4210,8513
234,4303,4210,8513
234,4304,4210,8514
234,4303,4210,8513
234,4302,4210,8512
234,4302,4210,8512
234,4303,4210,8513
234,4303,4210,8513
234,4304,4210,8514
234,4304,4210,8514
234,4305,4210,8515
234,4305,4210,8515
234,4306,4210,8516
234,4306,4210,8516
234,4306,4210,8516
234,4307,4210,8517
234,4307,4210,8517
234,4307,4211,8518
234,4307,4211,8518
234,4307,4211,8518
234,4307,4211,8518
234,4308,4211,8519
234,4308,4211,8519
234,4309,4211,8520
234,4309,4211,8520
234,4309,4212,8521
234,4309,4212,8521
234,4309,4213,8522
234,4309,4213,8522
234,4309,4213,8522
234,4310,4213,8523
234,4310,4213,8523
234,4310,4213,8523
234,4310,4214,8524
234,4310,4214,8524
234,4310,4215,8525
234,4310,4215,8525
234,4311,4215,8526
234,4311,4215,8526
234,4312,4215,8527
234,4311,4215,8526
234,4311,4215,8526
234,4312,4215,8527
234,4312,4215,8527
234,4311,4215,8526
234,4311,4215,8526
234,4312,4215,8527
234,4312,4215,8527
234,4313,4215,8528
234,4313,4215,8528
234,4313,4215,8528
234,4314,4215,8529
234,4314,4215,8529
234,4315,4215,8530
234,4314,4215,8529
234,4314,4215,8529
234,4315,4215,8530
234,4314,4215,8529
234,4314,4215,8529
234,4314,4215,8529
234,4315,4215,8530
234,4315,4215,8530
234,4315,4216,8531
234,4315,4216,8531
234,4316,4216,8532
234,4316,4216,8532
234,4316,4216,8532
234,4316,4217,8533
234,4316,4217,8533
234,4316,4218,8534
234,4316,4218,8534
234,4316,4218,8534
234,4316,4218,8534
234,4316,4218,8534
234,4316,4218,8534
234,4316,4218,8534
234,4316,4219,8535
234,4315,4219,8534
234,4315,4219,8534
234,4316,4219,8535
234,4316,4219,8535
234,4316,4218,8534
234,4316,4218,8534
234,4316,4219,8535
234,4316,4219,8535
234,4317,4219,8536
234,4317,4219,8536
234,4318,4219,8537
234,4318,4219,8537
234,4318,4220,8538
234,4318,4220,8538
234,4319,4220,8539
234,4319,4220,8539
234,4319,4221,8540
234,4319,4221,8540
234,4319,4222,8541
234,4319,4222,8541
234,4318,4222,8540
234,4318,4221,8539
234,4318,4221,8539
234,4319,4221,8540
234,4319,4221,8540
234,4319,4222,8541
234,4319,4222,8541
234,4319,4222,8541
234,4320,4222,8542
234,4320,4222,8542
234,4320,4222,8542
234,4321,4222,8543
234,4321,4222,8543
234,4321,4223,8544
234,4321,4223,8544
234,4321,4224,8545
234,4321,4223,8544
234,4321,4223,8544
234,4322,4223,8545
234,4322,4223,8545
234,4322,4224,8546
234,4322,4224,8546
234,4322,4223,8545
234,4322,4223,8545
234,4322,4224,8546
234,4322,4224,8546
234,4322,4224,8546
234,4322,4225,8547
234,4322,4225,8547
234,4322,4225,8547
234,4322,4226,8548
234,4322,4226,8548
234,4322,4226,8548
234,4322,4226,8548
234,4322,4226,8548
234,4322,4226,8548
234,4322,4226,8548
234,4322,4227,8549
234,4322,4226,8548
234,4322,4226,8548
234,4323,4226,8549
234,4323,4226,8549
234,4323,4225,8548
234,4323,4225,8548
234,4324,4225,8549
234,4324,4225,8549
234,4325,4225,8550
234,4325,4225,8550
234,4325,4226,8551
234,4325,4226,8551
234,4325,4226,8551
234,4326,4226,8552
234,4326,4226,8552
234,4326,4227,8553
234,4326,4227,8553
234,4326,4228,8554
234,4326,4228,8554
234,4327,4228,8555
234,4326,4228,8554
234,4326,4228,8554
234,4326,4228,8554
234,4327,4228,8555
234,4327,4228,8555
234,4328,4228,8556
234,4328,4228,8556
234,4328,4228,8556
234,4328,4229,8557
234,4327,4229,8556
234,4327,4229,8556
234,4328,4229,8557
234,4328,4229,8557
234,4329,4229,8558
234,4329,4229,8558
234,4330,4229,8559
234,4330,4229,8559
234,4331,4229,8560
234,4331,4229,8560
234,4331,4230,8561
234,4331,4230,8561
234,4331,4231,8562
234,4331,4231,8562
234,4331,4231,8562
234,4332,4231,8563
234,4332,4231,8563
234,4332,4230,8562
234,4332,4230,8562
234,4333,4230,8563
234,4333,4230,8563
234,4333,4231,8564
234,4333,4231,8564
234,4334,4231,8565
234,4334,4231,8565
234,4335,4231,8566
234,4335,4231,8566
234,4335,4232,8567
234,4335,4232,8567
234,4334,4232,8566
234,4334,4232,8566
234,4335,4232,8567
234,4335,4232,8567
234,4335,4233,8568
234,4335,4233,8568
234,4336,4233,8569
234,4336,4233,8569
234,4337,4233,8570
234,4337,4233,8570
234,4338,4233,8571
234,4338,4233,8571
234,4339,4233,8572
234,4339,4233,8572
234,4339,4234,8573
234,4339,4234,8573
234,4339,4235,8574
234,4339,4235,8574
234,4339,4235,8574
234,4340,4235,8575
234,4340,4234,8574
234,4340,4234,8574
234,4340,4235,8575
234,4340,4235,8575
234,4340,4235,8575
234,4340,4235,8575
234,4341,4235,8576
234,4341,4235,8576
234,4341,4236,8577
234,4341,4236,8577
234,4341,4236,8577
234,4342,4236,8578
234,4342,4236,8578
234,4342,4236,8578
234,4342,4236,8578
234,4342,4237,8579
234,4341,4237,8578
234,4341,4237,8578
234,4341,4238,8579
234,4341,4238,8579
234,4341,4239,8580
234,4341,4239,8580
234,4342,4239,8581
234,4342,4239,8581
234,4342,4239,8581
234,4342,4239,8581
234,4343,4239,8582
234,4343,4239,8582
234,4344,4239,8583
234,4344,4239,8583
234,4344,4240,8584
234,4344,4240,8584
234,4344,4239,8583
234,4344,4239,8583
234,4344,4238,8582
234,4343,4238,8581
234,4343,4238,8581
234,4343,4239,8582
234,4343,4239,8582
234,4343,4240,8583
234,4343,4240,8583
234,4344,4240,8584
234,4344,4240,8584
234,4343,4240,8583
234,4343,4240,8583
234,4343,4240,8583
234,4343,4240,8583
234,4344,4240,8584
234,4344,4240,8584
234,4345,4240,8585
234,4345,4240,8585
234,4345,4241,8586
234,4345,4241,8586
234,4345,4242,8587
234,4344,4242,8586
234,4344,4242,8586
234,4344,4242,8586
234,4344,4242,8586
234,4344,4243,8587
234,4344,4242,8586
234,4344,4242,8586
234,4344,4242,8586
234,4344,4242,8586
234,4344,4241,8585
235,4344,4240,8584
235,4344,4240,8584
235,4345,4240,8585
235,4345,4240,8585
235,4346,4240,8586
235,4346,4240,8586
235,4346,4241,8587
235,4346,4241,8587
235,4347,4241,8588
235,4346,4241,8587
235,4345,4241,8586
235,4345,4241,8586
235,4346,4241,8587
235,4346,4241,8587
235,4346,4242,8588
235,4346,4242,8588
235,4346,4243,8589
235,4346,4243,8589
235,4346,4243,8589
235,4346,4243,8589
235,4347,4243,8590
235,4347,4243,8590
235,4348,4243,8591
235,4348,4243,8591
235,4348,4244,8592
235,4348,4244,8592
235,4349,4244,8593
235,4349,4244,8593
235,4349,4244,8593
235,4350,4244,8594
235,4350,4244,8594
235,4350,4244,8594
235,4350,4245,8595
235,4350,4245,8595
235,4350,4246,8596
235,4350,4246,8596
235,4350,4246,8596
235,4350,4245,8595
235,4350,4245,8595
235,4350,4246,8596
235,4350,4246,8596
235,4351,4246,8597
235,4351,4246,8597
235,4351,4247,8598
235,4351,4247,8598
235,4352,4247,8599
235,4352,4247,8599
235,4352,4246,8598
235,4352,4246,8598
235,4352,4247,8599
235,4352,4247,8599
235,4352,4248,8600
235,4352,4248,8600
235,4352,4248,8600
235,4352,4248,8600
235,4352,4249,8601
235,4352,4249,8601
235,4353,4249,8602
235,4352,4249,8601
235,4352,4249,8601
235,4352,4250,8602
235,4352,4250,8602
235,4352,4251,8603
235,4352,4251,8603
235,4352,4251,8603
235,4352,4252,8604
235,4352,4252,8604
235,4352,4252,8604
235,4352,4253,8605
235,4352,4253,8605
235,4353,4253,8606
235,4353,4253,8606
235,4353,4254,8607
235,4352,4254,8606
235,4352,4254,8606
235,4352,4254,8606
235,4352,4254,8606
235,4352,4253,8605
235,4352,4253,8605
235,4352,4253,8605
235,4352,4254,8606
235,4352,4254,8606
235,4353,4254,8607
235,4353,4254,8607
235,4353,4255,8608
235,4353,4255,8608
235,4354,4255,8609
235,4354,4255,8609
235,4354,4256,8610
235,4354,4256,8610
235,4355,4256,8611
235,4354,4256,8610
235,4353,4256,8609
235,4353,4256,8609
235,4353,4256,8609
235,4354,4256,8610
235,4354,4256,8610
235,4355,4256,8611
235,4355,4255,8610
235,4355,4255,8610
235,4355,4255,8610
235,4355,4256,8611
235,4354,4256,8610
235,4354,4256,8610
235,4355,4256,8611
235,4355,4256,8611
235,4355,4257,8612
235,4355,4257,8612
235,4356,4257,8613
235,4356,4257,8613
235,4356,4258,8614
235,4356,4258,8614
235,4356,4259,8615
235,4356,4259,8615
235,4357,4259,8616
235,4357,4259,8616
235,4357,4260,8617
235,4357,4260,8617
235,4358,4260,8618
235,4358,4260,8618
235,4359,4260,8619
235,4359,4260,8619
235,4359,4260,8619
235,4359,4260,8619
235,4359,4260,8619
235,4360,4260,8620
235,4360,4260,8620
235,4360,4260,8620
235,4361,4260,8621
235,4361,4259,8620
235,4361,4259,8620
235,4362,4259,8621
235,4361,4259,8620
235,4361,4259,8620
235,4362,4259,8621
235,4361,4259,8620
235,4361,4259,8620
235,4361,4260,8621
235,4361,4260,8621
235,4361,4261,8622
235,4361,4261,8622
235,4361,4262,8623
235,4361,4262,8623
235,4362,4262,8624
235,4362,4262,8624
235,4362,4262,8624
235,4363,4262,8625
235,4363,4262,8625
235,4363,4263,8626
235,4363,4263,8626
235,4364,4263,8627
235,4364,4263,8627
235,4364,4264,8628
235,4364,4264,8628
235,4365,4264,8629
235,4365,4264,8629
235,4365,4264,8629
235,4365,4265,8630
235,4365,4265,8630
235,4364,4265,8629
235,4364,4265,8629
235,4364,4266,8630
235,4364,4266,8630
235,4364,4267,8631
235,4364,4266,8630
235,4364,4266,8630
235,4364,4267,8631
235,4364,4267,8631
235,4364,4268,8632
235,4364,4268,8632
235,4365,4268,8633
235,4365,4268,8633
235,4365,4269,8634
235,4365,4269,8634
235,4365,4268,8633
235,4365,4267,8632
235,4365,4267,8632
235,4365,4268,8633
235,4365,4268,8633
235,4366,4268,8634
235,4365,4268,8633
235,4365,4268,8633
235,4366,4268,8634
235,4365,4268,8633
235,4365,4268,8633
235,4365,4269,8634
235,4365,4269,8634
235,4366,4269,8635
235,4365,4269,8634
235,4365,4269,8634
235,4365,4270,8635
235,4364,4270,8634
235,4364,4270,8634
235,4364,4269,8633
235,4364,4269,8633
235,4364,4269,8633
235,4364,4270,8634
235,4364,4270,8634
235,4365,4270,8635
235,4365,4269,8634
235,4365,4269,8634
235,4365,4270,8635
235,4365,4270,8635
235,4366,4270,8636
235,4366,4270,8636
235,4366,4271,8637
235,4366,4271,8637
235,4367,4271,8638
235,4367,4271,8638
235,4367,4271,8638
235,4367,4272,8639
235,4367,4272,8639
235,4368,4272,8640
235,4368,4272,8640
235,4369,4272,8641
235,4369,4272,8641
235,4369,4272,8641
235,4370,4272,8642
235,4370,4272,8642
235,4371,4272,8643
235,4371,4272,8643
235,4371,4273,8644
235,4371,4273,8644
235,4371,4274,8645
235,4371,4274,8645
235,4371,4274,8645
235,4371,4275,8646
235,4371,4275,8646
235,4372,4275,8647
235,4371,4275,8646
235,4371,4275,8646
235,4371,4276,8647
235,4371,4276,8647
235,4372,4276,8648
235,4372,4276,8648
235,4373,4276,8649
235,4373,4276,8649
235,4373,4277,8650
235,4373,4277,8650
235,4373,4278,8651
235,4373,4278,8651
235,4373,4278,8651
235,4373,4278,8651
235,4372,4278,8650
235,4372,4278,8650
235,4373,4278,8651
235,4373,4278,8651
235,4374,4278,8652
235,4374,4278,8652
235,4374,4277,8651
235,4374,4277,8651
235,4375,4277,8652
235,4375,4277,8652
235,4376,4277,8653
235,4376,4277,8653
235,4377,4277,8654
235,4377,4277,8654
235,4378,4277,8655
235,4378,4277,8655
235,4377,4277,8654
235,4377,4277,8654
235,4377,4277,8654
235,4377,4277,8654
235,4377,4277,8654
235,4377,4277,8654
235,4377,4277,8654
235,4377,4278,8655
235,4377,4278,8655
235,4378,4278,8656
235,4378,4278,8656
235,4379,4278,8657
235,4379,4278,8657
235,4379,4279,8658
235,4379,4279,8658
235,4380,4279,8659
235,4380,4279,8659
235,4380,4280,8660
235,4380,4280,8660
235,4380,4281,8661
235,4380,4281,8661
235,4380,4282,8662
235,4380,4282,8662
235,4380,4283,8663
235,4380,4283,8663
235,4381,4283,8664
235,4381,4283,8664
235,4381,4283,8664
235,4382,4283,8665
235,4382,4283,8665
235,4382,4284,8666
235,4382,4284,8666
235,4382,4284,8666
235,4383,4284,8667
235,4383,4284,8667
235,4383,4284,8667
235,4383,4284,8667
235,4383,4284,8667
235,4383,4284,8667
235,4384,4284,8668
235,4384,4284,8668
235,4384,4285,8669
235,4384,4285,8669
235,4384,4286,8670
235,4384,4286,8670
235,4384,4286,8670
235,4384,4286,8670
235,4384,4286,8670
235,4384,4287,8671
235,4384,4287,8671
235,4385,4287,8672
235,4385,4287,8672
235,4386,4287,8673
235,4386,4287,8673
235,4386,4288,8674
235,4386,4288,8674
235,4386,4288,8674
235,4386,4288,8674
235,4386,4289,8675
235,4386,4289,8675
235,4386,4289,8675
235,4386,4289,8675
235,4386,4289,8675
235,4386,4290,8676
235,4386,4290,8676
235,4386,4291,8677
235,4386,4291,8677
235,4387,4291,8678
235,4387,4291,8678
235,4388,4291,8679
235,4388,4291,8679
235,4388,4292,8680
235,4388,4292,8680
235,4387,4292,8679
235,4387,4292,8679
235,4387,4293,8680
235,4387,4293,8680
235,4387,4294,8681
235,4387,4294,8681
235,4387,4294,8681
235,4388,4294,8682
235,4388,4294,8682
235,4388,4294,8682
235,4389,4294,8683
235,4389,4294,8683
235,4389,4294,8683
235,4389,4294,8683
235,4389,4294,8683
235,4390,4294,8684
235,4390,4294,8684
235,4391,4294,8685
235,4391,4294,8685
235,4392,4294,8686
235,4392,4294,8686
235,4392,4295,8687
235,4392,4295,8687
235,4392,4295,8687
235,4393,4295,8688
235,4393,4295,8688
235,4393,4295,8688
235,4393,4295,8688
235,4394,4295,8689
235,4394,4295,8689
235,4394,4296,8690
235,4394,4296,8690
235,4395,4296,8691
235,4395,4296,8691
235,4395,4297,8692
235,4395,4297,8692
235,4396,4297,8693
235,4396,4297,8693
235,4397,4297,8694
235,4397,4297,8694
235,4397,4298,8695
235,4397,4298,8695
235,4397,4298,8695
235,4397,4299,8696
235,4397,4299,8696
235,4398,4299,8697
235,4398,4299,8697
235,4398,4300,8698
235,4398,4300,8698
235,4398,4301,8699
235,4398,4301,8699
235,4399,4301,8700
235,4399,4301,8700
235,4399,4302,8701
235,4399,4302,8701
235,4400,4302,8702
235,4400,4302,8702
235,4401,4302,8703
235,4401,4302,8703
235,4401,4303,8704
235,4401,4303,8704
235,4401,4304,8705
235,4401,4303,8704
235,4401,4303,8704
235,4401,4304,8705
235,4401,4304,8705
235,4401,4303,8704
235,4401,4303,8704
235,4401,4304,8705
235,4401,4304,8705
235,4401,4305,8706
235,4401,4304,8705
235,4401,4304,8705
235,4401,4305,8706
235,4401,4305,8706
235,4401,4305,8706
235,4401,4306,8707
235,4401,4306,8707
235,4402,4306,8708
235,4402,4306,8708
235,4402,4307,8709
235,4402,4306,8708
235,4402,4306,8708
235,4402,4306,8708
235,4402,4307,8709
235,4402,4307,8709
235,4402,4307,8709
235,4402,4308,8710
235,4402,4308,8710
235,4402,4308,8710
235,4403,4308,8711
235,4403,4307,8710
235,4403,4307,8710
235,4404,4307,8711
235,4404,4307,8711
235,4404,4308,8712
235,4404,4308,8712
235,4404,4308,8712
235,4405,4308,8713
235,4405,4308,8713
235,4405,4309,8714
235,4405,4309,8714
235,4406,4309,8715
235,4406,4309,8715
235,4407,4309,8716
235,4407,4309,8716
235,4408,4309,8717
235,4408,4309,8717
235,4409,4309,8718
235,4409,4309,8718
235,4409,4309,8718
235,4409,4309,8718
235,4409,4310,8719
235,4409,4310,8719
235,4409,4311,8720
235,4409,4311,8720
235,4409,4312,8721
235,4409,4312,8721
235,4410,4312,8722
235,4410,4312,8722
235,4411,4312,8723
235,4411,4312,8723
235,4411,4312,8723
235,4412,4312,8724
235,4412,4312,8724
235,4411,4312,8723
235,4411,4312,8723
235,4411,4313,8724
235,4411,4313,8724
235,4411,4313,8724
235,4412,4313,8725
235,4412,4313,8725
235,4412,4313,8725
235,4413,4313,8726
235,4412,4313,8725
235,4411,4313,8724
235,4411,4313,8724
235,4411,4313,8724
235,4411,4313,8724
235,4411,4313,8724
235,4411,4313,8724
235,4412,4313,8725
235,4412,4313,8725
235,4412,4314,8726
235,4412,4314,8726
235,4412,4314,8726
235,4413,4314,8727
235,4413,4314,8727
235,4413,4315,8728
235,4413,4315,8728
235,4413,4315,8728
235,4413,4315,8728
235,4414,4315,8729
235,4413,4315,8728
235,4413,4315,8728
235,4414,4315,8729
235,4414,4315,8729
235,4414,4315,8729
235,4414,4315,8729
235,4414,4315,8729
235,4415,4315,8730
235,4415,4315,8730
235,4415,4315,8730
235,4415,4315,8730
235,4416,4315,8731
235,4415,4315,8730
235,4415,4315,8730
235,4414,4315,8729
235,4414,4315,8729
235,4414,4315,8729
235,4414,4315,8729
235,4414,4316,8730
235,4414,4316,8730
235,4415,4316,8731
235,4415,4316,8731
235,4416,4316,8732
235,4415,4316,8731
235,4415,4316,8731
235,4415,4317,8732
235,4415,4317,8732
235,4415,4318,8733
235,4415,4318,8733
235,4414,4318,8732
235,4414,4318,8732
235,4415,4318,8733
235,4415,4317,8732
235,4415,4317,8732
235,4416,4317,8733
235,4416,4317,8733
235,4416,4318,8734
235,4415,4318,8733
235,4415,4318,8733
235,4415,4319,8734
235,4415,4319,8734
235,4415,4320,8735
235,4415,4320,8735
235,4416,4320,8736
235,4416,4320,8736
235,4416,4321,8737
235,4416,4321,8737
235,4416,4321,8737
235,4416,4321,8737
235,4417,4321,8738
235,4417,4321,8738
235,4417,4322,8739
235,4417,4322,8739
235,4418,4322,8740
235,4418,4321,8739
235,4418,4321,8739
235,4418,4321,8739
235,4418,4321,8739
235,4418,4322,8740
235,4418,4322,8740
235,4419,4322,8741
235,4419,4322,8741
235,4420,4322,8742
235,4420,4322,8742
235,4420,4322,8742
235,4420,4323,8743
235,4420,4323,8743
235,4419,4323,8742
235,4419,4323,8742
235,4419,4322,8741
235,4419,4322,8741
235,4420,4322,8742
235,4419,4322,8741
235,4419,4322,8741
235,4419,4322,8741
235,4420,4322,8742
235,4420,4322,8742
235,4420,4323,8743
235,4419,4323,8742
235,4419,4323,8742
235,4419,4324,8743
235,4419,4324,8743
235,4419,4325,8744
235,4419,4325,8744
235,4419,4326,8745
235,4419,4326,8745
235,4419,4327,8746
235,4419,4326,8745
235,4419,4326,8745
235,4420,4326,8746
235,4420,4326,8746
235,4420,4327,8747
235,4420,4327,8747
235,4421,4327,8748
235,4421,4327,8748
235,4421,4328,8749
235,4421,4328,8749
235,4422,4328,8750
235,4422,4328,8750
235,4422,4329,8751
235,4422,4329,8751
235,4423,4329,8752
235,4423,4329,8752
235,4423,4329,8752
235,4423,4329,8752
235,4423,4329,8752
235,4424,4329,8753
235,4424,4328,8752
235,4424,4328,8752
235,4423,4328,8751
235,4423,4328,8751
235,4423,4329,8752
235,4423,4329,8752
235,4423,4329,8752
235,4423,4330,8753
235,4423,4330,8753
235,4423,4330,8753
235,4422,4330,8752
235,4422,4330,8752
235,4422,4331,8753
235,4422,4331,8753
235,4422,4330,8752
235,4422,4330,8752
235,4423,4330,8753
235,4423,4330,8753
235,4423,4330,8753
235,4423,4331,8754
235,4423,4330,8753
235,4423,4329,8752
235,4423,4329,8752
235,4423,4329,8752
235,4424,4329,8753
235,4424,4329,8753
235,4425,4329,8754
235,4425,4329,8754
235,4425,4329,8754
235,4426,4329,8755
235,4426,4329,8755
235,4427,4329,8756
235,4427,4329,8756
235,4427,4329,8756
235,4428,4329,8757
235,4428,4329,8757
235,4429,4329,8758
235,4429,4329,8758
235,4430,4329,8759
235,4430,4329,8759
235,4430,4329,8759
235,4430,4329,8759
235,4430,4330,8760
235,4430,4330,8760
235,4431,4330,8761
235,4431,4330,8761
235,4431,4331,8762
235,4431,4331,8762
235,4431,4332,8763
235,4431,4332,8763
235,4432,4332,8764
235,4432,4332,8764
235,4432,4332,8764
235,4433,4332,8765
235,4433,4332,8765
235,4434,4332,8766
235,4433,4332,8765
235,4433,4332,8765
235,4433,4332,8765
235,4432,4332,8764
235,4432,4332,8764
235,4433,4332,8765
235,4433,4332,8765
235,4434,4332,8766
235,4434,4332,8766
235,4435,4332,8767
235,4435,4332,8767
235,4435,4333,8768
235,4435,4333,8768
235,4434,4333,8767
235,4434,4333,8767
235,4434,4332,8766
235,4434,4332,8766
235,4435,4332,8767
235,4434,4332,8766
235,4434,4332,8766
235,4434,4332,8766
235,4434,4332,8766
235,4435,4332,8767
235,4435,4332,8767
235,4435,4333,8768
235,4434,4333,8767
235,4434,4333,8767
235,4434,4333,8767
235,4434,4334,8768
235,4434,4334,8768
235,4434,4334,8768
235,4434,4335,8769
235,4434,4335,8769
235,4434,4335,8769
235,4435,4335,8770
235,4435,4335,8770
235,4435,4335,8770
235,4435,4335,8770
235,4436,4335,8771
235,4436,4335,8771
235,4437,4335,8772
235,4437,4335,8772
235,4438,4335,8773
235,4438,4335,8773
235,4438,4335,8773
235,4438,4336,8774
235,4438,4336,8774
235,4438,4336,8774
235,4439,4336,8775
235,4439,4336,8775
235,4439,4336,8775
235,4439,4337,8776
235,4439,4336,8775
235,4439,4336,8775
235,4440,4336,8776
235,4440,4335,8775
235,4439,4335,8774
235,4439,4335,8774
235,4439,4335,8774
235,4439,4336,8775
235,4439,4336,8775
235,4439,4336,8775
235,4439,4337,8776
235,4439,4337,8776
235,4440,4337,8777
235,4440,4337,8777
235,4440,4338,8778
235,4440,4338,8778
235,4440,4338,8778
235,4441,4338,8779
235,4440,4338,8778
235,4440,4338,8778
235,4439,4338,8777
235,4439,4338,8777
235,4439,4338,8777
235,4440,4338,8778
235,4440,4337,8777
235,4440,4337,8777
235,4440,4338,8778
235,4440,4338,8778
235,4441,4338,8779
235,4440,4338,8778
235,4439,4338,8777
235,4439,4338,8777
235,4440,4338,8778
235,4440,4338,8778
235,4440,4339,8779
235,4440,4339,8779
235,4441,4339,8780
235,4441,4339,8780
235,4442,4339,8781
235,4442,4339,8781
235,4442,4340,8782
235,4442,4340,8782
235,4443,4340,8783
235,4443,4340,8783
235,4443,4340,8783
235,4443,4341,8784
235,4443,4341,8784
235,4443,4342,8785
235,4443,4341,8784
235,4443,4340,8783
235,4443,4340,8783
235,4443,4341,8784
235,4443,4341,8784
235,4443,4342,8785
235,4443,4342,8785
235,4443,4342,8785
235,4444,4342,8786
235,4444,4342,8786
235,4444,4341,8785
235,4444,4341,8785
235,4444,4341,8785
235,4444,4342,8786
235,4444,4342,8786
235,4444,4342,8786
235,4444,4343,8787
235,4443,4343,8786
235,4443,4343,8786
235,4443,4344,8787
235,4443,4344,8787
235,4444,4344,8788
235,4444,4344,8788
235,4445,4344,8789
235,4445,4344,8789
235,4446,4344,8790
235,4446,4344,8790
235,4447,4344,8791
235,4447,4344,8791
235,4447,4344,8791
235,4447,4344,8791
235,4447,4344,8791
235,4447,4345,8792
235,4447,4344,8791
235,4447,4343,8790
235,4447,4343,8790
235,4447,4344,8791
235,4447,4344,8791
235,4447,4345,8792
235,4447,4345,8792
235,4447,4346,8793
235,4446,4346,8792
235,4446,4346,8792
235,4446,4346,8792
235,4446,4345,8791
235,4446,4345,8791
235,4446,4344,8790
235,4446,4344,8790
235,4447,4344,8791
235,4447,4344,8791
235,4448,4344,8792
235,4448,4344,8792
235,4449,4344,8793
235,4449,4344,8793
235,4450,4344,8794
235,4450,4344,8794
235,4450,4345,8795
235,4450,4345,8795
235,4451,4345,8796
235,4451,4345,8796
235,4452,4345,8797
235,4452,4345,8797
235,4453,4345,8798
235,4453,4345,8798
235,4453,4346,8799
235,4453,4345,8798
235,4453,4345,8798
235,4453,4346,8799
235,4453,4346,8799
235,4453,4346,8799
235,4453,4346,8799
235,4454,4346,8800
235,4454,4345,8799
235,4454,4345,8799
235,4454,4346,8800
235,4454,4346,8800
235,4454,4346,8800
235,4454,4347,8801
235,4454,4347,8801
235,4454,4348,8802
235,4454,4348,8802
235,4455,4348,8803
235,4454,4348,8802
235,4454,4348,8802
235,4453,4348,8801
235,4453,4348,8801
235,4454,4348,8802
235,4454,4348,8802
235,4455,4348,8803
235,4455,4348,8803
235,4456,4348,8804
235,4456,4347,8803
235,4456,4347,8803
235,4457,4347,8804
235,4457,4347,8804
235,4458,4347,8805
235,4458,4347,8805
235,4459,4347,8806
235,4459,4347,8806
235,4460,4347,8807
235,4460,4347,8807
235,4460,4348,8808
235,4460,4348,8808
235,4459,4348,8807
235,4459,4348,8807
235,4459,4348,8807
235,4460,4348,8808
235,4460,4348,8808
235,4461,4348,8809
235,4461,4348,8809
235,4461,4348,8809
235,4462,4348,8810
235,4462,4348,8810
235,4462,4347,8809
235,4462,4347,8809
235,4462,4348,8810
235,4461,4348,8809
235,4461,4348,8809
235,4461,4349,8810
235,4461,4349,8810
235,4461,4350,8811
235,4461,4349,8810
235,4461,4349,8810
235,4461,4350,8811
235,4461,4350,8811
235,4461,4351,8812
235,4461,4350,8811
235,4461,4350,8811
235,4461,4351,8812
235,4461,4351,8812
235,4462,4351,8813
235,4462,4351,8813
235,4462,4351,8813
235,4462,4350,8812
235,4461,4350,8811
235,4461,4349,8810
235,4461,4349,8810
235,4462,4349,8811
235,4462,4349,8811
235,4462,4349,8811
235,4462,4349,8811
235,4462,4348,8810
235,4462,4348,8810
235,4463,4348,8811
235,4463,4348,8811
235,4463,4348,8811
235,4463,4349,8812
235,4463,4349,8812
235,4464,4349,8813
235,4463,4349,8812
235,4463,4349,8812
235,4464,4349,8813
235,4464,4349,8813
235,4464,4350,8814
235,4464,4350,8814
235,4464,4351,8815
235,4464,4351,8815
235,4465,4351,8816
235,4465,4351,8816
235,4465,4351,8816
235,4465,4351,8816
235,4466,4351,8817
235,4466,4351,8817
235,4466,4351,8817
235,4466,4352,8818
235,4466,4352,8818
235,4466,4352,8818
235,4466,4352,8818
235,4467,4352,8819
235,4467,4352,8819
235,4466,4352,8818
235,4466,4352,8818
235,4466,4352,8818
235,4467,4352,8819
235,4467,4352,8819
235,4467,4353,8820
235,4467,4353,8820
235,4468,4353,8821
235,4468,4353,8821
235,4469,4353,8822
235,4468,4353,8821
235,4467,4353,8820
235,4467,4353,8820
235,4468,4353,8821
235,4467,4353,8820
235,4467,4353,8820
235,4466,4353,8819
235,4466,4353,8819
235,4467,4353,8820
235,4467,4352,8819
235,4467,4352,8819
235,4467,4352,8819
235,4468,4352,8820
235,4468,4352,8820
235,4468,4353,8821
235,4468,4353,8821
235,4469,4353,8822
235,4469,4353,8822
235,4469,4354,8823
235,4468,4354,8822
235,4468,4353,8821
235,4468,4353,8821
235,4469,4353,8822
235,4469,4353,8822
235,4470,4353,8823
235,4470,4353,8823
235,4471,4353,8824
235,4471,4353,8824
235,4471,4353,8824
235,4471,4354,8825
235,4471,4354,8825
235,4470,4354,8824
235,4470,4354,8824
235,4471,4354,8825
235,4471,4354,8825
235,4471,4354,8825
235,4471,4354,8825
235,4471,4354,8825
235,4471,4355,8826
235,4471,4355,8826
235,4471,4355,8826
235,4471,4355,8826
235,4471,4354,8825
235,4471,4354,8825
235,4472,4354,8826
235,4472,4354,8826
235,4473,4354,8827
235,4473,4353,8826
235,4472,4353,8825
235,4472,4353,8825
235,4472,4354,8826
235,4471,4354,8825
235,4471,4354,8825
235,4471,4354,8825
235,4471,4355,8826
235,4471,4354,8825
235,4471,4354,8825
235,4472,4354,8826
235,4472,4353,8825
235,4472,4353,8825
235,4472,4353,8825
235,4472,4354,8826
235,4472,4354,8826
235,4472,4355,8827
235,4472,4355,8827
235,4473,4355,8828
235,4472,4355,8827
235,4472,4355,8827
235,4473,4355,8828
235,4473,4355,8828
235,4473,4355,8828
235,4472,4355,8827
235,4471,4355,8826
235,4471,4355,8826
235,4472,4355,8827
235,4472,4355,8827
235,4472,4355,8827
235,4472,4355,8827
235,4472,4356,8828
235,4472,4356,8828
235,4472,4357,8829
235,4472,4357,8829
235,4473,4357,8830
235,4473,4357,8830
235,4473,4358,8831
235,4473,4358,8831
235,4473,4358,8831
235,4473,4358,8831
235,4474,4358,8832
235,4474,4358,8832
235,4475,4358,8833
235,4475,4357,8832
235,4475,4357,8832
235,4475,4357,8832
235,4475,4358,8833
235,4474,4358,8832
235,4474,4358,8832
235,4474,4359,8833
235,4474,4358,8832
235,4474,4358,8832
235,4474,4358,8832
235,4474,4359,8833
235,4474,4359,8833
235,4474,4360,8834
235,4474,4359,8833
235,4474,4359,8833
235,4475,4359,8834
235,4475,4359,8834
235,4476,4359,8835
235,4476,4359,8835
235,4476,4360,8836
235,4476,4360,8836
235,4476,4359,8835
235,4476,4358,8834
235,4476,4358,8834
235,4477,4358,8835
235,4476,4358,8834
235,4476,4358,8834
235,4477,4358,8835
235,4477,4358,8835
235,4478,4358,8836
235,4477,4358,8835
235,4476,4358,8834
235,4476,4358,8834
235,4477,4358,8835
235,4477,4358,8835
235,4477,4358,8835
235,4477,4359,8836
235,4477,4359,8836
235,4477,4359,8836
235,4477,4359,8836
235,4477,4360,8837
235,4477,4360,8837
235,4477,4360,8837
235,4477,4361,8838
235,4477,4361,8838
235,4477,4362,8839
235,4476,4362,8838
235,4476,4362,8838
235,4476,4363,8839
235,4476,4362,8838
235,4476,4362,8838
235,4476,4362,8838
235,4477,4362,8839
235,4477,4362,8839
235,4478,4362,8840
235,4478,4361,8839
235,4477,4361,8838
235,4477,4361,8838
235,4477,4362,8839
235,4477,4362,8839
235,4477,4362,8839
235,4477,4363,8840
235,4477,4363,8840
235,4476,4363,8839
235,4476,4363,8839
235,4477,4363,8840
235,4477,4363,8840
235,4477,4363,8840
235,4477,4364,8841
235,4477,4364,8841
235,4477,4363,8840
235,4477,4363,8840
235,4478,4363,8841
235,4478,4363,8841
235,4479,4363,8842
235,4479,4363,8842
236,4479,4364,8843
236,4479,4364,8843
236,4479,4365,8844
236,4479,4365,8844
236,4479,4365,8844
236,4479,4365,8844
236,4480,4365,8845
236,4480,4365,8845
236,4480,4365,8845
236,4480,4365,8845
236,4480,4365,8845
236,4480,4366,8846
236,4480,4366,8846
236,4481,4366,8847
236,4481,4366,8847
236,4481,4367,8848
236,4481,4367,8848
236,4481,4368,8849
236,4481,4368,8849
236,4482,4368,8850
236,4482,4368,8850
236,4482,4368,8850
236,4482,4368,8850
236,4482,4368,8850
236,4483,4368,8851
236,4483,4368,8851
236,4484,4368,8852
236,4484,4367,8851
236,4484,4367,8851
236,4484,4367,8851
236,4484,4367,8851
236,4485,4367,8852
236,4485,4367,8852
236,4486,4367,8853
236,4485,4367,8852
236,4485,4367,8852
236,4485,4367,8852
236,4486,4367,8853
236,4486,4367,8853
236,4487,4367,8854
236,4487,4367,8854
236,4488,4367,8855
236,4488,4367,8855
236,4489,4367,8856
236,4488,4367,8855
236,4488,4367,8855
236,4488,4368,8856
236,4488,4368,8856
236,4487,4368,8855
236,4487,4368,8855
236,4487,4368,8855
236,4487,4369,8856
236,4487,4369,8856
236,4487,4369,8856
236,4488,4369,8857
236,4488,4368,8856
236,4488,4368,8856
236,4488,4369,8857
236,4488,4369,8857
236,4488,4369,8857
236,4489,4369,8858
236,4488,4369,8857
236,4487,4369,8856
236,4487,4369,8856
236,4488,4369,8857
236,4488,4368,8856
236,4488,4368,8856
236,4488,4368,8856
236,4488,4368,8856
236,4488,4369,8857
236,4488,4369,8857
236,4489,4369,8858
236,4488,4369,8857
236,4488,4369,8857
236,4488,4370,8858
236,4488,4370,8858
236,4489,4370,8859
236,4488,4370,8858
236,4488,4370,8858
236,4488,4371,8859
236,4488,4371,8859
236,4488,4372,8860
236,4488,4372,8860
236,4488,4373,8861
236,4488,4373,8861
236,4488,4374,8862
236,4488,4374,8862
236,4489,4374,8863
236,4489,4374,8863
236,4490,4374,8864
236,4490,4374,8864
236,4490,4375,8865
236,4490,4375,8865
236,4490,4376,8866
236,4490,4376,8866
236,4489,4376,8865
236,4489,4376,8865
236,4489,4376,8865
236,4489,4377,8866
236,4489,4377,8866
236,4489,4378,8867
236,4489,4377,8866
236,4489,4376,8865
236,4489,4375,8864
236,4489,4375,8864
236,4489,4376,8865
236,4489,4375,8864
236,4489,4375,8864
236,4489,4376,8865
236,4489,4376,8865
236,4490,4376,8866
236,4490,4376,8866
236,4490,4377,8867
236,4490,4377,8867
236,4490,4377,8867
236,4491,4377,8868
236,4491,4377,8868
236,4491,4376,8867
236,4491,4376,8867
236,4492,4376,8868
236,4492,4376,8868
236,4492,4377,8869
236,4491,4377,8868
236,4491,4377,8868
236,4492,4377,8869
236,4492,4376,8868
236,4492,4376,8868
236,4493,4376,8869
236,4493,4376,8869
236,4493,4376,8869
236,4493,4377,8870
236,4493,4377,8870
236,4493,4378,8871
236,4493,4378,8871
236,4493,4379,8872
236,4493,4379,8872
236,4493,4380,8873
236,4493,4380,8873
236,4493,4381,8874
236,4493,4381,8874
236,4493,4381,8874
236,4493,4381,8874
236,4493,4381,8874
236,4492,4381,8873
236,4492,4381,8873
236,4492,4382,8874
236,4492,4382,8874
236,4492,4383,8875
236,4492,4383,8875
236,4492,4383,8875
236,4492,4383,8875
236,4493,4383,8876
236,4493,4383,8876
236,4493,4382,8875
236,4493,4382,8875
236,4494,4382,8876
236,4494,4382,8876
236,4494,4383,8877
236,4494,4383,8877
236,4494,4383,8877
236,4495,4383,8878
236,4494,4383,8877
236,4494,4383,8877
236,4494,4384,8878
236,4494,4384,8878
236,4494,4385,8879
236,4494,4385,8879
236,4495,4385,8880
236,4494,4385,8879
236,4494,4385,8879
236,4494,4385,8879
236,4495,4385,8880
236,4495,4385,8880
236,4495,4385,8880
236,4495,4385,8880
236,4495,4386,8881
236,4495,4386,8881
236,4495,4386,8881
236,4496,4386,8882
236,4496,4386,8882
236,4497,4386,8883
236,4497,4386,8883
236,4498,4386,8884
236,4497,4386,8883
236,4497,4386,8883
236,4498,4386,8884
236,4497,4386,8883
236,4497,4386,8883
236,4497,4387,8884
236,4497,4387,8884
236,4497,4388,8885
236,4497,4388,8885
236,4498,4388,8886
236,4498,4388,8886
236,4499,4388,8887
236,4499,4388,8887
236,4499,4389,8888
236,4498,4389,8887
236,4498,4389,8887
236,4498,4389,8887
236,4498,4389,8887
236,4498,4390,8888
236,4498,4390,8888
236,4498,4389,8887
236,4498,4389,8887
236,4498,4389,8887
236,4498,4389,8887
236,4498,4390,8888
236,4498,4390,8888
236,4498,4390,8888
236,4498,4391,8889
236,4498,4391,8889
236,4498,4391,8889
236,4498,4392,8890
236,4498,4392,8890
236,4498,4392,8890
236,4498,4392,8890
236,4499,4392,8891
236,4499,4392,8891
236,4500,4392,8892
236,4500,4392,8892
236,4500,4392,8892
236,4500,4393,8893
236,4500,4392,8892
236,4500,4391,8891
236,4500,4391,8891
236,4500,4392,8892
236,4500,4392,8892
236,4500,4393,8893
236,4500,4393,8893
236,4501,4393,8894
236,4501,4393,8894
236,4502,4393,8895
236,4502,4393,8895
236,4501,4393,8894
236,4501,4393,8894
236,4502,4393,8895
236,4502,4393,8895
236,4503,4393,8896
236,4503,4393,8896
236,4503,4393,8896
236,4503,4394,8897
236,4503,4394,8897
236,4504,4394,8898
236,4504,4394,8898
236,4505,4394,8899
236,4505,4394,8899
236,4505,4395,8900
236,4505,4395,8900
236,4506,4395,8901
236,4506,4395,8901
236,4506,4395,8901
236,4507,4395,8902
236,4507,4395,8902
236,4508,4395,8903
236,4507,4395,8902
236,4507,4395,8902
236,4508,4395,8903
236,4508,4395,8903
236,4507,4395,8902
236,4507,4395,8902
236,4507,4395,8902
236,4507,4396,8903
236,4507,4396,8903
236,4507,4396,8903
236,4508,4396,8904
236,4508,4396,8904
236,4509,4396,8905
236,4509,4396,8905
236,4509,4397,8906
236,4509,4397,8906
236,4509,4397,8906
236,4509,4398,8907
236,4509,4398,8907
236,4509,4398,8907
236,4510,4398,8908
236,4510,4398,8908
236,4511,4398,8909
236,4511,4398,8909
236,4511,4399,8910
236,4511,4399,8910
236,4512,4399,8911
236,4512,4399,8911
236,4512,4399,8911
236,4512,4399,8911
236,4512,4400,8912
236,4512,4400,8912
236,4512,4401,8913
236,4512,4401,8913
236,4512,4402,8914
236,4512,4402,8914
236,4512,4403,8915
236,4512,4403,8915
236,4512,4404,8916
236,4512,4404,8916
236,4513,4404,8917
236,4513,4404,8917
236,4513,4404,8917
236,4514,4404,8918
236,4514,4404,8918
236,4514,4405,8919
236,4514,4405,8919
236,4514,4406,8920
236,4514,4406,8920
236,4515,4406,8921
236,4515,4406,8921
236,4515,4406,8921
236,4516,4406,8922
236,4516,4406,8922
236,4515,4406,8921
236,4515,4406,8921
236,4515,4407,8922
236,4515,4407,8922
236,4515,4407,8922
236,4515,4407,8922
236,4514,4407,8921
236,4514,4407,8921
236,4514,4407,8921
236,4514,4406,8920
236,4513,4406,8919
236,4513,4406,8919
236,4514,4406,8920
236,4514,4406,8920
236,4514,4406,8920
236,4514,4406,8920
236,4514,4406,8920
236,4514,4407,8921
236,4514,4407,8921
236,4515,4407,8922
236,4515,4407,8922
236,4515,4407,8922
236,4516,4407,8923
236,4516,4407,8923
236,4516,4407,8923
236,4516,4407,8923
236,4516,4408,8924
236,4516,4408,8924
236,4517,4408,8925
236,4517,4408,8925
236,4518,4408,8926
236,4518,4408,8926
236,4518,4408,8926
236,4518,4409,8927
236,4518,4409,8927
236,4519,4409,8928
236,4519,4409,8928
236,4519,4410,8929
236,4519,4410,8929
236,4520,4410,8930
236,4520,4410,8930
236,4520,4411,8931
236,4520,4411,8931
236,4520,4412,8932
236,4520,4412,8932
236,4520,4412,8932
236,4521,4412,8933
236,4521,4412,8933
236,4521,4411,8932
236,4521,4411,8932
236,4522,4411,8933
236,4522,4411,8933
236,4523,4411,8934
236,4522,4411,8933
236,4522,4411,8933
236,4522,4411,8933
236,4522,4411,8933
236,4523,4411,8934
236,4523,4411,8934
236,4523,4412,8935
236,4523,4412,8935
236,4523,4412,8935
236,4522,4412,8934
236,4522,4411,8933
236,4522,4411,8933
236,4523,4411,8934
236,4523,4411,8934
236,4523,4411,8934
236,4523,4412,8935
236,4523,4412,8935
236,4524,4412,8936
236,4523,4412,8935
236,4523,4412,8935
236,4522,4412,8934
236,4522,4412,8934
236,4522,4413,8935
236,4522,4413,8935
236,4523,4413,8936
236,4523,4413,8936
236,4523,4413,8936
236,4523,4413,8936
236,4523,4414,8937
236,4523,4414,8937
236,4523,4414,8937
236,4524,4414,8938
236,4524,4414,8938
236,4524,4415,8939
236,4524,4415,8939
236,4524,4416,8940
236,4524,4415,8939
236,4524,4415,8939
236,4525,4415,8940
236,4525,4415,8940
236,4525,4414,8939
236,4524,4414,8938
236,4524,4414,8938
236,4524,4414,8938
236,4524,4415,8939
236,4524,4415,8939
236,4524,4416,8940
236,4524,4416,8940
236,4524,4417,8941
236,4524,4417,8941
236,4524,4418,8942
236,4524,4417,8941
236,4524,4417,8941
236,4525,4417,8942
236,4525,4417,8942
236,4525,4417,8942
236,4525,4418,8943
236,4525,4418,8943
236,4525,4419,8944
236,4525,4419,8944
236,4526,4419,8945
236,4526,4419,8945
236,4527,4419,8946
236,4527,4418,8945
236,4527,4418,8945
236,4528,4418,8946
236,4528,4418,8946
236,4527,4418,8945
236,4527,4418,8945
236,4527,4419,8946
236,4527,4419,8946
236,4527,4419,8946
236,4528,4419,8947
236,4528,4419,8947
236,4528,4419,8947
236,4529,4419,8948
236,4529,4419,8948
236,4529,4419,8948
236,4528,4419,8947
236,4527,4419,8946
236,4527,4419,8946
236,4527,4420,8947
236,4527,4420,8947
236,4527,4420,8947
236,4527,4420,8947
236,4528,4420,8948
236,4527,4420,8947
236,4527,4420,8947
236,4528,4420,8948
236,4528,4420,8948
236,4529,4420,8949
236,4529,4420,8949
236,4528,4420,8948
236,4527,4420,8947
236,4527,4420,8947
236,4527,4421,8948
236,4527,4421,8948
236,4527,4421,8948
236,4528,4421,8949
236,4527,4421,8948
236,4527,4421,8948
236,4527,4422,8949
236,4526,4422,8948
236,4526,4422,8948
236,4526,4422,8948
236,4526,4421,8947
236,4526,4421,8947
236,4527,4421,8948
236,4527,4421,8948
236,4527,4421,8948
236,4527,4420,8947
236,4527,4420,8947
236,4528,4420,8948
236,4528,4420,8948
236,4529,4420,8949
236,4529,4420,8949
236,4529,4421,8950
236,4529,4421,8950
236,4530,4421,8951
236,4529,4421,8950
236,4529,4421,8950
236,4530,4421,8951
236,4530,4421,8951
236,4530,4421,8951
236,4530,4421,8951
236,4530,4422,8952
236,4530,4422,8952
236,4531,4422,8953
236,4531,4422,8953
236,4531,4422,8953
236,4531,4422,8953
236,4530,4422,8952
236,4530,4422,8952
236,4530,4423,8953
236,4529,4423,8952
236,4529,4423,8952
236,4529,4423,8952
236,4529,4423,8952
236,4529,4424,8953
236,4529,4424,8953
236,4529,4425,8954
236,4529,4424,8953
236,4529,4423,8952
236,4529,4423,8952
236,4529,4424,8953
236,4529,4424,8953
236,4529,4424,8953
236,4529,4425,8954
236,4529,4425,8954
236,4529,4425,8954
236,4529,4425,8954
236,4529,4426,8955
236,4529,4426,8955
236,4529,4427,8956
236,4529,4427,8956
236,4529,4428,8957
236,4529,4428,8957
236,4530,4428,8958
236,4530,4428,8958
236,4531,4428,8959
236,4531,4428,8959
236,4532,4428,8960
236,4532,4427,8959
236,4532,4427,8959
236,4533,4427,8960
236,4533,4427,8960
236,4534,4427,8961
236,4534,4427,8961
236,4535,4427,8962
236,4534,4427,8961
236,4534,4427,8961
236,4534,4428,8962
236,4534,4428,8962
236,4535,4428,8963
236,4535,4428,8963
236,4535,4428,8963
236,4535,4429,8964
236,4535,4429,8964
236,4535,4429,8964
236,4536,4429,8965
236,4535,4429,8964
236,4535,4429,8964
236,4535,4429,8964
236,4535,4430,8965
236,4535,4430,8965
236,4536,4430,8966
236,4536,4430,8966
236,4536,4430,8966
236,4535,4430,8965
236,4535,4430,8965
236,4535,4430,8965
236,4535,4431,8966
236,4534,4431,8965
236,4534,4431,8965
236,4534,4431,8965
236,4534,4432,8966
236,4534,4432,8966
236,4534,4432,8966
236,4534,4432,8966
236,4535,4432,8967
236,4535,4432,8967
236,4535,4432,8967
236,4535,4433,8968
236,4535,4433,8968
236,4535,4434,8969
236,4535,4434,8969
236,4535,4434,8969
236,4535,4433,8968
236,4535,4433,8968
236,4535,4434,8969
236,4535,4434,8969
236,4536,4434,8970
236,4536,4434,8970
236,4536,4433,8969
236,4536,4433,8969
236,4536,4434,8970
236,4536,4434,8970
236,4536,4434,8970
236,4537,4434,8971
236,4537,4434,8971
236,4538,4434,8972
236,4538,4434,8972
236,4538,4434,8972
236,4539,4434,8973
236,4539,4434,8973
236,4538,4434,8972
236,4538,4434,8972
236,4538,4435,8973
236,4537,4435,8972
236,4537,4435,8972
236,4537,4435,8972
236,4538,4435,8973
236,4538,4435,8973
236,4538,4435,8973
236,4538,4436,8974
236,4538,4436,8974
236,4539,4436,8975
236,4539,4436,8975
236,4540,4436,8976
236,4540,4435,8975
236,4539,4435,8974
236,4539,4435,8974
236,4539,4436,8975
236,4539,4436,8975
236,4540,4436,8976
236,4540,4436,8976
236,4540,4436,8976
236,4540,4437,8977
236,4540,4437,8977
236,4540,4438,8978
236,4540,4438,8978
236,4541,4438,8979
236,4540,4438,8978
236,4540,4438,8978
236,4540,4439,8979
236,4540,4439,8979
236,4541,4439,8980
236,4541,4439,8980
236,4541,4439,8980
236,4541,4440,8981
236,4541,4440,8981
236,4541,4441,8982
236,4540,4441,8981
236,4540,4441,8981
236,4540,4442,8982
236,4540,4441,8981
236,4540,4441,8981
236,4541,4441,8982
236,4541,4441,8982
236,4542,4441,8983
236,4542,4441,8983
236,4542,4441,8983
236,4543,4441,8984
236,4543,4441,8984
236,4543,4442,8985
236,4543,4441,8984
236,4543,4441,8984
236,4543,4441,8984
236,4543,4441,8984
236,4543,4440,8983
236,4543,4440,8983
236,4543,4440,8983
236,4543,4440,8983
236,4544,4440,8984
236,4544,4440,8984
236,4544,4441,8985
236,4544,4441,8985
236,4544,4442,8986
236,4544,4442,8986
236,4544,4442,8986
236,4545,4442,8987
236,4545,4442,8987
236,4545,4443,8988
236,4545,4443,8988
236,4546,4443,8989
236,4546,4443,8989
236,4547,4443,8990
236,4547,4443,8990
236,4547,4444,8991
236,4547,4444,8991
236,4547,4444,8991
236,4548,4444,8992
236,4547,4444,8991
236,4547,4444,8991
236,4547,4445,8992
236,4547,4445,8992
236,4548,4445,8993
236,4548,4445,8993
236,4548,4445,8993
236,4548,4445,8993
236,4548,4446,8994
236,4547,4446,8993
236,4547,4446,8993
236,4548,4446,8994
236,4548,4446,8994
236,4548,4447,8995
236,4548,4447,8995
236,4548,4447,8995
236,4548,4447,8995
236,4548,4448,8996
236,4548,4448,8996
236,4549,4448,8997
236,4549,4448,8997
236,4549,4448,8997
236,4549,4448,8997
236,4550,4448,8998
236,4550,4448,8998
236,4550,4449,8999
236,4550,4449,8999
236,4550,4449,8999
236,4550,4450,9000
236,4550,4449,8999
236,4550,4449,8999
236,4550,4449,8999
236,4551,4449,9000
236,4551,4449,9000
236,4552,4449,9001
236,4552,4449,9001
236,4553,4449,9002
236,4553,4449,9002
236,4554,4449,9003
236,4554,4449,9003
236,4554,4450,9004
236,4554,4450,9004
236,4554,4451,9005
236,4554,4451,9005
236,4554,4451,9005
236,4554,4451,9005
236,4555,4451,9006
236,4555,4451,9006
236,4556,4451,9007
236,4556,4451,9007
236,4557,4451,9008
236,4557,4451,9008
236,4557,4452,9009
236,4557,4452,9009
236,4557,4453,9010
236,4557,4453,9010
236,4557,4452,9009
236,4557,4452,9009
236,4558,4452,9010
236,4558,4452,9010
236,4559,4452,9011
236,4559,4452,9011
236,4560,4452,9012
236,4560,4452,9012
236,4560,4452,9012
236,4560,4452,9012
236,4561,4452,9013
236,4561,4452,9013
236,4562,4452,9014
236,4562,4452,9014
236,4562,4451,9013
236,4562,4451,9013
236,4563,4451,9014
236,4562,4451,9013
236,4562,4451,9013
236,4563,4451,9014
236,4563,4451,9014
236,4563,4452,9015
236,4563,4452,9015
236,4564,4452,9016
236,4564,4452,9016
236,4565,4452,9017
236,4564,4452,9016
236,4564,4452,9016
236,4564,4453,9017
236,4564,4453,9017
236,4565,4453,9018
236,4565,4453,9018
236,4566,4453,9019
236,4565,4453,9018
236,4565,4453,9018
236,4565,4453,9018
236,4565,4454,9019
236,4565,4454,9019
236,4564,4454,9018
236,4564,4453,9017
236,4564,4453,9017
236,4563,4453,9016
236,4563,4453,9016
236,4563,4453,9016
236,4564,4453,9017
236,4564,4453,9017
236,4565,4453,9018
236,4565,4453,9018
236,4565,4453,9018
236,4566,4453,9019
236,4566,4452,9018
236,4566,4452,9018
236,4566,4452,9018
236,4566,4452,9018
236,4567,4452,9019
236,4567,4452,9019
236,4567,4452,9019
236,4566,4452,9018
236,4566,4452,9018
236,4567,4452,9019
236,4567,4452,9019
236,4566,4452,9018
236,4566,4452,9018
236,4566,4453,9019
236,4566,4453,9019
236,4566,4453,9019
236,4566,4454,9020
236,4566,4454,9020
236,4566,4454,9020
236,4567,4454,9021
236,4567,4454,9021
236,4568,4454,9022
236,4568,4454,9022
236,4568,4455,9023
236,4568,4455,9023
236,4568,4455,9023
236,4569,4455,9024
236,4569,4455,9024
236,4569,4456,9025
236,4568,4456,9024
236,4568,4455,9023
236,4568,4455,9023
236,4569,4455,9024
236,4569,4455,9024
236,4569,4456,9025
236,4569,4456,9025
236,4569,4456,9025
236,4570,4456,9026
236,4570,4456,9026
236,4570,4457,9027
236,4570,4457,9027
236,4571,4457,9028
236,4570,4457,9027
236,4570,4457,9027
236,4570,4457,9027
236,4571,4457,9028
236,4570,4457,9027
236,4570,4457,9027
236,4571,4457,9028
236,4570,4457,9027
236,4570,4457,9027
236,4569,4457,9026
236,4569,4456,9025
236,4569,4456,9025
236,4570,4456,9026
236,4570,4456,9026
236,4570,4457,9027
236,4570,4457,9027
236,4570,4458,9028
236,4570,4458,9028
236,4570,4459,9029
236,4570,4459,9029
236,4570,4460,9030
236,4570,4460,9030
236,4570,4461,9031
236,4570,4461,9031
236,4571,4461,9032
236,4571,4461,9032
236,4571,4461,9032
236,4571,4461,9032
236,4571,4462,9033
236,4571,4462,9033
236,4571,4463,9034
236,4571,4463,9034
236,4571,4464,9035
236,4570,4464,9034
236,4570,4464,9034
236,4570,4465,9035
236,4570,4465,9035
236,4570,4464,9034
236,4570,4463,9033
236,4570,4463,9033
236,4570,4464,9034
236,4570,4464,9034
236,4570,4465,9035
236,4570,4465,9035
236,4570,4465,9035
236,4570,4465,9035
236,4570,4465,9035
236,4571,4465,9036
236,4571,4465,9036
236,4571,4464,9035
236,4571,4464,9035
236,4572,4464,9036
236,4572,4464,9036
236,4573,4464,9037
236,4573,4464,9037
236,4574,4464,9038
236,4573,4464,9037
236,4573,4464,9037
236,4574,4464,9038
236,4574,4464,9038
236,4574,4465,9039
236,4574,4465,9039
236,4575,4465,9040
236,4575,4465,9040
236,4575,4466,9041
236,4575,4466,9041
236,4575,4467,9042
236,4575,4467,9042
236,4575,4467,9042
236,4575,4468,9043
236,4575,4468,9043
236,4576,4468,9044
236,4576,4468,9044
236,4576,4468,9044
236,4576,4469,9045
236,4576,4469,9045
236,4576,4470,9046
236,4576,4470,9046
236,4576,4471,9047
236,4576,4471,9047
236,4576,4472,9048
236,4576,4472,9048
236,4577,4472,9049
236,4576,4472,9048
236,4575,4472,9047
236,4575,4472,9047
236,4576,4472,9048
236,4576,4472,9048
236,4576,4473,9049
236,4576,4473,9049
236,4576,4472,9048
236,4576,4472,9048
236,4577,4472,9049
236,4577,4472,9049
236,4577,4472,9049
236,4577,4471,9048
236,4577,4471,9048
236,4577,4471,9048
236,4578,4471,9049
236,4578,4471,9049
236,4578,4471,9049
236,4579,4471,9050
236,4579,4471,9050
236,4580,4471,9051
236,4579,4471,9050
236,4579,4471,9050
236,4580,4471,9051
236,4580,4471,9051
236,4580,4471,9051
236,4581,4471,9052
236,4581,4471,9052
236,4581,4471,9052
236,4582,4471,9053
236,4582,4471,9053
236,4582,4472,9054
236,4582,4472,9054
236,4582,4473,9055
236,4582,4473,9055
236,4582,4474,9056
236,4582,4474,9056
236,4582,4474,9056
236,4582,4474,9056
236,4582,4475,9057
236,4582,4475,9057
236,4582,4475,9057
236,4582,4476,9058
236,4582,4476,9058
236,4583,4476,9059
236,4583,4476,9059
236,4583,4477,9060
236,4583,4477,9060
236,4584,4477,9061
236,4584,4477,9061
236,4585,4477,9062
236,4585,4477,9062
236,4585,4477,9062
236,4585,4477,9062
236,4586,4477,9063
236,4586,4477,9063
236,4586,4478,9064
236,4585,4478,9063
236,4585,4478,9063
236,4585,4479,9064
236,4585,4479,9064
236,4585,4479,9064
236,4585,4480,9065
236,4585,4480,9065
236,4585,4479,9064
236,4585,4479,9064
236,4585,4480,9065
236,4585,4480,9065
236,4586,4480,9066
236,4586,4479,9065
236,4586,4479,9065
236,4585,4479,9064
236,4585,4479,9064
236,4585,4480,9065
236,4585,4480,9065
236,4586,4480,9066
236,4586,4480,9066
236,4586,4481,9067
236,4586,4481,9067
236,4586,4482,9068
236,4586,4482,9068
236,4586,4483,9069
236,4586,4483,9069
236,4586,4483,9069
236,4586,4484,9070
236,4586,4484,9070
236,4586,4483,9069
236,4586,4483,9069
236,4586,4484,9070
236,4586,4484,9070
236,4586,4485,9071
236,4586,4485,9071
236,4586,4485,9071
236,4586,4486,9072
236,4586,4486,9072
236,4587,4486,9073
236,4587,4486,9073
236,4587,4486,9073
236,4587,4487,9074
236,4587,4487,9074
236,4588,4487,9075
236,4588,4487,9075
236,4588,4487,9075
236,4589,4487,9076
236,4589,4487,9076
236,4589,4488,9077
236,4589,4488,9077
236,4589,4488,9077
236,4589,4488,9077
236,4589,4489,9078
236,4589,4489,9078
236,4590,4489,9079
236,4590,4489,9079
236,4591,4489,9080
236,4591,4489,9080
236,4591,4489,9080
236,4592,4489,9081
236,4592,4489,9081
236,4592,4489,9081
236,4592,4490,9082
236,4592,4490,9082
236,4593,4490,9083
236,4593,4489,9082
236,4592,4489,9081
236,4592,4489,9081
236,4592,4490,9082
236,4592,4490,9082
236,4592,4490,9082
236,4593,4490,9083
236,4593,4490,9083
236,4593,4491,9084
236,4593,4491,9084
236,4593,4492,9085
236,4593,4491,9084
236,4593,4490,9083
236,4593,4490,9083
236,4593,4490,9083
236,4594,4490,9084
236,4594,4490,9084
236,4594,4491,9085
236,4594,4491,9085
236,4594,4491,9085
236,4594,4491,9085
236,4594,4491,9085
236,4594,4491,9085
236,4594,4491,9085
236,4594,4492,9086
236,4594,4492,9086
236,4594,4493,9087
236,4594,4493,9087
236,4594,4494,9088
236,4594,4494,9088
236,4594,4495,9089
236,4594,4494,9088
236,4594,4494,9088
236,4594,4495,9089
236,4594,4495,9089
236,4594,4495,9089
236,4594,4494,9088
236,4594,4494,9088
236,4595,4494,9089
236,4595,4494,9089
236,4596,4494,9090
236,4596,4494,9090
236,4596,4495,9091
236,4596,4495,9091
236,4596,4496,9092
236,4596,4496,9092
236,4597,4496,9093
236,4597,4496,9093
236,4598,4496,9094
236,4598,4496,9094
236,4598,4495,9093
236,4598,4495,9093
236,4599,4495,9094
236,4599,4495,9094
236,4599,4496,9095
236,4599,4496,9095
236,4599,4497,9096
236,4599,4497,9096
236,4599,4498,9097
236,4599,4498,9097
236,4599,4499,9098
236,4599,4499,9098
236,4598,4499,9097
236,4598,4499,9097
236,4599,4499,9098
236,4599,4499,9098
236,4600,4499,9099
236,4600,4499,9099
236,4600,4499,9099
236,4600,4500,9100
236,4600,4499,9099
236,4600,4499,9099
236,4600,4498,9098
236,4599,4498,9097
236,4598,4498,9096
236,4598,4498,9096
236,4599,4498,9097
236,4599,4498,9097
236,4599,4498,9097
236,4599,4499,9098
237,4599,4499,9098
237,4599,4499,9098
237,4600,4499,9099
237,4600,4499,9099
237,4600,4499,9099
237,4600,4499,9099
237,4600,4500,9100
237,4600,4500,9100
237,4601,4500,9101
237,4601,4500,9101
237,4601,4501,9102
237,4601,4501,9102
237,4601,4502,9103
237,4601,4502,9103
237,4602,4502,9104
237,4602,4502,9104
237,4603,4502,9105
237,4603,4501,9104
237,4603,4501,9104
237,4603,4501,9104
237,4603,4501,9104
237,4603,4501,9104
237,4603,4502,9105
237,4603,4502,9105
237,4604,4502,9106
237,4604,4502,9106
237,4605,4502,9107
237,4605,4502,9107
237,4605,4503,9108
237,4604,4503,9107
237,4604,4503,9107
237,4605,4503,9108
237,4605,4503,9108
237,4606,4503,9109
237,4606,4503,9109
237,4607,4503,9110
237,4607,4503,9110
237,4607,4504,9111
237,4607,4503,9110
237,4607,4503,9110
237,4607,4503,9110
237,4607,4504,9111
237,4607,4504,9111
237,4607,4504,9111
237,4607,4504,9111
237,4607,4504,9111
237,4608,4504,9112
237,4608,4503,9111
237,4608,4503,9111
237,4608,4503,9111
237,4608,4503,9111
237,4609,4503,9112
237,4609,4503,9112
237,4609,4504,9113
237,4609,4504,9113
237,4610,4504,9114
237,4610,4504,9114
237,4611,4504,9115
237,4611,4504,9115
237,4611,4504,9115
237,4612,4504,9116
237,4612,4504,9116
237,4612,4504,9116
237,4612,4504,9116
237,4613,4504,9117
237,4613,4504,9117
237,4613,4505,9118
237,4613,4505,9118
237,4613,4505,9118
237,4614,4505,9119
237,4614,4505,9119
237,4615,4505,9120
237,4614,4505,9119
237,4613,4505,9118
237,4613,4505,9118
237,4613,4506,9119
237,4613,4506,9119
237,4613,4506,9119
237,4613,4507,9120
237,4612,4507,9119
237,4612,4507,9119
237,4612,4507,9119
237,4612,4507,9119
237,4613,4507,9120
237,4613,4507,9120
237,4614,4507,9121
237,4614,4507,9121
237,4615,4507,9122
237,4615,4507,9122
237,4616,4507,9123
237,4616,4507,9123
237,4616,4507,9123
237,4616,4506,9122
237,4616,4506,9122
237,4616,4507,9123
237,4616,4507,9123
237,4616,4507,9123
237,4616,4507,9123
237,4617,4507,9124
237,4617,4507,9124
237,4617,4507,9124
237,4618,4507,9125
237,4617,4507,9124
237,4617,4507,9124
237,4617,4508,9125
237,4617,4508,9125
237,4618,4508,9126
237,4618,4508,9126
237,4618,4508,9126
237,4618,4508,9126
237,4619,4508,9127
237,4619,4508,9127
237,4619,4509,9128
237,4619,4509,9128
237,4618,4509,9127
237,4618,4509,9127
237,4618,4509,9127
237,4618,4510,9128
237,4618,4510,9128
237,4619,4510,9129
237,4619,4510,9129
237,4620,4510,9130
237,4620,4510,9130
237,4620,4510,9130
237,4620,4510,9130
237,4621,4510,9131
237,4621,4510,9131
237,4622,4510,9132
237,4622,4510,9132
237,4622,4510,9132
237,4622,4510,9132
237,4623,4510,9133
237,4623,4510,9133
237,4624,4510,9134
237,4624,4510,9134
237,4625,4510,9135
237,4625,4510,9135
237,4625,4510,9135
237,4625,4510,9135
237,4625,4510,9135
237,4626,4510,9136
237,4626,4510,9136
237,4626,4510,9136
237,4627,4510,9137
237,4627,4510,9137
237,4627,4511,9138
237,4627,4511,9138
237,4627,4511,9138
237,4628,4511,9139
237,4628,4511,9139
237,4629,4511,9140
237,4629,4510,9139
237,4629,4510,9139
237,4629,4511,9140
237,4629,4511,9140
237,4630,4511,9141
237,4630,4511,9141
237,4629,4511,9140
237,4629,4511,9140
237,4630,4511,9141
237,4630,4511,9141
237,4630,4511,9141
237,4631,4511,9142
237,4631,4511,9142
237,4631,4512,9143
237,4631,4512,9143
237,4631,4512,9143
237,4632,4512,9144
237,4632,4512,9144
237,4633,4512,9145
237,4633,4512,9145
237,4634,4512,9146
237,4634,4512,9146
237,4634,4513,9147
237,4634,4513,9147
237,4634,4513,9147
237,4635,4513,9148
237,4635,4513,9148
237,4636,4513,9149
237,4636,4513,9149
237,4636,4513,9149
237,4636,4513,9149
237,4637,4513,9150
237,4637,4513,9150
237,4637,4513,9150
237,4637,4513,9150
237,4638,4513,9151
237,4638,4513,9151
237,4638,4514,9152
237,4637,4514,9151
237,4637,4514,9151
237,4637,4515,9152
237,4637,4515,9152
237,4638,4515,9153
237,4638,4515,9153
237,4639,4515,9154
237,4639,4515,9154
237,4639,4516,9155
237,4639,4516,9155
237,4639,4516,9155
237,4639,4516,9155
237,4640,4516,9156
237,4640,4516,9156
237,4640,4516,9156
237,4641,4516,9157
237,4641,4516,9157
237,4641,4516,9157
237,4641,4517,9158
237,4641,4516,9157
237,4641,4516,9157
237,4641,4516,9157
237,4641,4516,9157
237,4641,4516,9157
237,4642,4516,9158
237,4642,4515,9157
237,4641,4515,9156
237,4641,4515,9156
237,4641,4516,9157
237,4641,4516,9157
237,4641,4516,9157
237,4641,4516,9157
237,4641,4517,9158
237,4641,4517,9158
237,4641,4518,9159
237,4641,4518,9159
237,4642,4518,9160
237,4642,4518,9160
237,4642,4519,9161
237,4642,4519,9161
237,4643,4519,9162
237,4643,4519,9162
237,4643,4520,9163
237,4643,4520,9163
237,4643,4520,9163
237,4643,4520,9163
237,4643,4521,9164
237,4643,4521,9164
237,4643,4521,9164
237,4642,4521,9163
237,4642,4521,9163
237,4643,4521,9164
237,4643,4521,9164
237,4644,4521,9165
237,4644,4521,9165
237,4644,4521,9165
237,4644,4522,9166
237,4644,4522,9166
237,4644,4523,9167
237,4644,4523,9167
237,4645,4523,9168
237,4645,4523,9168
237,4645,4524,9169
237,4645,4524,9169
237,4646,4524,9170
237,4646,4523,9169
237,4646,4523,9169
237,4646,4523,9169
237,4646,4524,9170
237,4646,4524,9170
237,4646,4525,9171
237,4646,4525,9171
237,4646,4526,9172
237,4646,4526,9172
237,4646,4527,9173
237,4646,4527,9173
237,4647,4527,9174
237,4647,4527,9174
237,4647,4528,9175
237,4647,4528,9175
237,4647,4528,9175
237,4647,4528,9175
237,4647,4528,9175
237,4647,4529,9176
237,4647,4529,9176
237,4647,4529,9176
237,4647,4529,9176
237,4648,4529,9177
237,4648,4529,9177
237,4648,4529,9177
237,4649,4529,9178
237,4649,4529,9178
237,4649,4529,9178
237,4649,4529,9178
237,4650,4529,9179
237,4650,4529,9179
237,4650,4530,9180
237,4649,4530,9179
237,4649,4530,9179
237,4649,4529,9178
237,4649,4529,9178
237,4649,4529,9178
237,4648,4529,9177
237,4648,4529,9177
237,4648,4529,9177
237,4649,4529,9178
237,4648,4529,9177
237,4647,4529,9176
237,4647,4529,9176
237,4647,4529,9176
237,4647,4530,9177
237,4646,4530,9176
237,4646,4530,9176
237,4646,4531,9177
237,4646,4530,9176
237,4646,4529,9175
237,4646,4528,9174
237,4646,4528,9174
237,4646,4529,9175
237,4646,4528,9174
237,4646,4527,9173
237,4646,4527,9173
237,4647,4527,9174
237,4646,4527,9173
237,4646,4527,9173
237,4647,4527,9174
237,4647,4527,9174
237,4648,4527,9175
237,4648,4527,9175
237,4648,4528,9176
237,4648,4528,9176
237,4648,4528,9176
237,4649,4528,9177
237,4649,4528,9177
237,4649,4529,9178
237,4648,4529,9177
237,4648,4528,9176
237,4647,4528,9175
237,4647,4528,9175
237,4648,4528,9176
237,4648,4528,9176
237,4648,4528,9176
237,4648,4528,9176
237,4648,4529,9177
237,4648,4529,9177
237,4648,4530,9178
237,4648,4530,9178
237,4648,4530,9178
237,4649,4530,9179
237,4649,4530,9179
237,4649,4531,9180
237,4649,4531,9180
237,4649,4531,9180
237,4649,4532,9181
237,4649,4532,9181
237,4650,4532,9182
237,4650,4532,9182
237,4650,4533,9183
237,4650,4533,9183
237,4650,4534,9184
237,4650,4534,9184
237,4651,4534,9185
237,4651,4534,9185
237,4651,4534,9185
237,4652,4534,9186
237,4652,4534,9186
237,4652,4535,9187
237,4652,4535,9187
237,4652,4536,9188
237,4652,4536,9188
237,4652,4536,9188
237,4652,4537,9189
237,4652,4536,9188
237,4652,4535,9187
237,4652,4535,9187
237,4652,4536,9188
237,4652,4536,9188
237,4652,4536,9188
237,4652,4536,9188
237,4652,4537,9189
237,4652,4537,9189
237,4652,4538,9190
237,4652,4538,9190
237,4653,4538,9191
237,4653,4538,9191
237,4653,4537,9190
237,4653,4537,9190
237,4653,4537,9190
237,4653,4538,9191
237,4653,4538,9191
237,4654,4538,9192
237,4654,4538,9192
237,4654,4539,9193
237,4654,4539,9193
237,4654,4540,9194
237,4654,4540,9194
237,4654,4540,9194
237,4654,4541,9195
237,4654,4541,9195
237,4654,4541,9195
237,4654,4542,9196
237,4654,4542,9196
237,4654,4542,9196
237,4654,4542,9196
237,4655,4542,9197
237,4655,4542,9197
237,4655,4542,9197
237,4655,4543,9198
237,4655,4543,9198
237,4655,4543,9198
237,4655,4543,9198
237,4656,4543,9199
237,4656,4543,9199
237,4656,4544,9200
237,4655,4544,9199
237,4655,4544,9199
237,4655,4544,9199
237,4656,4544,9200
237,4656,4544,9200
237,4657,4544,9201
237,4657,4544,9201
237,4657,4545,9202
237,4657,4545,9202
237,4658,4545,9203
237,4658,4544,9202
237,4658,4544,9202
237,4658,4545,9203
237,4658,4545,9203
237,4658,4546,9204
237,4658,4546,9204
237,4659,4546,9205
237,4659,4546,9205
237,4659,4547,9206
237,4659,4547,9206
237,4660,4547,9207
237,4660,4547,9207
237,4659,4547,9206
237,4659,4547,9206
237,4660,4547,9207
237,4660,4547,9207
237,4660,4547,9207
237,4660,4547,9207
237,4660,4547,9207
237,4661,4547,9208
237,4661,4547,9208
237,4661,4547,9208
237,4662,4547,9209
237,4661,4547,9208
237,4661,4547,9208
237,4660,4547,9207
237,4659,4547,9206
237,4659,4547,9206
237,4660,4547,9207
237,4659,4547,9206
237,4659,4547,9206
237,4660,4547,9207
237,4660,4547,9207
237,4660,4548,9208
237,4660,4548,9208
237,4660,4548,9208
237,4661,4548,9209
237,4661,4548,9209
237,4661,4548,9209
237,4662,4548,9210
237,4662,4548,9210
237,4662,4548,9210
237,4663,4548,9211
237,4663,4548,9211
237,4664,4548,9212
237,4664,4548,9212
237,4663,4548,9211
237,4663,4548,9211
237,4663,4548,9211
237,4664,4548,9212
237,4664,4548,9212
237,4665,4548,9213
237,4665,4548,9213
237,4666,4548,9214
237,4666,4548,9214
237,4667,4548,9215
237,4667,4548,9215
237,4667,4548,9215
237,4667,4548,9215
237,4667,4548,9215
237,4668,4548,9216
237,4668,4548,9216
237,4669,4548,9217
237,4669,4548,9217
237,4669,4549,9218
237,4669,4549,9218
237,4668,4549,9217
237,4668,4549,9217
237,4668,4548,9216
237,4668,4548,9216
237,4668,4548,9216
237,4669,4548,9217
237,4668,4548,9216
237,4668,4548,9216
237,4668,4549,9217
237,4667,4549,9216
237,4667,4549,9216
237,4668,4549,9217
237,4668,4549,9217
237,4669,4549,9218
237,4669,4549,9218
237,4670,4549,9219
237,4670,4548,9218
237,4670,4548,9218
237,4671,4548,9219
237,4670,4548,9218
237,4670,4548,9218
237,4670,4548,9218
237,4670,4549,9219
237,4669,4549,9218
237,4669,4549,9218
237,4669,4550,9219
237,4669,4550,9219
237,4669,4551,9220
237,4669,4551,9220
237,4669,4551,9220
237,4669,4552,9221
237,4669,4551,9220
237,4669,4551,9220
237,4670,4551,9221
237,4670,4551,9221
237,4670,4552,9222
237,4670,4552,9222
237,4670,4553,9223
237,4670,4552,9222
237,4670,4552,9222
237,4671,4552,9223
237,4671,4552,9223
237,4671,4553,9224
237,4671,4553,9224
237,4671,4553,9224
237,4671,4553,9224
237,4671,4553,9224
237,4672,4553,9225
237,4672,4553,9225
237,4672,4554,9226
237,4672,4554,9226
237,4672,4554,9226
237,4672,4553,9225
237,4672,4552,9224
237,4672,4552,9224
237,4673,4552,9225
237,4673,4552,9225
237,4673,4552,9225
237,4673,4552,9225
237,4673,4552,9225
237,4673,4553,9226
237,4673,4553,9226
237,4674,4553,9227
237,4674,4553,9227
237,4675,4553,9228
237,4674,4553,9227
237,4674,4553,9227
237,4674,4553,9227
237,4675,4553,9228
237,4675,4553,9228
237,4676,4553,9229
237,4676,4553,9229
237,4677,4553,9230
237,4677,4553,9230
237,4677,4554,9231
237,4677,4554,9231
237,4678,4554,9232
237,4677,4554,9231
237,4677,4554,9231
237,4678,4554,9232
237,4678,4554,9232
237,4678,4555,9233
237,4678,4555,9233
237,4679,4555,9234
237,4679,4555,9234
237,4678,4555,9233
237,4678,4555,9233
237,4678,4555,9233
237,4678,4556,9234
237,4677,4556,9233
237,4677,4556,9233
237,4677,4557,9234
237,4677,4557,9234
237,4677,4558,9235
237,4677,4558,9235
237,4677,4559,9236
237,4677,4559,9236
237,4677,4560,9237
237,4677,4560,9237
237,4677,4560,9237
237,4677,4560,9237
237,4677,4561,9238
237,4677,4561,9238
237,4677,4561,9238
237,4677,4562,9239
237,4677,4561,9238
237,4677,4561,9238
237,4677,4562,9239
237,4677,4562,9239
237,4677,4563,9240
237,4677,4563,9240
237,4677,4564,9241
237,4677,4564,9241
237,4677,4565,9242
237,4677,4565,9242
237,4677,4565,9242
237,4677,4564,9241
237,4677,4563,9240
237,4677,4562,9239
237,4677,4561,9238
237,4677,4561,9238
237,4677,4561,9238
237,4678,4561,9239
237,4678,4561,9239
237,4678,4562,9240
237,4678,4562,9240
237,4678,4563,9241
237,4678,4563,9241
237,4679,4563,9242
237,4679,4563,9242
237,4680,4563,9243
237,4680,4563,9243
237,4681,4563,9244
237,4681,4563,9244
237,4681,4563,9244
237,4681,4564,9245
237,4681,4564,9245
237,4681,4565,9246
237,4681,4565,9246
237,4682,4565,9247
237,4682,4565,9247
237,4682,4566,9248
237,4682,4566,9248
237,4682,4567,9249
237,4682,4567,9249
237,4682,4567,9249
237,4682,4568,9250
237,4682,4567,9249
237,4682,4567,9249
237,4682,4567,9249
237,4683,4567,9250
237,4683,4567,9250
237,4683,4567,9250
237,4684,4567,9251
237,4684,4567,9251
237,4684,4568,9252
237,4684,4568,9252
237,4684,4567,9251
237,4684,4567,9251
237,4684,4568,9252
237,4684,4568,9252
237,4685,4568,9253
237,4685,4568,9253
237,4685,4568,9253
237,4685,4569,9254
237,4685,4568,9253
237,4685,4568,9253
237,4685,4569,9254
237,4685,4569,9254
237,4686,4569,9255
237,4686,4568,9254
237,4686,4568,9254
237,4687,4568,9255
237,4687,4568,9255
237,4688,4568,9256
237,4688,4568,9256
237,4689,4568,9257
237,4689,4568,9257
237,4689,4569,9258
237,4689,4569,9258
237,4689,4569,9258
237,4690,4569,9259
237,4690,4569,9259
237,4690,4570,9260
237,4690,4570,9260
237,4690,4570,9260
237,4691,4570,9261
237,4691,4570,9261
237,4692,4570,9262
237,4692,4570,9262
237,4692,4570,9262
237,4691,4570,9261
237,4691,4570,9261
237,4691,4571,9262
237,4691,4571,9262
237,4692,4571,9263
237,4691,4571,9262
237,4690,4571,9261
237,4690,4571,9261
237,4690,4572,9262
237,4690,4572,9262
237,4690,4573,9263
237,4690,4573,9263
237,4691,4573,9264
237,4691,4572,9263
237,4691,4572,9263
237,4691,4573,9264
237,4690,4573,9263
237,4690,4572,9262
237,4690,4572,9262
237,4691,4572,9263
237,4691,4572,9263
237,4691,4572,9263
237,4692,4572,9264
237,4692,4571,9263
237,4692,4571,9263
237,4692,4571,9263
237,4692,4571,9263
237,4692,4571,9263
237,4693,4571,9264
237,4693,4571,9264
237,4692,4571,9263
237,4692,4571,9263
237,4693,4571,9264
237,4693,4571,9264
237,4694,4571,9265
237,4694,4571,9265
237,4695,4571,9266
237,4695,4571,9266
237,4695,4571,9266
237,4695,4571,9266
237,4695,4571,9266
237,4696,4571,9267
237,4696,4571,9267
237,4696,4571,9267
237,4697,4571,9268
237,4697,4571,9268
237,4697,4572,9269
237,4697,4572,9269
237,4697,4573,9270
237,4696,4573,9269
237,4696,4573,9269
237,4697,4573,9270
237,4697,4573,9270
237,4697,4574,9271
237,4697,4574,9271
237,4697,4575,9272
237,4697,4575,9272
237,4697,4574,9271
237,4697,4574,9271
237,4697,4574,9271
237,4697,4575,9272
237,4697,4575,9272
237,4697,4575,9272
237,4698,4575,9273
237,4698,4574,9272
237,4698,4574,9272
237,4698,4574,9272
237,4698,4575,9273
237,4698,4575,9273
237,4698,4575,9273
237,4697,4575,9272
237,4697,4575,9272
237,4697,4575,9272
237,4697,4575,9272
237,4697,4576,9273
237,4697,4576,9273
237,4698,4576,9274
237,4698,4576,9274
237,4698,4577,9275
237,4698,4576,9274
237,4698,4576,9274
237,4698,4577,9275
237,4698,4577,9275
237,4699,4577,9276
237,4699,4577,9276
237,4699,4578,9277
237,4699,4578,9277
237,4699,4579,9278
237,4699,4579,9278
237,4700,4579,9279
237,4700,4579,9279
237,4700,4579,9279
237,4700,4580,9280
237,4700,4580,9280
237,4700,4580,9280
237,4700,4581,9281
237,4700,4581,9281
237,4700,4582,9282
237,4700,4582,9282
237,4701,4582,9283
237,4701,4581,9282
237,4700,4581,9281
237,4700,4581,9281
237,4700,4581,9281
237,4701,4581,9282
237,4701,4581,9282
237,4701,4581,9282
237,4702,4581,9283
237,4702,4581,9283
237,4702,4582,9284
237,4702,4582,9284
237,4702,4582,9284
237,4702,4581,9283
237,4702,4581,9283
237,4702,4580,9282
237,4702,4580,9282
237,4702,4581,9283
237,4702,4581,9283
237,4702,4582,9284
237,4701,4582,9283
237,4701,4582,9283
237,4701,4582,9283
237,4701,4582,9283
237,4701,4583,9284
237,4701,4583,9284
237,4702,4583,9285
237,4702,4583,9285
237,4702,4584,9286
237,4702,4583,9285
237,4702,4583,9285
237,4702,4582,9284
237,4702,4582,9284
237,4702,4582,9284
237,4702,4582,9284
237,4703,4582,9285
237,4703,4582,9285
237,4703,4583,9286
237,4703,4583,9286
237,4703,4583,9286
237,4704,4583,9287
237,4704,4583,9287
237,4705,4583,9288
237,4705,4583,9288
237,4705,4584,9289
237,4705,4584,9289
237,4705,4585,9290
237,4705,4585,9290
237,4705,4585,9290
237,4705,4586,9291
237,4705,4586,9291
237,4705,4587,9292
237,4705,4587,9292
237,4706,4587,9293
237,4705,4587,9292
237,4705,4587,9292
237,4705,4588,9293
237,4704,4588,9292
237,4704,4588,9292
237,4704,4588,9292
237,4705,4588,9293
237,4705,4588,9293
237,4705,4587,9292
237,4705,4587,9292
237,4704,4587,9291
237,4704,4586,9290
237,4704,4586,9290
237,4705,4586,9291
237,4705,4586,9291
237,4705,4587,9292
237,4705,4587,9292
237,4705,4588,9293
237,4705,4588,9293
237,4706,4588,9294
237,4706,4587,9293
237,4706,4587,9293
237,4707,4587,9294
237,4707,4587,9294
237,4708,4587,9295
237,4708,4587,9295
237,4708,4588,9296
237,4708,4588,9296
237,4708,4589,9297
237,4708,4589,9297
237,4709,4589,9298
237,4709,4589,9298
237,4709,4589,9298
237,4709,4589,9298
237,4709,4589,9298
237,4709,4590,9299
237,4709,4590,9299
237,4709,4591,9300
237,4709,4591,9300
237,4709,4592,9301
237,4709,4592,9301
237,4709,4592,9301
237,4709,4593,9302
237,4709,4593,9302
237,4710,4593,9303
237,4710,4593,9303
237,4710,4594,9304
237,4710,4594,9304
237,4710,4595,9305
237,4710,4595,9305
237,4710,4595,9305
237,4710,4596,9306
237,4710,4596,9306
237,4711,4596,9307
237,4710,4596,9306
237,4709,4596,9305
237,4709,4596,9305
237,4710,4596,9306
237,4710,4596,9306
237,4710,4597,9307
237,4710,4597,9307
237,4710,4598,9308
237,4710,4597,9307
237,4710,4597,9307
237,4710,4596,9306
237,4710,4596,9306
237,4710,4597,9307
237,4710,4597,9307
237,4710,4597,9307
237,4711,4597,9308
237,4711,4597,9308
237,4712,4597,9309
237,4712,4597,9309
237,4713,4597,9310
237,4713,4597,9310
237,4713,4598,9311
237,4713,4598,9311
237,4714,4598,9312
237,4714,4598,9312
237,4715,4598,9313
237,4715,4598,9313
237,4715,4598,9313
237,4716,4598,9314
237,4716,4598,9314
237,4716,4599,9315
237,4716,4599,9315
237,4717,4599,9316
237,4717,4598,9315
237,4717,4598,9315
237,4718,4598,9316
237,4718,4598,9316
237,4719,4598,9317
237,4719,4598,9317
237,4720,4598,9318
237,4719,4598,9317
237,4719,4598,9317
237,4719,4598,9317
237,4719,4599,9318
237,4719,4599,9318
237,4719,4600,9319
237,4718,4600,9318
237,4718,4599,9317
237,4718,4598,9316
237,4718,4598,9316
237,4718,4598,9316
237,4718,4598,9316
237,4719,4598,9317
237,4719,4598,9317
237,4720,4598,9318
237,4719,4598,9317
237,4719,4598,9317
237,4719,4598,9317
237,4720,4598,9318
237,4720,4598,9318
237,4721,4598,9319
237,4721,4598,9319
237,4721,4599,9320
237,4721,4599,9320
237,4721,4599,9320
237,4722,4599,9321
237,4722,4599,9321
237,4722,4600,9322
237,4721,4600,9321
237,4721,4600,9321
237,4721,4600,9321
237,4722,4600,9322
237,4722,4600,9322
237,4723,4600,9323
237,4723,4600,9323
237,4723,4600,9323
237,4723,4601,9324
237,4723,4601,9324
237,4724,4601,9325
237,4724,4601,9325
237,4725,4601,9326
237,4725,4600,9325
237,4725,4600,9325
237,4725,4600,9325
237,4724,4600,9324
237,4724,4600,9324
237,4724,4600,9324
237,4724,4600,9324
237,4724,4600,9324
237,4724,4601,9325
237,4724,4601,9325
237,4725,4601,9326
237,4725,4601,9326
237,4726,4601,9327
237,4726,4601,9327
237,4726,4601,9327
237,4726,4601,9327
237,4726,4602,9328
237,4725,4602,9327
237,4725,4602,9327
237,4725,4602,9327
237,4726,4602,9328
237,4726,4602,9328
237,4726,4602,9328
237,4726,4602,9328
237,4726,4603,9329
237,4726,4603,9329
237,4726,4604,9330
237,4726,4604,9330
237,4726,4605,9331
237,4726,4605,9331
237,4726,4606,9332
237,4726,4606,9332
237,4726,4606,9332
237,4726,4607,9333
237,4726,4607,9333
237,4726,4608,9334
237,4726,4608,9334
237,4726,4609,9335
237,4726,4608,9334
237,4726,4608,9334
237,4726,4609,9335
237,4726,4609,9335
237,4727,4609,9336
237,4727,4609,9336
237,4728,4609,9337
237,4728,4609,9337
237,4728,4610,9338
237,4728,4610,9338
237,4728,4610,9338
237,4729,4610,9339
237,4729,4610,9339
237,4729,4610,9339
237,4729,4610,9339
237,4729,4611,9340
237,4729,4611,9340
237,4729,4612,9341
237,4729,4612,9341
237,4729,4612,9341
237,4729,4612,9341
237,4730,4612,9342
237,4730,4612,9342
237,4730,4612,9342
237,4730,4611,9341
237,4730,4611,9341
237,4731,4611,9342
237,4731,4611,9342
237,4731,4612,9343
237,4731,4612,9343
237,4731,4612,9343
237,4731,4613,9344
237,4731,4613,9344
237,4731,4613,9344
237,4732,4613,9345
237,4732,4613,9345
237,4733,4613,9346
237,4732,4613,9345
237,4732,4613,9345
237,4732,4614,9346
237,4732,4614,9346
237,4731,4614,9345
237,4731,4614,9345
237,4731,4614,9345
237,4732,4614,9346
237,4732,4614,9346
237,4733,4614,9347
237,4733,4614,9347
237,4733,4615,9348
237,4733,4615,9348
237,4733,4615,9348
237,4733,4615,9348
237,4734,4615,9349
237,4734,4615,9349
237,4735,4615,9350
237,4735,4615,9350
237,4735,4615,9350
237,4735,4615,9350
237,4736,4615,9351
237,4736,4614,9350
237,4736,4614,9350
237,4736,4615,9351
237,4736,4615,9351
237,4736,4615,9351
237,4736,4615,9351
237,4736,4615,9351
237,4736,4615,9351
237,4737,4615,9352
237,4737,4615,9352
237,4737,4615,9352
237,4737,4616,9353
237,4737,4616,9353
237,4737,4616,9353
237,4738,4616,9354
237,4738,4616,9354
237,4738,4617,9355
237,4738,4617,9355
237,4739,4617,9356
237,4739,4617,9356
237,4739,4617,9356
237,4740,4617,9357
237,4740,4617,9357
237,4741,4617,9358
237,4741,4617,9358
237,4742,4617,9359
237,4742,4617,9359
237,4743,4617,9360
237,4743,4617,9360
237,4743,4617,9360
237,4743,4618,9361
237,4743,4618,9361
237,4744,4618,9362
237,4744,4618,9362
237,4744,4619,9363
237,4744,4619,9363
237,4744,4619,9363
237,4744,4620,9364
237,4744,4620,9364
237,4744,4621,9365
237,4744,4621,9365
237,4744,4621,9365
237,4744,4621,9365
237,4744,4622,9366
237,4744,4622,9366
237,4745,4622,9367
237,4745,4622,9367
237,4746,4622,9368
237,4746,4622,9368
237,4746,4623,9369
237,4746,4623,9369
237,4747,4623,9370
237,4746,4623,9369
237,4746,4623,9369
237,4747,4623,9370
237,4747,4623,9370
237,4747,4623,9370
237,4747,4624,9371
237,4747,4624,9371
237,4748,4624,9372
237,4748,4624,9372
237,4749,4624,9373
237,4749,4624,9373
237,4749,4625,9374
237,4749,4625,9374
237,4749,4625,9374
237,4749,4625,9374
237,4749,4625,9374
237,4749,4626,9375
237,4749,4626,9375
237,4749,4626,9375
237,4749,4627,9376
237,4748,4627,9375
237,4748,4626,9374
237,4748,4626,9374
237,4748,4626,9374
237,4749,4626,9375
237,4749,4626,9375
237,4749,4627,9376
237,4749,4627,9376
237,4749,4628,9377
237,4749,4628,9377
237,4750,4628,9378
237,4750,4628,9378
237,4751,4628,9379
237,4751,4628,9379
237,4751,4629,9380
237,4751,4629,9380
237,4752,4629,9381
237,4752,4629,9381
237,4753,4629,9382
237,4753,4629,9382
237,4753,4629,9382
237,4753,4630,9383
237,4753,4630,9383
237,4753,4630,9383
237,4753,4631,9384
237,4753,4631,9384
237,4753,4632,9385
237,4753,4632,9385
237,4753,4633,9386
237,4753,4633,9386
237,4753,4634,9387
237,4753,4634,9387
237,4753,4634,9387
237,4753,4633,9386
237,4753,4632,9385
237,4753,4632,9385
237,4753,4633,9386
237,4753,4633,9386
237,4754,4633,9387
237,4754,4633,9387
237,4754,4633,9387
237,4755,4633,9388
237,4755,4633,9388
237,4755,4633,9388
237,4755,4634,9389
237,4755,4634,9389
237,4755,4635,9390
237,4755,4635,9390
237,4755,4635,9390
237,4756,4635,9391
237,4756,4635,9391
237,4757,4635,9392
237,4757,4634,9391
237,4757,4634,9391
237,4756,4634,9390
237,4756,4634,9390
237,4757,4634,9391
237,4757,4634,9391
237,4758,4634,9392
237,4758,4634,9392
237,4758,4635,9393
237,4757,4635,9392
237,4757,4635,9392
237,4757,4636,9393
237,4757,4636,9393
237,4757,4637,9394
237,4757,4637,9394
237,4757,4637,9394
237,4757,4638,9395
237,4757,4638,9395
237,4757,4638,9395
237,4757,4639,9396
237,4757,4639,9396
237,4757,4640,9397
237,4757,4639,9396
237,4757,4639,9396
237,4758,4639,9397
237,4758,4639,9397
237,4758,4640,9398
237,4758,4640,9398
237,4759,4640,9399
237,4759,4640,9399
237,4760,4640,9400
237,4760,4640,9400
237,4761,4640,9401
237,4761,4640,9401
237,4761,4640,9401
237,4761,4640,9401
237,4762,4640,9402
237,4762,4640,9402
237,4762,4640,9402
237,4763,4640,9403
237,4763,4640,9403
237,4763,4641,9404
237,4763,4641,9404
237,4763,4642,9405
238,4763,4642,9405
238,4763,4642,9405
238,4763,4642,9405
238,4763,4642,9405
238,4763,4642,9405
238,4763,4643,9406
238,4763,4643,9406
238,4763,4643,9406
238,4763,4644,9407
238,4763,4644,9407
238,4764,4644,9408
238,4764,4644,9408
238,4764,4644,9408
238,4764,4644,9408
238,4765,4644,9409
238,4765,4643,9408
238,4765,4643,9408
238,4765,4643,9408
238,4765,4643,9408
238,4766,4643,9409
238,4766,4643,9409
238,4765,4643,9408
238,4765,4643,9408
238,4765,4644,9409
238,4764,4644,9408
238,4764,4644,9408
238,4764,4645,9409
238,4764,4645,9409
238,4765,4645,9410
238,4765,4645,9410
238,4765,4644,9409
238,4765,4644,9409
238,4765,4644,9409
238,4766,4644,9410
238,4766,4644,9410
238,4766,4644,9410
238,4766,4644,9410
238,4766,4645,9411
238,4766,4645,9411
238,4766,4646,9412
238,4765,4646,9411
238,4765,4646,9411
238,4765,4645,9410
238,4765,4645,9410
238,4765,4646,9411
238,4765,4646,9411
238,4765,4646,9411
238,4765,4647,9412
238,4765,4647,9412
238,4765,4648,9413
238,4765,4648,9413
238,4765,4649,9414
238,4765,4649,9414
238,4766,4649,9415
238,4766,4649,9415
238,4766,4649,9415
238,4766,4649,9415
238,4766,4649,9415
238,4766,4649,9415
238,4767,4649,9416
238,4767,4649,9416
238,4768,4649,9417
238,4768,4649,9417
238,4768,4649,9417
238,4768,4650,9418
238,4768,4650,9418
238,4768,4651,9419
238,4768,4650,9418
238,4768,4650,9418
238,4768,4650,9418
238,4768,4651,9419
238,4768,4651,9419
238,4768,4651,9419
238,4768,4652,9420
238,4768,4652,9420
238,4768,4653,9421
238,4768,4653,9421
238,4769,4653,9422
238,4769,4653,9422
238,4769,4654,9423
238,4769,4653,9422
238,4769,4652,9421
238,4769,4652,9421
238,4769,4652,9421
238,4769,4653,9422
238,4768,4653,9421
238,4768,4653,9421
238,4769,4653,9422
238,4769,4653,9422
238,4770,4653,9423
238,4770,4652,9422
238,4770,4652,9422
238,4771,4652,9423
238,4771,4652,9423
238,4771,4653,9424
238,4771,4653,9424
238,4772,4653,9425
238,4772,4653,9425
238,4771,4653,9424
238,4771,4653,9424
238,4771,4654,9425
238,4771,4654,9425
238,4771,4654,9425
238,4770,4654,9424
238,4770,4654,9424
238,4770,4655,9425
238,4770,4655,9425
238,4770,4655,9425
238,4770,4655,9425
238,4770,4656,9426
238,4770,4655,9425
238,4770,4655,9425
238,4770,4655,9425
238,4770,4656,9426
238,4770,4656,9426
238,4770,4657,9427
238,4770,4657,9427
238,4770,4658,9428
238,4770,4658,9428
238,4770,4658,9428
238,4770,4659,9429
238,4770,4659,9429
238,4770,4659,9429
238,4771,4659,9430
238,4771,4659,9430
238,4771,4659,9430
238,4771,4659,9430
238,4771,4660,9431
238,4771,4660,9431
238,4771,4661,9432
238,4771,4661,9432
238,4771,4662,9433
238,4771,4662,9433
238,4771,4663,9434
238,4771,4663,9434
238,4772,4663,9435
238,4772,4663,9435
238,4772,4663,9435
238,4772,4662,9434
238,4772,4662,9434
238,4772,4662,9434
238,4772,4663,9435
238,4771,4663,9434
238,4771,4663,9434
238,4771,4663,9434
238,4771,4663,9434
238,4771,4664,9435
238,4771,4663,9434
238,4771,4663,9434
238,4771,4664,9435
238,4771,4664,9435
238,4771,4664,9435
238,4771,4665,9436
238,4771,4664,9435
238,4771,4663,9434
238,4771,4663,9434
238,4772,4663,9435
238,4772,4663,9435
238,4773,4663,9436
238,4773,4663,9436
238,4774,4663,9437
238,4774,4663,9437
238,4775,4663,9438
238,4775,4663,9438
238,4775,4663,9438
238,4776,4663,9439
238,4776,4663,9439
238,4776,4663,9439
238,4776,4664,9440
238,4776,4664,9440
238,4776,4665,9441
238,4776,4665,9441
238,4776,4665,9441
238,4776,4665,9441
238,4776,4665,9441
238,4776,4664,9440
238,4776,4664,9440
238,4776,4664,9440
238,4776,4664,9440
238,4777,4664,9441
238,4777,4664,9441
238,4778,4664,9442
238,4778,4663,9441
238,4777,4663,9440
238,4777,4663,9440
238,4777,4664,9441
238,4777,4664,9441
238,4777,4665,9442
238,4777,4665,9442
238,4778,4665,9443
238,4777,4665,9442
238,4777,4665,9442
238,4776,4665,9441
238,4776,4665,9441
238,4777,4665,9442
238,4777,4665,9442
238,4778,4665,9443
238,4778,4665,9443
238,4778,4665,9443
238,4779,4665,9444
238,4779,4665,9444
238,4780,4665,9445
238,4780,4665,9445
238,4781,4665,9446
238,4781,4664,9445
238,4780,4664,9444
238,4780,4664,9444
238,4780,4665,9445
238,4780,4665,9445
238,4781,4665,9446
238,4781,4665,9446
238,4780,4665,9445
238,4779,4665,9444
238,4779,4664,9443
238,4778,4664,9442
238,4778,4664,9442
238,4779,4664,9443
238,4779,4664,9443
238,4779,4664,9443
238,4780,4664,9444
238,4779,4664,9443
238,4779,4664,9443
238,4779,4664,9443
238,4780,4664,9444
238,4779,4664,9443
238,4779,4664,9443
238,4779,4665,9444
238,4779,4665,9444
238,4779,4666,9445
238,4779,4666,9445
238,4780,4666,9446
238,4780,4666,9446
238,4780,4666,9446
238,4780,4666,9446
238,4781,4666,9447
238,4781,4666,9447
238,4782,4666,9448
238,4781,4666,9447
238,4781,4666,9447
238,4782,4666,9448
238,4782,4666,9448
238,4781,4666,9447
238,4781,4666,9447
238,4781,4666,9447
238,4782,4666,9448
238,4781,4666,9447
238,4781,4666,9447
238,4781,4667,9448
238,4781,4667,9448
238,4780,4667,9447
238,4780,4666,9446
238,4780,4666,9446
238,4781,4666,9447
238,4781,4666,9447
238,4781,4667,9448
238,4781,4667,9448
238,4782,4667,9449
238,4782,4667,9449
238,4782,4667,9449
238,4783,4667,9450
238,4782,4667,9449
238,4782,4667,9449
238,4782,4667,9449
238,4782,4668,9450
238,4782,4668,9450
238,4782,4669,9451
238,4782,4669,9451
238,4782,4670,9452
238,4782,4670,9452
238,4782,4671,9453
238,4782,4671,9453
238,4782,4672,9454
238,4781,4672,9453
238,4781,4671,9452
238,4781,4670,9451
238,4781,4669,9450
238,4781,4669,9450
238,4781,4670,9451
238,4781,4669,9450
238,4781,4669,9450
238,4781,4669,9450
238,4781,4670,9451
238,4781,4669,9450
238,4781,4669,9450
238,4781,4669,9450
238,4781,4670,9451
238,4781,4670,9451
238,4781,4670,9451
238,4781,4671,9452
238,4781,4671,9452
238,4781,4671,9452
238,4781,4672,9453
238,4781,4672,9453
238,4782,4672,9454
238,4782,4671,9453
238,4781,4671,9452
238,4781,4671,9452
238,4781,4672,9453
238,4781,4672,9453
238,4782,4672,9454
238,4782,4672,9454
238,4782,4673,9455
238,4782,4672,9454
238,4782,4672,9454
238,4783,4672,9455
238,4783,4672,9455
238,4783,4673,9456
238,4783,4673,9456
238,4783,4674,9457
238,4783,4673,9456
238,4783,4672,9455
238,4783,4672,9455
238,4783,4672,9455
238,4783,4672,9455
238,4783,4672,9455
238,4783,4673,9456
238,4783,4672,9455
238,4783,4672,9455
238,4783,4673,9456
238,4783,4672,9455
238,4783,4672,9455
238,4783,4673,9456
238,4783,4673,9456
238,4783,4674,9457
238,4783,4674,9457
238,4783,4673,9456
238,4783,4673,9456
238,4784,4673,9457
238,4784,4673,9457
238,4785,4673,9458
238,4785,4673,9458
238,4785,4672,9457
238,4784,4672,9456
238,4784,4672,9456
238,4784,4672,9456
238,4785,4672,9457
238,4785,4672,9457
238,4785,4673,9458
238,4784,4673,9457
238,4784,4673,9457
238,4784,4673,9457
238,4784,4673,9457
238,4785,4673,9458
238,4785,4673,9458
238,4785,4674,9459
238,4785,4674,9459
238,4785,4675,9460
238,4785,4675,9460
238,4786,4675,9461
238,4786,4675,9461
238,4787,4675,9462
238,4787,4675,9462
238,4788,4675,9463
238,4788,4675,9463
238,4788,4675,9463
238,4788,4676,9464
238,4788,4676,9464
238,4789,4676,9465
238,4789,4676,9465
238,4789,4677,9466
238,4789,4677,9466
238,4790,4677,9467
238,4790,4677,9467
238,4790,4678,9468
238,4790,4678,9468
238,4790,4679,9469
238,4790,4679,9469
238,4791,4679,9470
238,4791,4679,9470
238,4791,4679,9470
238,4792,4679,9471
238,4792,4678,9470
238,4791,4678,9469
238,4791,4678,9469
238,4792,4678,9470
238,4792,4678,9470
238,4792,4679,9471
238,4792,4679,9471
238,4793,4679,9472
238,4792,4679,9471
238,4792,4679,9471
238,4792,4679,9471
238,4793,4679,9472
238,4793,4679,9472
238,4793,4679,9472
238,4793,4680,9473
238,4793,4680,9473
238,4793,4681,9474
238,4793,4681,9474
238,4793,4681,9474
238,4794,4681,9475
238,4794,4681,9475
238,4794,4681,9475
238,4795,4681,9476
238,4795,4681,9476
238,4795,4682,9477
238,4795,4682,9477
238,4796,4682,9478
238,4796,4682,9478
238,4796,4682,9478
238,4797,4682,9479
238,4796,4682,9478
238,4796,4682,9478
238,4796,4682,9478
238,4797,4682,9479
238,4797,4682,9479
238,4797,4682,9479
238,4797,4682,9479
238,4798,4682,9480
238,4798,4682,9480
238,4798,4683,9481
238,4798,4683,9481
238,4798,4683,9481
238,4799,4683,9482
238,4799,4683,9482
238,4800,4683,9483
238,4800,4683,9483
238,4801,4683,9484
238,4800,4683,9483
238,4800,4683,9483
238,4800,4683,9483
238,4800,4683,9483
238,4800,4684,9484
238,4800,4684,9484
238,4800,4685,9485
238,4800,4685,9485
238,4801,4685,9486
238,4800,4685,9485
238,4800,4685,9485
238,4800,4685,9485
238,4800,4685,9485
238,4800,4686,9486
238,4799,4686,9485
238,4799,4686,9485
238,4799,4687,9486
238,4799,4687,9486
238,4799,4688,9487
238,4799,4688,9487
238,4800,4688,9488
238,4800,4688,9488
238,4801,4688,9489
238,4801,4688,9489
238,4801,4688,9489
238,4801,4689,9490
238,4801,4688,9489
238,4801,4687,9488
238,4800,4687,9487
238,4799,4687,9486
238,4799,4687,9486
238,4799,4688,9487
238,4799,4688,9487
238,4799,4689,9488
238,4799,4689,9488
238,4799,4690,9489
238,4799,4690,9489
238,4800,4690,9490
238,4800,4690,9490
238,4800,4689,9489
238,4799,4689,9488
238,4799,4689,9488
238,4800,4689,9489
238,4800,4689,9489
238,4800,4689,9489
238,4800,4690,9490
238,4800,4690,9490
238,4800,4691,9491
238,4800,4691,9491
238,4801,4691,9492
238,4801,4690,9491
238,4801,4690,9491
238,4801,4691,9492
238,4801,4691,9492
238,4802,4691,9493
238,4802,4691,9493
238,4802,4691,9493
238,4803,4691,9494
238,4803,4691,9494
238,4803,4692,9495
238,4803,4692,9495
238,4803,4692,9495
238,4803,4693,9496
238,4803,4693,9496
238,4803,4694,9497
238,4803,4694,9497
238,4804,4694,9498
238,4804,4694,9498
238,4805,4694,9499
238,4805,4694,9499
238,4805,4694,9499
238,4804,4694,9498
238,4803,4694,9497
238,4803,4694,9497
238,4804,4694,9498
238,4804,4694,9498
238,4805,4694,9499
238,4804,4694,9498
238,4804,4694,9498
238,4804,4695,9499
238,4804,4695,9499
238,4804,4695,9499
238,4804,4695,9499
238,4804,4695,9499
238,4805,4695,9500
238,4804,4695,9499
238,4804,4695,9499
238,4804,4696,9500
238,4804,4696,9500
238,4804,4697,9501
238,4804,4697,9501
238,4805,4697,9502
238,4805,4697,9502
238,4806,4697,9503
238,4806,4697,9503
238,4806,4697,9503
238,4807,4697,9504
238,4806,4697,9503
238,4806,4697,9503
238,4806,4697,9503
238,4806,4697,9503
238,4807,4697,9504
238,4807,4697,9504
238,4807,4697,9504
238,4807,4697,9504
238,4808,4697,9505
238,4807,4697,9504
238,4807,4697,9504
238,4808,4697,9505
238,4808,4697,9505
238,4809,4697,9506
238,4809,4697,9506
238,4810,4697,9507
238,4810,4697,9507
238,4811,4697,9508
238,4811,4697,9508
238,4811,4698,9509
238,4811,4698,9509
238,4811,4699,9510
238,4811,4699,9510
238,4812,4699,9511
238,4812,4699,9511
238,4812,4699,9511
238,4813,4699,9512
238,4813,4699,9512
238,4813,4700,9513
238,4813,4700,9513
238,4814,4700,9514
238,4814,4700,9514
238,4814,4700,9514
238,4814,4701,9515
238,4814,4701,9515
238,4814,4702,9516
238,4814,4702,9516
238,4814,4702,9516
238,4814,4703,9517
238,4814,4703,9517
238,4814,4703,9517
238,4814,4703,9517
238,4815,4703,9518
238,4815,4703,9518
238,4815,4703,9518
238,4815,4704,9519
238,4815,4704,9519
238,4815,4705,9520
238,4815,4705,9520
238,4816,4705,9521
238,4815,4705,9520
238,4815,4705,9520
238,4816,4705,9521
238,4816,4705,9521
238,4817,4705,9522
238,4817,4705,9522
238,4818,4705,9523
238,4817,4705,9522
238,4817,4705,9522
238,4817,4705,9522
238,4817,4706,9523
238,4817,4706,9523
238,4818,4706,9524
238,4818,4706,9524
238,4818,4706,9524
238,4818,4706,9524
238,4818,4707,9525
238,4818,4707,9525
238,4818,4707,9525
238,4817,4707,9524
238,4817,4707,9524
238,4817,4708,9525
238,4817,4708,9525
238,4818,4708,9526
238,4818,4708,9526
238,4818,4708,9526
238,4818,4709,9527
238,4818,4709,9527
238,4818,4708,9526
238,4818,4708,9526
238,4818,4707,9525
238,4818,4707,9525
238,4818,4708,9526
238,4818,4708,9526
238,4818,4709,9527
238,4818,4709,9527
238,4818,4709,9527
238,4818,4710,9528
238,4818,4710,9528
238,4819,4710,9529
238,4819,4710,9529
238,4819,4711,9530
238,4819,4711,9530
238,4819,4711,9530
238,4820,4711,9531
238,4820,4711,9531
238,4821,4711,9532
238,4821,4711,9532
238,4820,4711,9531
238,4820,4711,9531
238,4821,4711,9532
238,4821,4711,9532
238,4821,4712,9533
238,4821,4712,9533
238,4822,4712,9534
238,4822,4712,9534
238,4822,4713,9535
238,4822,4713,9535
238,4822,4714,9536
238,4822,4714,9536
238,4822,4715,9537
238,4821,4715,9536
238,4821,4715,9536
238,4821,4716,9537
238,4821,4716,9537
238,4821,4716,9537
238,4821,4717,9538
238,4821,4717,9538
238,4822,4717,9539
238,4822,4717,9539
238,4822,4717,9539
238,4822,4718,9540
238,4822,4718,9540
238,4822,4718,9540
238,4823,4718,9541
238,4823,4717,9540
238,4822,4717,9539
238,4822,4717,9539
238,4822,4718,9540
238,4822,4718,9540
238,4823,4718,9541
238,4823,4718,9541
238,4824,4718,9542
238,4824,4718,9542
238,4824,4719,9543
238,4824,4719,9543
238,4824,4720,9544
238,4824,4719,9543
238,4824,4718,9542
238,4824,4718,9542
238,4824,4719,9543
238,4824,4719,9543
238,4824,4719,9543
238,4824,4720,9544
238,4824,4720,9544
238,4824,4720,9544
238,4824,4720,9544
238,4824,4721,9545
238,4824,4721,9545
238,4825,4721,9546
238,4825,4721,9546
238,4825,4721,9546
238,4825,4721,9546
238,4825,4722,9547
238,4825,4722,9547
238,4826,4722,9548
238,4826,4722,9548
238,4827,4722,9549
238,4827,4722,9549
238,4827,4722,9549
238,4827,4722,9549
238,4827,4723,9550
238,4827,4723,9550
238,4827,4723,9550
238,4828,4723,9551
238,4828,4723,9551
238,4829,4723,9552
238,4829,4723,9552
238,4829,4722,9551
238,4829,4722,9551
238,4829,4722,9551
238,4829,4723,9552
238,4829,4723,9552
238,4829,4724,9553
238,4829,4724,9553
238,4829,4725,9554
238,4829,4725,9554
238,4829,4726,9555
238,4829,4726,9555
238,4829,4726,9555
238,4830,4726,9556
238,4830,4726,9556
238,4830,4727,9557
238,4830,4727,9557
238,4830,4728,9558
238,4829,4728,9557
238,4829,4728,9557
238,4829,4728,9557
238,4829,4729,9558
238,4829,4729,9558
238,4830,4729,9559
238,4830,4729,9559
238,4831,4729,9560
238,4831,4729,9560
238,4832,4729,9561
238,4832,4729,9561
238,4832,4729,9561
238,4833,4729,9562
238,4833,4729,9562
238,4833,4730,9563
238,4833,4730,9563
238,4834,4730,9564
238,4834,4730,9564
238,4834,4730,9564
238,4834,4730,9564
238,4834,4731,9565
238,4834,4731,9565
238,4834,4731,9565
238,4835,4731,9566
238,4835,4731,9566
238,4835,4731,9566
238,4836,4731,9567
238,4836,4731,9567
238,4837,4731,9568
238,4837,4731,9568
238,4838,4731,9569
238,4838,4731,9569
238,4838,4730,9568
238,4838,4730,9568
238,4838,4730,9568
238,4839,4730,9569
238,4839,4730,9569
238,4839,4731,9570
238,4839,4731,9570
238,4840,4731,9571
238,4839,4731,9570
238,4839,4731,9570
238,4839,4732,9571
238,4838,4732,9570
238,4838,4732,9570
238,4839,4732,9571
238,4839,4732,9571
238,4839,4732,9571
238,4840,4732,9572
238,4840,4732,9572
238,4841,4732,9573
238,4841,4731,9572
238,4841,4731,9572
238,4841,4732,9573
238,4841,4732,9573
238,4841,4733,9574
238,4841,4733,9574
238,4840,4733,9573
238,4840,4733,9573
238,4840,4734,9574
238,4840,4733,9573
238,4840,4733,9573
238,4840,4734,9574
238,4840,4734,9574
238,4840,4735,9575
238,4840,4735,9575
238,4840,4734,9574
238,4840,4734,9574
238,4840,4734,9574
238,4841,4734,9575
238,4841,4734,9575
238,4842,4734,9576
238,4842,4734,9576
238,4843,4734,9577
238,4843,4734,9577
238,4844,4734,9578
238,4844,4734,9578
238,4845,4734,9579
238,4845,4734,9579
238,4845,4735,9580
238,4845,4735,9580
238,4845,4735,9580
238,4845,4736,9581
238,4845,4736,9581
238,4845,4736,9581
238,4845,4736,9581
238,4846,4736,9582
238,4846,4736,9582
238,4847,4736,9583
238,4847,4736,9583
238,4847,4737,9584
238,4847,4737,9584
238,4847,4737,9584
238,4848,4737,9585
238,4848,4736,9584
238,4848,4736,9584
238,4849,4736,9585
238,4849,4736,9585
238,4850,4736,9586
238,4850,4736,9586
238,4850,4737,9587
238,4850,4737,9587
238,4850,4737,9587
238,4850,4738,9588
238,4850,4738,9588
238,4851,4738,9589
238,4851,4738,9589
238,4852,4738,9590
238,4852,4738,9590
238,4851,4738,9589
238,4850,4738,9588
238,4850,4738,9588
238,4850,4739,9589
238,4850,4739,9589
238,4850,4740,9590
238,4849,4740,9589
238,4849,4740,9589
238,4849,4740,9589
238,4849,4739,9588
238,4849,4739,9588
238,4850,4739,9589
238,4850,4739,9589
238,4850,4740,9590
238,4850,4740,9590
238,4850,4741,9591
238,4850,4741,9591
238,4851,4741,9592
238,4851,4741,9592
238,4852,4741,9593
238,4852,4741,9593
238,4853,4741,9594
238,4853,4740,9593
238,4853,4740,9593
238,4853,4740,9593
238,4853,4741,9594
238,4853,4741,9594
238,4853,4741,9594
238,4853,4742,9595
238,4853,4742,9595
238,4853,4743,9596
238,4853,4743,9596
238,4854,4743,9597
238,4854,4743,9597
238,4855,4743,9598
238,4855,4743,9598
238,4855,4744,9599
238,4855,4744,9599
238,4856,4744,9600
238,4855,4744,9599
238,4855,4744,9599
238,4855,4745,9600
238,4855,4745,9600
238,4855,4746,9601
238,4855,4746,9601
238,4855,4747,9602
238,4855,4747,9602
238,4855,4747,9602
238,4855,4747,9602
238,4855,4747,9602
238,4855,4748,9603
238,4854,4748,9602
238,4854,4748,9602
238,4854,4749,9603
238,4854,4749,9603
238,4854,4749,9603
238,4854,4749,9603
238,4854,4750,9604
238,4854,4749,9603
238,4854,4749,9603
238,4854,4750,9604
238,4854,4750,9604
238,4854,4750,9604
238,4854,4750,9604
238,4855,4750,9605
238,4855,4750,9605
238,4855,4750,9605
238,4856,4750,9606
238,4856,4750,9606
238,4856,4750,9606
238,4857,4750,9607
238,4857,4750,9607
238,4857,4750,9607
238,4857,4750,9607
238,4857,4750,9607
238,4857,4751,9608
238,4857,4751,9608
238,4857,4752,9609
238,4857,4752,9609
238,4857,4753,9610
238,4857,4753,9610
238,4857,4754,9611
238,4857,4754,9611
238,4857,4755,9612
238,4857,4755,9612
238,4858,4755,9613
238,4858,4755,9613
238,4858,4756,9614
238,4858,4755,9613
238,4858,4755,9613
238,4858,4756,9614
238,4858,4755,9613
238,4858,4754,9612
238,4858,4754,9612
238,4858,4754,9612
238,4858,4755,9613
238,4858,4755,9613
238,4859,4755,9614
238,4859,4755,9614
238,4859,4755,9614
238,4859,4755,9614
238,4859,4755,9614
238,4860,4755,9615
238,4860,4755,9615
238,4860,4756,9616
238,4860,4756,9616
238,4860,4757,9617
238,4860,4757,9617
238,4861,4757,9618
238,4861,4757,9618
238,4862,4757,9619
238,4862,4757,9619
238,4862,4758,9620
238,4862,4758,9620
238,4862,4759,9621
238,4862,4759,9621
238,4863,4759,9622
238,4863,4759,9622
238,4863,4760,9623
238,4863,4760,9623
238,4864,4760,9624
238,4863,4760,9623
238,4862,4760,9622
238,4862,4760,9622
238,4862,4761,9623
238,4862,4761,9623
238,4862,4762,9624
238,4862,4762,9624
238,4862,4762,9624
238,4863,4762,9625
238,4863,4761,9624
238,4863,4761,9624
238,4863,4762,9625
238,4863,4762,9625
238,4863,4762,9625
238,4863,4762,9625
238,4864,4762,9626
238,4864,4762,9626
238,4864,4763,9627
238,4864,4763,9627
238,4864,4764,9628
238,4864,4764,9628
238,4865,4764,9629
238,4865,4764,9629
238,4865,4765,9630
238,4865,4765,9630
238,4865,4765,9630
238,4866,4765,9631
238,4866,4765,9631
238,4867,4765,9632
238,4867,4765,9632
238,4867,4766,9633
238,4867,4766,9633
238,4867,4767,9634
238,4867,4767,9634
238,4866,4767,9633
238,4866,4766,9632
238,4866,4766,9632
238,4866,4766,9632
238,4866,4766,9632
238,4866,4767,9633
238,4866,4767,9633
238,4866,4767,9633
238,4866,4766,9632
238,4866,4766,9632
238,4866,4767,9633
238,4866,4767,9633
238,4866,4768,9634
238,4866,4768,9634
238,4867,4768,9635
238,4867,4767,9634
238,4867,4767,9634
238,4868,4767,9635
238,4868,4767,9635
238,4868,4768,9636
238,4868,4768,9636
238,4867,4768,9635
238,4867,4768,9635
238,4867,4769,9636
238,4867,4769,9636
238,4867,4769,9636
238,4868,4769,9637
238,4868,4769,9637
238,4868,4769,9637
238,4869,4769,9638
238,4869,4769,9638
238,4870,4769,9639
238,4870,4769,9639
238,4870,4769,9639
238,4870,4769,9639
238,4870,4770,9640
238,4870,4770,9640
238,4871,4770,9641
238,4871,4770,9641
238,4871,4771,9642
238,4871,4771,9642
238,4872,4771,9643
238,4872,4771,9643
238,4872,4772,9644
238,4872,4772,9644
238,4872,4772,9644
238,4872,4772,9644
238,4872,4772,9644
238,4872,4772,9644
238,4873,4772,9645
238,4873,4772,9645
238,4874,4772,9646
238,4874,4771,9645
238,4874,4771,9645
238,4874,4772,9646
238,4873,4772,9645
238,4873,4771,9644
238,4873,4771,9644
238,4873,4772,9645
238,4873,4772,9645
238,4873,4772,9645
238,4873,4772,9645
238,4873,4772,9645
238,4873,4773,9646
238,4873,4773,9646
238,4873,4774,9647
238,4873,4774,9647
238,4874,4774,9648
238,4874,4774,9648
238,4874,4775,9649
238,4873,4775,9648
238,4873,4775,9648
238,4873,4776,9649
238,4873,4776,9649
238,4874,4776,9650
238,4874,4776,9650
238,4874,4777,9651
238,4874,4777,9651
238,4875,4777,9652
238,4875,4777,9652
238,4875,4777,9652
238,4876,4777,9653
238,4876,4777,9653
238,4876,4777,9653
238,4877,4777,9654
238,4877,4777,9654
238,4878,4777,9655
238,4878,4777,9655
238,4878,4777,9655
238,4878,4778,9656
238,4878,4778,9656
238,4879,4778,9657
238,4879,4778,9657
238,4880,4778,9658
238,4880,4778,9658
238,4880,4778,9658
238,4880,4778,9658
238,4880,4779,9659
238,4880,4779,9659
238,4880,4780,9660
238,4880,4780,9660
238,4880,4780,9660
238,4880,4779,9659
238,4880,4779,9659
238,4880,4779,9659
238,4880,4780,9660
238,4880,4780,9660
238,4880,4780,9660
238,4881,4780,9661
238,4881,4780,9661
238,4881,4780,9661
238,4881,4781,9662
238,4881,4781,9662
238,4881,4781,9662
238,4882,4781,9663
238,4882,4780,9662
238,4882,4780,9662
238,4882,4781,9663
238,4882,4781,9663
238,4882,4782,9664
238,4882,4782,9664
238,4882,4782,9664
238,4883,4782,9665
238,4883,4782,9665
238,4883,4783,9666
238,4883,4783,9666
238,4884,4783,9667
238,4884,4783,9667
238,4885,4783,9668
238,4885,4783,9668
238,4885,4784,9669
238,4885,4784,9669
238,4885,4785,9670
238,4885,4785,9670
238,4885,4785,9670
238,4886,4785,9671
238,4886,4785,9671
238,4887,4785,9672
238,4887,4785,9672
238,4887,4785,9672
238,4887,4785,9672
238,4888,4785,9673
238,4888,4785,9673
238,4888,4786,9674
238,4888,4786,9674
238,4888,4787,9675
238,4887,4787,9674
238,4887,4787,9674
238,4887,4788,9675
238,4887,4788,9675
238,4887,4788,9675
238,4887,4787,9674
238,4887,4787,9674
238,4887,4786,9673
238,4887,4786,9673
238,4887,4787,9674
238,4887,4787,9674
238,4888,4787,9675
238,4888,4787,9675
238,4889,4787,9676
238,4889,4787,9676
238,4889,4787,9676
238,4889,4788,9677
238,4889,4788,9677
238,4890,4788,9678
238,4890,4788,9678
238,4890,4788,9678
238,4891,4788,9679
238,4891,4788,9679
238,4891,4788,9679
238,4892,4788,9680
238,4892,4787,9679
238,4892,4787,9679
238,4893,4787,9680
238,4893,4787,9680
238,4893,4787,9680
238,4894,4787,9681
238,4893,4787,9680
238,4893,4787,9680
238,4894,4787,9681
238,4894,4787,9681
238,4894,4787,9681
238,4893,4787,9680
238,4893,4787,9680
238,4894,4787,9681
238,4894,4787,9681
238,4894,4787,9681
238,4895,4787,9682
238,4895,4787,9682
238,4895,4788,9683
238,4895,4788,9683
238,4896,4788,9684
238,4896,4788,9684
238,4897,4788,9685
238,4897,4788,9685
238,4897,4789,9686
238,4897,4789,9686
238,4898,4789,9687
238,4898,4789,9687
238,4898,4790,9688
238,4898,4790,9688
238,4899,4790,9689
238,4899,4790,9689
238,4900,4790,9690
238,4900,4790,9690
238,4899,4790,9689
238,4898,4790,9688
238,4898,4790,9688
238,4898,4791,9689
238,4898,4791,9689
238,4899,4791,9690
238,4899,4791,9690
238,4899,4792,9691
238,4899,4792,9691
238,4900,4792,9692
238,4900,4792,9692
238,4899,4792,9691
238,4899,4792,9691
238,4900,4792,9692
238,4900,4792,9692
238,4899,4792,9691
238,4899,4792,9691
238,4899,4793,9692
238,4899,4793,9692
238,4899,4794,9693
238,4899,4794,9693
238,4900,4794,9694
238,4900,4794,9694
238,4900,4794,9694
238,4900,4794,9694
239,4900,4795,9695
239,4900,4795,9695
239,4900,4796,9696
239,4900,4796,9696
239,4900,4796,9696
239,4900,4797,9697
239,4900,4797,9697
239,4901,4797,9698
239,4901,4797,9698
239,4902,4797,9699
239,4902,4797,9699
239,4902,4798,9700
239,4901,4798,9699
239,4901,4798,9699
239,4902,4798,9700
239,4902,4797,9699
239,4902,4797,9699
239,4901,4797,9698
239,4901,4797,9698
239,4901,4797,9698
239,4901,4798,9699
239,4901,4798,9699
239,4902,4798,9700
239,4902,4798,9700
239,4902,4799,9701
239,4902,4799,9701
239,4902,4800,9702
239,4902,4800,9702
239,4902,4800,9702
239,4902,4800,9702
239,4901,4800,9701
239,4901,4800,9701
239,4901,4801,9702
239,4901,4801,9702
239,4901,4801,9702
239,4902,4801,9703
239,4902,4801,9703
239,4902,4801,9703
239,4902,4801,9703
239,4903,4801,9704
239,4903,4801,9704
239,4903,4802,9705
239,4903,4801,9704
239,4903,4800,9703
239,4903,4800,9703
239,4904,4800,9704
239,4904,4800,9704
239,4904,4800,9704
239,4904,4800,9704
239,4903,4800,9703
239,4903,4800,9703
239,4903,4800,9703
239,4904,4800,9704
239,4904,4800,9704
239,4904,4801,9705
239,4904,4801,9705
239,4903,4801,9704
239,4903,4801,9704
239,4903,4801,9704
239,4904,4801,9705
239,4904,4801,9705
239,4904,4802,9706
239,4904,4802,9706
239,4904,4802,9706
239,4905,4802,9707
239,4905,4802,9707
239,4905,4802,9707
239,4905,4802,9707
239,4906,4802,9708
239,4906,4802,9708
239,4906,4802,9708
239,4906,4801,9707
239,4906,4801,9707
239,4906,4802,9708
239,4906,4802,9708
239,4906,4802,9708
239,4906,4802,9708
239,4906,4803,9709
239,4906,4803,9709
239,4906,4804,9710
239,4905,4804,9709
239,4905,4804,9709
239,4905,4803,9708
239,4905,4803,9708
239,4906,4803,9709
239,4906,4803,9709
239,4906,4802,9708
239,4906,4802,9708
239,4907,4802,9709
239,4907,4802,9709
239,4908,4802,9710
239,4908,4802,9710
239,4908,4803,9711
239,4908,4803,9711
239,4908,4804,9712
239,4908,4804,9712
239,4909,4804,9713
239,4908,4804,9712
239,4908,4804,9712
239,4908,4804,9712
239,4909,4804,9713
239,4909,4804,9713
239,4909,4805,9714
239,4909,4805,9714
239,4909,4805,9714
239,4910,4805,9715
239,4910,4805,9715
239,4910,4806,9716
239,4910,4806,9716
239,4910,4807,9717
239,4910,4807,9717
239,4911,4807,9718
239,4911,4807,9718
239,4911,4808,9719
239,4911,4808,9719
239,4911,4808,9719
239,4911,4808,9719
239,4912,4808,9720
239,4912,4808,9720
239,4912,4809,9721
239,4912,4809,9721
239,4913,4809,9722
239,4913,4809,9722
239,4913,4809,9722
239,4913,4810,9723
239,4913,4810,9723
239,4913,4811,9724
239,4912,4811,9723
239,4912,4811,9723
239,4912,4811,9723
239,4913,4811,9724
239,4913,4811,9724
239,4913,4812,9725
239,4913,4812,9725
239,4913,4813,9726
239,4913,4813,9726
239,4913,4813,9726
239,4913,4814,9727
239,4913,4814,9727
239,4913,4813,9726
239,4913,4813,9726
239,4914,4813,9727
239,4914,4813,9727
239,4914,4812,9726
239,4914,4812,9726
239,4914,4812,9726
239,4914,4812,9726
239,4914,4813,9727
239,4914,4813,9727
239,4914,4813,9727
239,4915,4813,9728
239,4915,4813,9728
239,4915,4813,9728
239,4915,4813,9728
239,4916,4813,9729
239,4915,4813,9728
239,4915,4813,9728
239,4916,4813,9729
239,4916,4813,9729
239,4917,4813,9730
239,4917,4813,9730
239,4917,4813,9730
239,4918,4813,9731
239,4918,4813,9731
239,4919,4813,9732
239,4919,4813,9732
239,4920,4813,9733
239,4920,4813,9733
239,4920,4813,9733
239,4921,4813,9734
239,4921,4813,9734
239,4921,4813,9734
239,4922,4813,9735
239,4922,4813,9735
239,4923,4813,9736
239,4923,4813,9736
239,4924,4813,9737
239,4924,4813,9737
239,4925,4813,9738
239,4925,4813,9738
239,4926,4813,9739
239,4925,4813,9738
239,4925,4813,9738
239,4925,4814,9739
239,4925,4814,9739
239,4925,4815,9740
239,4925,4815,9740
239,4925,4816,9741
239,4925,4816,9741
239,4925,4817,9742
239,4925,4817,9742
239,4924,4817,9741
239,4924,4817,9741
239,4925,4817,9742
239,4925,4817,9742
239,4926,4817,9743
239,4926,4817,9743
239,4926,4816,9742
239,4926,4816,9742
239,4926,4816,9742
239,4926,4817,9743
239,4926,4817,9743
239,4927,4817,9744
239,4927,4817,9744
239,4928,4817,9745
239,4928,4817,9745
239,4929,4817,9746
239,4929,4817,9746
239,4929,4817,9746
239,4929,4818,9747
239,4929,4818,9747
239,4929,4819,9748
239,4929,4819,9748
239,4930,4819,9749
239,4930,4819,9749
239,4931,4819,9750
239,4931,4819,9750
239,4931,4820,9751
239,4931,4820,9751
239,4932,4820,9752
239,4932,4820,9752
239,4932,4821,9753
239,4932,4821,9753
239,4931,4821,9752
239,4931,4821,9752
239,4931,4821,9752
239,4932,4821,9753
239,4932,4821,9753
239,4932,4822,9754
239,4932,4822,9754
239,4933,4822,9755
239,4933,4822,9755
239,4934,4822,9756
239,4934,4822,9756
239,4935,4822,9757
239,4935,4822,9757
239,4936,4822,9758
239,4936,4821,9757
239,4935,4821,9756
239,4935,4821,9756
239,4935,4821,9756
239,4935,4822,9757
239,4934,4822,9756
239,4934,4822,9756
239,4934,4823,9757
239,4934,4822,9756
239,4934,4822,9756
239,4934,4823,9757
239,4934,4823,9757
239,4935,4823,9758
239,4935,4823,9758
239,4936,4823,9759
239,4936,4823,9759
239,4936,4823,9759
239,4937,4823,9760
239,4937,4823,9760
239,4937,4824,9761
239,4937,4824,9761
239,4937,4824,9761
239,4938,4824,9762
239,4938,4824,9762
239,4939,4824,9763
239,4939,4824,9763
239,4939,4825,9764
239,4939,4825,9764
239,4939,4825,9764
239,4939,4825,9764
239,4939,4826,9765
239,4939,4826,9765
239,4939,4825,9764
239,4939,4825,9764
239,4939,4824,9763
239,4939,4824,9763
239,4940,4824,9764
239,4940,4824,9764
239,4940,4825,9765
239,4940,4824,9764
239,4940,4824,9764
239,4940,4824,9764
239,4940,4825,9765
239,4940,4825,9765
239,4940,4825,9765
239,4940,4826,9766
239,4940,4826,9766
239,4941,4826,9767
239,4941,4826,9767
239,4941,4827,9768
239,4941,4827,9768
239,4941,4826,9767
239,4941,4826,9767
239,4941,4826,9767
239,4942,4826,9768
239,4942,4826,9768
239,4942,4825,9767
239,4942,4825,9767
239,4942,4826,9768
239,4941,4826,9767
239,4941,4826,9767
239,4941,4825,9766
239,4941,4825,9766
239,4941,4825,9766
239,4941,4825,9766
239,4941,4826,9767
239,4940,4826,9766
239,4940,4826,9766
239,4940,4826,9766
239,4940,4827,9767
239,4940,4827,9767
239,4941,4827,9768
239,4941,4827,9768
239,4942,4827,9769
239,4942,4827,9769
239,4943,4827,9770
239,4943,4826,9769
239,4943,4826,9769
239,4944,4826,9770
239,4944,4826,9770
239,4945,4826,9771
239,4944,4826,9770
239,4943,4826,9769
239,4943,4826,9769
239,4944,4826,9770
239,4944,4826,9770
239,4944,4827,9771
239,4944,4827,9771
239,4945,4827,9772
239,4945,4827,9772
239,4945,4827,9772
239,4944,4827,9771
239,4944,4827,9771
239,4944,4827,9771
239,4945,4827,9772
239,4945,4827,9772
239,4945,4827,9772
239,4944,4827,9771
239,4944,4827,9771
239,4945,4827,9772
239,4945,4827,9772
239,4945,4827,9772
239,4945,4828,9773
239,4945,4828,9773
239,4945,4829,9774
239,4945,4829,9774
239,4945,4829,9774
239,4946,4829,9775
239,4945,4829,9774
239,4945,4829,9774
239,4945,4829,9774
239,4946,4829,9775
239,4945,4829,9774
239,4944,4829,9773
239,4944,4829,9773
239,4944,4830,9774
239,4944,4830,9774
239,4945,4830,9775
239,4945,4830,9775
239,4945,4831,9776
239,4945,4831,9776
239,4945,4831,9776
239,4945,4831,9776
239,4945,4832,9777
239,4945,4832,9777
239,4945,4832,9777
239,4946,4832,9778
239,4946,4832,9778
239,4947,4832,9779
239,4947,4832,9779
239,4947,4832,9779
239,4948,4832,9780
239,4948,4831,9779
239,4948,4831,9779
239,4949,4831,9780
239,4949,4831,9780
239,4949,4831,9780
239,4949,4832,9781
239,4948,4832,9780
239,4948,4832,9780
239,4948,4832,9780
239,4948,4832,9780
239,4949,4832,9781
239,4949,4832,9781
239,4949,4833,9782
239,4949,4833,9782
239,4949,4834,9783
239,4949,4834,9783
239,4949,4835,9784
239,4949,4835,9784
239,4950,4835,9785
239,4950,4835,9785
239,4951,4835,9786
239,4951,4835,9786
239,4952,4835,9787
239,4952,4835,9787
239,4952,4836,9788
239,4952,4836,9788
239,4952,4837,9789
239,4952,4837,9789
239,4952,4837,9789
239,4952,4838,9790
239,4952,4838,9790
239,4953,4838,9791
239,4953,4838,9791
239,4954,4838,9792
239,4954,4837,9791
239,4954,4837,9791
239,4954,4838,9792
239,4954,4838,9792
239,4954,4838,9792
239,4955,4838,9793
239,4954,4838,9792
239,4953,4838,9791
239,4953,4837,9790
239,4953,4837,9790
239,4952,4837,9789
239,4952,4837,9789
239,4953,4837,9790
239,4953,4837,9790
239,4954,4837,9791
239,4954,4836,9790
239,4954,4836,9790
239,4955,4836,9791
239,4955,4836,9791
239,4955,4837,9792
239,4955,4837,9792
239,4955,4837,9792
239,4955,4837,9792
239,4956,4837,9793
239,4956,4837,9793
239,4956,4838,9794
239,4956,4838,9794
239,4957,4838,9795
239,4957,4838,9795
239,4957,4839,9796
239,4957,4839,9796
239,4957,4839,9796
239,4957,4839,9796
239,4957,4839,9796
239,4957,4839,9796
239,4957,4839,9796
239,4958,4839,9797
239,4958,4839,9797
239,4958,4840,9798
239,4958,4840,9798
239,4958,4841,9799
239,4958,4841,9799
239,4958,4841,9799
239,4958,4842,9800
239,4957,4842,9799
239,4957,4841,9798
239,4957,4841,9798
239,4958,4841,9799
239,4958,4841,9799
239,4958,4842,9800
239,4958,4842,9800
239,4959,4842,9801
239,4959,4842,9801
239,4960,4842,9802
239,4960,4842,9802
239,4961,4842,9803
239,4961,4842,9803
239,4961,4843,9804
239,4961,4843,9804
239,4961,4844,9805
239,4961,4844,9805
239,4961,4845,9806
239,4961,4845,9806
239,4961,4846,9807
239,4961,4846,9807
239,4961,4847,9808
239,4961,4847,9808
239,4962,4847,9809
239,4962,4846,9808
239,4962,4846,9808
239,4962,4846,9808
239,4963,4846,9809
239,4962,4846,9808
239,4962,4846,9808
239,4962,4847,9809
239,4962,4847,9809
239,4963,4847,9810
239,4963,4847,9810
239,4962,4847,9809
239,4962,4847,9809
239,4962,4848,9810
239,4962,4848,9810
239,4963,4848,9811
239,4963,4848,9811
239,4963,4849,9812
239,4963,4849,9812
239,4964,4849,9813
239,4964,4849,9813
239,4965,4849,9814
239,4965,4849,9814
239,4964,4849,9813
239,4964,4849,9813
239,4964,4850,9814
239,4964,4850,9814
239,4965,4850,9815
239,4965,4850,9815
239,4965,4850,9815
239,4965,4851,9816
239,4965,4851,9816
239,4965,4851,9816
239,4966,4851,9817
239,4966,4851,9817
239,4966,4852,9818
239,4966,4852,9818
239,4965,4852,9817
239,4965,4852,9817
239,4966,4852,9818
239,4966,4851,9817
239,4966,4851,9817
239,4967,4851,9818
239,4967,4851,9818
239,4968,4851,9819
239,4968,4851,9819
239,4968,4852,9820
239,4968,4852,9820
239,4969,4852,9821
239,4969,4852,9821
239,4970,4852,9822
239,4969,4852,9821
239,4969,4852,9821
239,4969,4852,9821
239,4969,4852,9821
239,4969,4852,9821
239,4970,4852,9822
239,4970,4852,9822
239,4970,4852,9822
239,4971,4852,9823
239,4971,4852,9823
239,4971,4852,9823
239,4971,4852,9823
239,4971,4852,9823
239,4971,4853,9824
239,4970,4853,9823
239,4970,4853,9823
239,4971,4853,9824
239,4971,4853,9824
239,4972,4853,9825
239,4972,4853,9825
239,4972,4853,9825
239,4972,4853,9825
239,4973,4853,9826
239,4973,4853,9826
239,4973,4854,9827
239,4973,4854,9827
239,4974,4854,9828
239,4974,4854,9828
239,4974,4855,9829
239,4974,4855,9829
239,4974,4855,9829
239,4975,4855,9830
239,4975,4854,9829
239,4975,4854,9829
239,4975,4854,9829
239,4975,4855,9830
239,4974,4855,9829
239,4974,4855,9829
239,4974,4854,9828
239,4974,4853,9827
239,4974,4853,9827
239,4974,4853,9827
239,4974,4853,9827
239,4974,4854,9828
239,4974,4854,9828
239,4974,4854,9828
239,4973,4854,9827
239,4973,4854,9827
239,4973,4854,9827
239,4973,4854,9827
239,4974,4854,9828
239,4974,4854,9828
239,4974,4854,9828
239,4974,4854,9828
239,4974,4854,9828
239,4974,4854,9828
239,4975,4854,9829
239,4975,4854,9829
239,4975,4854,9829
239,4975,4855,9830
239,4975,4855,9830
239,4975,4855,9830
239,4975,4856,9831
239,4975,4856,9831
239,4975,4857,9832
239,4975,4856,9831
239,4975,4856,9831
239,4976,4856,9832
239,4976,4856,9832
239,4976,4857,9833
239,4976,4856,9832
239,4976,4856,9832
239,4976,4855,9831
239,4976,4855,9831
239,4976,4856,9832
239,4976,4856,9832
239,4976,4857,9833
239,4975,4857,9832
239,4975,4857,9832
239,4975,4858,9833
239,4975,4858,9833
239,4975,4859,9834
239,4975,4859,9834
239,4975,4859,9834
239,4976,4859,9835
239,4976,4859,9835
239,4977,4859,9836
239,4977,4859,9836
239,4977,4859,9836
239,4977,4860,9837
239,4977,4860,9837
239,4977,4860,9837
239,4977,4861,9838
239,4977,4861,9838
239,4977,4861,9838
239,4978,4861,9839
239,4978,4861,9839
239,4979,4861,9840
239,4979,4861,9840
239,4979,4861,9840
239,4979,4861,9840
239,4979,4861,9840
239,4979,4861,9840
239,4980,4861,9841
239,4980,4861,9841
239,4980,4862,9842
239,4980,4862,9842
239,4980,4861,9841
239,4980,4861,9841
239,4980,4862,9842
239,4980,4862,9842
239,4980,4862,9842
239,4980,4862,9842
239,4980,4862,9842
239,4980,4862,9842
239,4980,4863,9843
239,4980,4862,9842
239,4980,4862,9842
239,4980,4863,9843
239,4980,4863,9843
239,4980,4864,9844
239,4980,4864,9844
239,4980,4865,9845
239,4980,4865,9845
239,4981,4865,9846
239,4981,4865,9846
239,4982,4865,9847
239,4982,4865,9847
239,4982,4866,9848
239,4982,4866,9848
239,4982,4867,9849
239,4982,4866,9848
239,4982,4866,9848
239,4982,4867,9849
239,4982,4867,9849
239,4982,4867,9849
239,4982,4868,9850
239,4982,4868,9850
239,4982,4868,9850
239,4983,4868,9851
239,4983,4868,9851
239,4984,4868,9852
239,4984,4867,9851
239,4984,4867,9851
239,4984,4868,9852
239,4984,4868,9852
239,4984,4869,9853
239,4984,4869,9853
239,4984,4870,9854
239,4984,4870,9854
239,4984,4870,9854
239,4984,4871,9855
239,4984,4871,9855
239,4985,4871,9856
239,4985,4871,9856
239,4985,4872,9857
239,4984,4872,9856
239,4984,4872,9856
239,4984,4873,9857
239,4984,4872,9856
239,4984,4872,9856
239,4984,4871,9855
239,4984,4871,9855
239,4984,4871,9855
239,4984,4871,9855
239,4984,4871,9855
239,4984,4871,9855
239,4984,4871,9855
239,4984,4871,9855
239,4985,4871,9856
239,4985,4871,9856
239,4985,4871,9856
239,4985,4872,9857
239,4985,4872,9857
239,4985,4873,9858
239,4984,4873,9857
239,4984,4872,9856
239,4984,4872,9856
239,4984,4873,9857
239,4984,4872,9856
239,4984,4871,9855
239,4984,4871,9855
239,4984,4871,9855
239,4985,4871,9856
239,4984,4871,9855
239,4984,4871,9855
239,4984,4871,9855
239,4984,4871,9855
239,4984,4872,9856
239,4983,4872,9855
239,4983,4872,9855
239,4983,4872,9855
239,4983,4872,9855
239,4984,4872,9856
239,4984,4871,9855
239,4983,4871,9854
239,4983,4871,9854
239,4983,4870,9853
239,4983,4870,9853
239,4983,4871,9854
239,4983,4871,9854
239,4983,4871,9854
239,4984,4871,9855
239,4984,4870,9854
239,4984,4870,9854
239,4984,4871,9855
239,4984,4871,9855
239,4984,4871,9855
239,4984,4872,9856
239,4983,4872,9855
239,4983,4872,9855
239,4983,4872,9855
239,4984,4872,9856
239,4984,4872,9856
239,4984,4873,9857
239,4984,4873,9857
239,4984,4874,9858
239,4984,4873,9857
239,4984,4873,9857
239,4985,4873,9858
239,4985,4873,9858
239,4985,4874,9859
239,4985,4873,9858
239,4985,4873,9858
239,4986,4873,9859
239,4986,4873,9859
239,4986,4874,9860
239,4986,4874,9860
239,4986,4874,9860
239,4986,4875,9861
239,4986,4875,9861
239,4987,4875,9862
239,4987,4875,9862
239,4987,4875,9862
239,4987,4875,9862
239,4987,4875,9862
239,4987,4876,9863
239,4987,4876,9863
239,4987,4876,9863
239,4987,4876,9863
239,4988,4876,9864
239,4988,4876,9864
239,4989,4876,9865
239,4989,4875,9864
239,4989,4875,9864
239,4989,4876,9865
239,4989,4876,9865
239,4990,4876,9866
239,4990,4876,9866
239,4991,4876,9867
239,4990,4876,9866
239,4990,4876,9866
239,4990,4877,9867
239,4990,4877,9867
239,4990,4878,9868
239,4990,4878,9868
239,4990,4879,9869
239,4990,4879,9869
239,4990,4879,9869
239,4990,4880,9870
239,4989,4880,9869
239,4989,4880,9869
239,4989,4879,9868
239,4989,4878,9867
239,4989,4878,9867
239,4990,4878,9868
239,4990,4878,9868
239,4991,4878,9869
239,4991,4878,9869
239,4991,4877,9868
239,4991,4877,9868
239,4991,4878,9869
239,4991,4878,9869
239,4990,4878,9868
239,4990,4878,9868
239,4991,4878,9869
239,4991,4878,9869
239,4991,4878,9869
239,4991,4879,9870
239,4991,4879,9870
239,4992,4879,9871
239,4992,4879,9871
239,4992,4879,9871
239,4993,4879,9872
239,4993,4878,9871
239,4993,4878,9871
239,4993,4879,9872
239,4993,4879,9872
239,4994,4879,9873
239,4993,4879,9872
239,4993,4879,9872
239,4993,4880,9873
239,4993,4880,9873
239,4993,4880,9873
239,4994,4880,9874
239,4994,4880,9874
239,4993,4880,9873
239,4993,4880,9873
239,4993,4880,9873
239,4993,4880,9873
239,4993,4881,9874
239,4993,4881,9874
239,4994,4881,9875
239,4994,4881,9875
239,4994,4881,9875
239,4993,4881,9874
239,4993,4881,9874
239,4993,4881,9874
239,4994,4881,9875
239,4994,4881,9875
239,4994,4882,9876
239,4994,4882,9876
239,4995,4882,9877
239,4995,4882,9877
239,4995,4882,9877
239,4995,4882,9877
239,4995,4883,9878
239,4995,4883,9878
239,4996,4883,9879
239,4996,4883,9879
239,4996,4883,9879
239,4996,4883,9879
239,4996,4884,9880
239,4996,4884,9880
239,4996,4884,9880
239,4997,4884,9881
239,4997,4884,9881
239,4996,4884,9880
239,4996,4884,9880
239,4996,4884,9880
239,4995,4884,9879
239,4995,4884,9879
239,4995,4885,9880
239,4995,4885,9880
239,4995,4886,9881
239,4995,4886,9881
239,4995,4886,9881
239,4996,4886,9882
239,4996,4886,9882
239,4996,4887,9883
239,4996,4887,9883
239,4996,4888,9884
239,4996,4887,9883
239,4996,4887,9883
239,4996,4887,9883
239,4996,4887,9883
239,4997,4887,9884
239,4997,4887,9884
239,4997,4887,9884
239,4998,4887,9885
239,4998,4887,9885
239,4998,4888,9886
239,4998,4888,9886
239,4998,4889,9887
239,4998,4889,9887
239,4998,4890,9888
239,4998,4890,9888
239,4999,4890,9889
239,4999,4890,9889
239,4999,4889,9888
239,4999,4889,9888
239,4999,4890,9889
239,4999,4890,9889
239,4999,4890,9889
239,4999,4891,9890
239,4999,4891,9890
239,4999,4891,9890
239,4999,4891,9890
239,4999,4892,9891
239,4999,4892,9891
239,5000,4892,9892
239,5000,4892,9892
239,5000,4892,9892
239,5001,4892,9893
239,5001,4892,9893
239,5002,4892,9894
239,5002,4892,9894
239,5002,4892,9894
239,5002,4893,9895
239,5002,4893,9895
239,5003,4893,9896
239,5002,4893,9895
239,5001,4893,9894
239,5001,4893,9894
239,5002,4893,9895
239,5002,4893,9895
239,5002,4892,9894
239,5002,4892,9894
239,5002,4892,9894
239,5002,4893,9895
239,5001,4893,9894
239,5001,4893,9894
239,5002,4893,9895
239,5002,4893,9895
239,5003,4893,9896
239,5003,4893,9896
239,5003,4893,9896
239,5003,4894,9897
239,5003,4894,9897
239,5003,4895,9898
239,5003,4895,9898
239,5004,4895,9899
239,5004,4895,9899
239,5004,4895,9899
239,5004,4895,9899
239,5004,4895,9899
239,5005,4895,9900
239,5005,4895,9900
239,5005,4896,9901
239,5005,4895,9900
239,5005,4895,9900
239,5005,4896,9901
239,5005,4896,9901
239,5005,4895,9900
239,5005,4894,9899
239,5005,4894,9899
239,5005,4895,9900
239,5005,4895,9900
239,5005,4896,9901
239,5005,4896,9901
239,5005,4896,9901
239,5005,4897,9902
239,5004,4897,9901
239,5004,4897,9901
239,5004,4898,9902
239,5004,4898,9902
239,5004,4899,9903
239,5004,4899,9903
239,5004,4900,9904
239,5004,4899,9903
239,5004,4899,9903
239,5004,4900,9904
239,5004,4900,9904
239,5005,4900,9905
239,5005,4900,9905
239,5005,4900,9905
239,5005,4901,9906
239,5005,4901,9906
239,5005,4900,9905
239,5005,4900,9905
239,5005,4900,9905
239,5005,4900,9905
239,5005,4901,9906
239,5005,4901,9906
239,5005,4901,9906
239,5006,4901,9907
239,5006,4900,9906
239,5006,4900,9906
239,5007,4900,9907
239,5007,4900,9907
239,5006,4900,9906
239,5005,4900,9905
239,5005,4900,9905
239,5006,4900,9906
239,5006,4900,9906
239,5006,4901,9907
239,5006,4900,9906
239,5006,4900,9906
239,5007,4900,9907
239,5007,4900,9907
239,5007,4901,9908
239,5007,4901,9908
239,5007,4902,9909
239,5007,4902,9909
239,5008,4902,9910
239,5008,4902,9910
239,5009,4902,9911
239,5009,4901,9910
239,5009,4901,9910
239,5009,4902,9911
239,5008,4902,9910
239,5008,4902,9910
239,5008,4903,9911
239,5008,4903,9911
239,5008,4904,9912
239,5008,4904,9912
239,5009,4904,9913
239,5009,4904,9913
239,5009,4904,9913
239,5009,4904,9913
239,5009,4903,9912
239,5009,4903,9912
239,5010,4903,9913
239,5009,4903,9912
239,5009,4903,9912
239,5008,4903,9911
239,5008,4903,9911
239,5008,4902,9910
239,5008,4902,9910
239,5009,4902,9911
239,5009,4902,9911
239,5010,4902,9912
239,5010,4902,9912
239,5010,4902,9912
239,5010,4903,9913
239,5010,4903,9913
239,5010,4903,9913
239,5010,4903,9913
239,5010,4903,9913
239,5011,4903,9914
239,5011,4902,9913
239,5010,4902,9912
239,5010,4902,9912
239,5010,4903,9913
239,5010,4903,9913
239,5010,4902,9912
239,5010,4902,9912
239,5010,4903,9913
239,5010,4903,9913
239,5010,4904,9914
239,5010,4904,9914
239,5010,4904,9914
239,5010,4905,9915
239,5010,4904,9914
239,5010,4904,9914
239,5011,4904,9915
239,5011,4903,9914
239,5011,4903,9914
239,5011,4904,9915
239,5011,4904,9915
239,5012,4904,9916
239,5012,4904,9916
239,5013,4904,9917
239,5012,4904,9916
239,5012,4904,9916
239,5012,4905,9917
239,5012,4905,9917
239,5013,4905,9918
239,5012,4905,9917
239,5012,4905,9917
239,5013,4905,9918
239,5013,4905,9918
239,5014,4905,9919
239,5014,4905,9919
239,5014,4905,9919
239,5014,4905,9919
239,5014,4906,9920
239,5013,4906,9919
239,5013,4905,9918
239,5013,4905,9918
239,5014,4905,9919
239,5014,4905,9919
239,5014,4906,9920
239,5014,4906,9920
239,5014,4907,9921
239,5014,4907,9921
239,5014,4908,9922
239,5014,4908,9922
239,5014,4908,9922
239,5014,4909,9923
239,5014,4909,9923
239,5014,4910,9924
239,5014,4910,9924
239,5014,4910,9924
239,5015,4910,9925
239,5015,4910,9925
239,5015,4911,9926
239,5015,4911,9926
239,5015,4911,9926
239,5015,4911,9926
239,5015,4912,9927
239,5015,4912,9927
239,5015,4912,9927
239,5016,4912,9928
239,5016,4912,9928
239,5015,4912,9927
239,5015,4912,9927
239,5015,4913,9928
239,5015,4913,9928
239,5014,4913,9927
239,5014,4913,9927
239,5014,4914,9928
239,5014,4914,9928
239,5014,4915,9929
239,5014,4914,9928
239,5014,4913,9927
239,5014,4913,9927
239,5015,4913,9928
239,5015,4913,9928
239,5015,4913,9928
239,5015,4912,9927
239,5015,4912,9927
239,5016,4912,9928
239,5016,4912,9928
239,5016,4912,9928
239,5016,4913,9929
239,5015,4913,9928
239,5015,4913,9928
239,5016,4913,9929
239,5016,4913,9929
239,5016,4914,9930
239,5016,4914,9930
239,5016,4914,9930
239,5017,4914,9931
239,5017,4913,9930
239,5016,4913,9929
239,5016,4913,9929
239,5016,4914,9930
239,5016,4913,9929
239,5016,4913,9929
239,5016,4913,9929
239,5016,4913,9929
239,5017,4913,9930
239,5017,4913,9930
239,5018,4913,9931
239,5018,4913,9931
239,5018,4913,9931
239,5019,4913,9932
239,5019,4913,9932
239,5020,4913,9933
239,5020,4913,9933
239,5020,4914,9934
239,5020,4914,9934
239,5021,4914,9935
239,5021,4913,9934
239,5021,4913,9934
239,5022,4913,9935
239,5021,4913,9934
239,5021,4913,9934
239,5022,4913,9935
239,5022,4913,9935
239,5023,4913,9936
239,5023,4913,9936
239,5023,4914,9937
239,5023,4914,9937
239,5023,4914,9937
239,5023,4914,9937
239,5024,4914,9938
239,5024,4914,9938
239,5023,4914,9937
239,5023,4914,9937
239,5023,4915,9938
239,5023,4915,9938
239,5024,4915,9939
239,5024,4915,9939
239,5024,4915,9939
239,5023,4915,9938
239,5023,4915,9938
239,5023,4915,9938
239,5023,4915,9938
239,5024,4915,9939
239,5024,4915,9939
239,5025,4915,9940
239,5025,4915,9940
239,5024,4915,9939
239,5023,4915,9938
239,5023,4915,9938
239,5024,4915,9939
239,5023,4915,9938
239,5023,4915,9938
239,5023,4915,9938
239,5023,4915,9938
239,5024,4915,9939
239,5024,4915,9939
239,5024,4916,9940
239,5023,4916,9939
239,5023,4916,9939
239,5024,4916,9940
239,5024,4916,9940
239,5024,4916,9940
239,5024,4916,9940
239,5025,4916,9941
239,5025,4916,9941
239,5026,4916,9942
239,5026,4916,9942
239,5026,4916,9942
239,5026,4915,9941
239,5026,4915,9941
239,5026,4916,9942
239,5026,4916,9942
239,5027,4916,9943
239,5027,4916,9943
239,5027,4916,9943
239,5027,4916,9943
239,5026,4916,9942
239,5026,4916,9942
239,5027,4916,9943
239,5027,4916,9943
239,5027,4917,9944
239,5027,4917,9944
239,5027,4917,9944
239,5027,4918,9945
239,5027,4918,9945
239,5027,4918,9945
239,5027,4919,9946
239,5027,4919,9946
239,5027,4920,9947
239,5027,4920,9947
239,5027,4920,9947
239,5027,4921,9948
239,5027,4921,9948
239,5027,4921,9948
239,5027,4922,9949
239,5027,4922,9949
240,5026,4922,9948
240,5026,4922,9948
240,5026,4923,9949
240,5026,4923,9949
240,5026,4924,9950
240,5026,4923,9949
240,5026,4923,9949
240,5026,4923,9949
240,5027,4923,9950
240,5027,4923,9950
240,5027,4924,9951
240,5027,4924,9951
240,5027,4925,9952
240,5027,4925,9952
240,5028,4925,9953
240,5028,4925,9953
240,5028,4925,9953
240,5028,4924,9952
240,5028,4924,9952
240,5028,4924,9952
240,5028,4925,9953
240,5028,4925,9953
240,5028,4925,9953
240,5028,4926,9954
240,5027,4926,9953
240,5027,4926,9953
240,5028,4926,9954
240,5028,4926,9954
240,5028,4926,9954
240,5028,4927,9955
240,5028,4927,9955
240,5028,4927,9955
240,5028,4927,9955
240,5029,4927,9956
240,5029,4927,9956
240,5029,4927,9956
240,5030,4927,9957
240,5030,4927,9957
240,5031,4927,9958
240,5031,4926,9957
240,5031,4926,9957
240,5031,4927,9958
240,5030,4927,9957
240,5030,4926,9956
240,5030,4926,9956
240,5031,4926,9957
240,5031,4926,9957
240,5031,4926,9957
240,5030,4926,9956
240,5030,4926,9956
240,5030,4926,9956
240,5030,4926,9956
240,5030,4927,9957
240,5030,4927,9957
240,5031,4927,9958
240,5031,4927,9958
240,5030,4927,9957
240,5029,4927,9956
240,5029,4927,9956
240,5029,4926,9955
240,5029,4926,9955
240,5029,4926,9955
240,5030,4926,9956
240,5030,4926,9956
240,5030,4927,9957
240,5029,4927,9956
240,5029,4927,9956
240,5030,4927,9957
240,5030,4927,9957
240,5030,4927,9957
240,5030,4927,9957
240,5031,4927,9958
240,5031,4927,9958
240,5032,4927,9959
240,5032,4927,9959
240,5032,4927,9959
240,5033,4927,9960
240,5033,4927,9960
240,5033,4927,9960
240,5033,4927,9960
240,5033,4927,9960
240,5033,4927,9960
240,5033,4927,9960
240,5033,4927,9960
240,5033,4927,9960
240,5034,4927,9961
240,5034,4926,9960
240,5033,4926,9959
240,5033,4926,9959
240,5033,4927,9960
240,5033,4927,9960
240,5033,4928,9961
240,5032,4928,9960
240,5032,4928,9960
240,5033,4928,9961
240,5033,4928,9961
240,5034,4928,9962
240,5034,4928,9962
240,5034,4928,9962
240,5034,4928,9962
240,5035,4928,9963
240,5035,4928,9963
240,5035,4929,9964
240,5035,4929,9964
240,5036,4929,9965
240,5036,4929,9965
240,5037,4929,9966
240,5037,4929,9966
240,5037,4929,9966
240,5038,4929,9967
240,5038,4928,9966
240,5038,4928,9966
240,5038,4929,9967
240,5038,4929,9967
240,5039,4929,9968
240,5039,4929,9968
240,5039,4929,9968
240,5039,4929,9968
240,5039,4929,9968
240,5039,4930,9969
240,5039,4930,9969
240,5040,4930,9970
240,5040,4930,9970
240,5040,4931,9971
240,5039,4931,9970
240,5039,4931,9970
240,5039,4930,9969
240,5039,4930,9969
240,5039,4931,9970
240,5039,4931,9970
240,5038,4931,9969
240,5038,4930,9968
240,5038,4929,9967
240,5037,4929,9966
240,5037,4928,9965
240,5036,4928,9964
240,5036,4928,9964
240,5037,4928,9965
240,5037,4928,9965
240,5037,4928,9965
240,5037,4928,9965
240,5037,4928,9965
240,5038,4928,9966
240,5038,4928,9966
240,5039,4928,9967
240,5039,4928,9967
240,5039,4929,9968
240,5039,4929,9968
240,5040,4929,9969
240,5039,4929,9968
240,5039,4929,9968
240,5039,4930,9969
240,5039,4930,9969
240,5039,4930,9969
240,5039,4930,9969
240,5039,4931,9970
240,5038,4931,9969
240,5038,4930,9968
240,5038,4930,9968
240,5038,4930,9968
240,5038,4931,9969
240,5038,4931,9969
240,5038,4931,9969
240,5038,4932,9970
240,5038,4932,9970
240,5038,4933,9971
240,5038,4932,9970
240,5038,4932,9970
240,5038,4932,9970
240,5038,4933,9971
240,5038,4933,9971
240,5038,4933,9971
240,5038,4934,9972
240,5038,4934,9972
240,5039,4934,9973
240,5039,4934,9973
240,5040,4934,9974
240,5040,4934,9974
240,5041,4934,9975
240,5041,4934,9975
240,5041,4935,9976
240,5041,4935,9976
240,5041,4935,9976
240,5041,4935,9976
240,5041,4935,9976
240,5041,4935,9976
240,5041,4936,9977
240,5041,4936,9977
240,5041,4936,9977
240,5042,4936,9978
240,5042,4936,9978
240,5043,4936,9979
240,5043,4936,9979
240,5044,4936,9980
240,5044,4935,9979
240,5044,4935,9979
240,5045,4935,9980
240,5045,4935,9980
240,5045,4936,9981
240,5044,4936,9980
240,5044,4936,9980
240,5044,4936,9980
240,5044,4936,9980
240,5045,4936,9981
240,5045,4936,9981
240,5046,4936,9982
240,5046,4936,9982
240,5046,4937,9983
240,5046,4937,9983
240,5046,4938,9984
240,5046,4938,9984
240,5047,4938,9985
240,5047,4938,9985
240,5047,4938,9985
240,5048,4938,9986
240,5048,4938,9986
240,5048,4938,9986
240,5048,4938,9986
240,5048,4938,9986
240,5049,4938,9987
240,5049,4938,9987
240,5049,4937,9986
240,5049,4937,9986
240,5049,4938,9987
240,5048,4938,9986
240,5048,4938,9986
240,5048,4938,9986
240,5049,4938,9987
240,5049,4938,9987
240,5049,4939,9988
240,5049,4939,9988
240,5049,4939,9988
240,5049,4939,9988
240,5050,4939,9989
240,5050,4939,9989
240,5050,4940,9990
240,5050,4940,9990
240,5051,4940,9991
240,5051,4940,9991
240,5051,4940,9991
240,5052,4940,9992
240,5052,4940,9992
240,5052,4940,9992
240,5052,4940,9992
240,5053,4940,9993
240,5053,4939,9992
240,5053,4939,9992
240,5054,4939,9993
240,5054,4939,9993
240,5055,4939,9994
240,5055,4939,9994
240,5055,4939,9994
240,5056,4939,9995
240,5056,4939,9995
240,5055,4939,9994
240,5055,4939,9994
240,5054,4939,9993
240,5054,4939,9993
240,5054,4939,9993
240,5055,4939,9994
240,5055,4939,9994
240,5056,4939,9995
240,5055,4939,9994
240,5054,4939,9993
240,5054,4939,9993
240,5054,4939,9993
240,5055,4939,9994
240,5055,4939,9994
240,5055,4940,9995
240,5055,4940,9995
240,5055,4941,9996
240,5055,4941,9996
240,5055,4941,9996
240,5056,4941,9997
240,5056,4941,9997
240,5056,4942,9998
240,5056,4942,9998
240,5057,4942,9999
240,5057,4942,9999
240,5057,4942,9999
240,5057,4943,10000
240,5057,4943,10000
240,5058,4943,10001
240,5058,4943,10001
240,5058,4943,10001
240,5058,4944,10002
240,5058,4944,10002
240,5058,4944,10002
240,5058,4945,10003
240,5058,4945,10003
240,5059,4945,10004
240,5059,4945,10004
240,5060,4945,10005
240,5060,4945,10005
240,5059,4945,10004
240,5059,4945,10004
240,5059,4946,10005
240,5058,4946,10004
240,5058,4946,10004
240,5059,4946,10005
240,5059,4946,10005
240,5060,4946,10006
240,5060,4946,10006
240,5060,4946,10006
240,5061,4946,10007
240,5061,4946,10007
240,5061,4946,10007
240,5062,4946,10008
240,5062,4946,10008
240,5063,4946,10009
240,5063,4945,10008
240,5063,4945,10008
240,5063,4946,10009
240,5063,4946,10009
240,5063,4947,10010
240,5063,4947,10010
240,5064,4947,10011
240,5063,4947,10010
240,5062,4947,10009
240,5062,4946,10008
240,5062,4945,10007
240,5062,4945,10007
240,5062,4945,10007
240,5063,4945,10008
240,5062,4945,10007
240,5062,4945,10007
240,5063,4945,10008
240,5063,4945,10008
240,5064,4945,10009
240,5063,4945,10008
240,5063,4945,10008
240,5063,4946,10009
240,5063,4946,10009
240,5064,4946,10010
240,5064,4946,10010
240,5065,4946,10011
240,5065,4946,10011
240,5065,4947,10012
240,5065,4947,10012
240,5066,4947,10013
240,5065,4947,10012
240,5065,4947,10012
240,5065,4947,10012
240,5065,4947,10012
240,5065,4948,10013
240,5065,4948,10013
240,5066,4948,10014
240,5066,4948,10014
240,5066,4949,10015
240,5066,4949,10015
240,5066,4950,10016
240,5065,4950,10015
240,5065,4950,10015
240,5065,4950,10015
240,5065,4949,10014
240,5065,4949,10014
240,5065,4950,10015
240,5065,4950,10015
240,5065,4950,10015
240,5065,4951,10016
240,5065,4951,10016
240,5065,4951,10016
240,5065,4952,10017
240,5065,4952,10017
240,5065,4953,10018
240,5065,4953,10018
240,5065,4954,10019
240,5065,4954,10019
240,5065,4954,10019
240,5065,4954,10019
240,5066,4954,10020
240,5066,4954,10020
240,5067,4954,10021
240,5067,4954,10021
240,5067,4954,10021
240,5067,4955,10022
240,5067,4955,10022
240,5067,4955,10022
240,5067,4955,10022
240,5067,4954,10021
240,5067,4954,10021
240,5068,4954,10022
240,5068,4954,10022
240,5068,4955,10023
240,5068,4955,10023
240,5068,4954,10022
240,5068,4954,10022
240,5068,4954,10022
240,5068,4955,10023
240,5068,4955,10023
240,5069,4955,10024
240,5069,4955,10024
240,5070,4955,10025
240,5070,4955,10025
240,5070,4956,10026
240,5070,4956,10026
240,5070,4956,10026
240,5071,4956,10027
240,5071,4956,10027
240,5071,4955,10026
240,5071,4955,10026
240,5071,4956,10027
240,5071,4956,10027
240,5071,4956,10027
240,5071,4956,10027
240,5072,4956,10028
240,5072,4956,10028
240,5072,4957,10029
240,5072,4957,10029
240,5071,4957,10028
240,5071,4957,10028
240,5071,4957,10028
240,5072,4957,10029
240,5072,4957,10029
240,5072,4958,10030
240,5072,4957,10029
240,5072,4956,10028
240,5072,4956,10028
240,5073,4956,10029
240,5073,4956,10029
240,5073,4956,10029
240,5074,4956,10030
240,5074,4956,10030
240,5074,4957,10031
240,5074,4957,10031
240,5075,4957,10032
240,5075,4957,10032
240,5076,4957,10033
240,5076,4957,10033
240,5076,4958,10034
240,5076,4958,10034
240,5076,4959,10035
240,5076,4959,10035
240,5077,4959,10036
240,5077,4959,10036
240,5077,4960,10037
240,5077,4960,10037
240,5077,4961,10038
240,5077,4961,10038
240,5077,4961,10038
240,5077,4962,10039
240,5077,4962,10039
240,5077,4963,10040
240,5077,4963,10040
240,5077,4963,10040
240,5077,4963,10040
240,5077,4964,10041
240,5077,4964,10041
240,5077,4965,10042
240,5077,4965,10042
240,5077,4965,10042
240,5077,4965,10042
240,5077,4965,10042
240,5077,4965,10042
240,5077,4966,10043
240,5077,4966,10043
240,5077,4967,10044
240,5077,4967,10044
240,5078,4967,10045
240,5077,4967,10044
240,5077,4967,10044
240,5077,4967,10044
240,5077,4968,10045
240,5076,4968,10044
240,5076,4968,10044
240,5077,4968,10045
240,5077,4968,10045
240,5078,4968,10046
240,5078,4968,10046
240,5078,4968,10046
240,5079,4968,10047
240,5079,4968,10047
240,5079,4967,10046
240,5079,4967,10046
240,5080,4967,10047
240,5080,4967,10047
240,5081,4967,10048
240,5081,4967,10048
240,5082,4967,10049
240,5082,4967,10049
240,5082,4967,10049
240,5082,4967,10049
240,5082,4968,10050
240,5082,4968,10050
240,5082,4969,10051
240,5081,4969,10050
240,5081,4969,10050
240,5082,4969,10051
240,5082,4968,10050
240,5082,4968,10050
240,5083,4968,10051
240,5082,4968,10050
240,5081,4968,10049
240,5081,4968,10049
240,5081,4968,10049
240,5081,4967,10048
240,5081,4967,10048
240,5080,4967,10047
240,5080,4967,10047
240,5081,4967,10048
240,5081,4967,10048
240,5081,4967,10048
240,5081,4968,10049
240,5081,4968,10049
240,5081,4968,10049
240,5081,4968,10049
240,5082,4968,10050
240,5082,4968,10050
240,5083,4968,10051
240,5083,4968,10051
240,5083,4969,10052
240,5083,4969,10052
240,5084,4969,10053
240,5084,4969,10053
240,5084,4970,10054
240,5084,4970,10054
240,5085,4970,10055
240,5085,4970,10055
240,5085,4970,10055
240,5085,4971,10056
240,5085,4971,10056
240,5085,4971,10056
240,5085,4972,10057
240,5085,4972,10057
240,5086,4972,10058
240,5086,4972,10058
240,5087,4972,10059
240,5087,4972,10059
240,5087,4973,10060
240,5086,4973,10059
240,5086,4972,10058
240,5086,4972,10058
240,5087,4972,10059
240,5086,4972,10058
240,5086,4972,10058
240,5086,4973,10059
240,5086,4973,10059
240,5086,4973,10059
240,5086,4973,10059
240,5086,4974,10060
240,5086,4974,10060
240,5087,4974,10061
240,5087,4974,10061
240,5087,4975,10062
240,5087,4975,10062
240,5087,4975,10062
240,5086,4975,10061
240,5086,4975,10061
240,5086,4976,10062
240,5086,4975,10061
240,5086,4975,10061
240,5087,4975,10062
240,5087,4975,10062
240,5088,4975,10063
240,5088,4975,10063
240,5088,4976,10064
240,5088,4976,10064
240,5088,4976,10064
240,5088,4975,10063
240,5088,4975,10063
240,5088,4975,10063
240,5088,4976,10064
240,5088,4976,10064
240,5088,4976,10064
240,5088,4975,10063
240,5088,4975,10063
240,5088,4976,10064
240,5088,4976,10064
240,5088,4976,10064
240,5088,4976,10064
240,5088,4976,10064
240,5088,4977,10065
240,5088,4977,10065
240,5088,4978,10066
240,5088,4978,10066
240,5088,4979,10067
240,5088,4979,10067
240,5089,4979,10068
240,5089,4979,10068
240,5090,4979,10069
240,5090,4979,10069
240,5091,4979,10070
240,5091,4979,10070
240,5092,4979,10071
240,5092,4978,10070
240,5092,4978,10070
240,5091,4978,10069
240,5091,4978,10069
240,5091,4979,10070
240,5091,4979,10070
240,5092,4979,10071
240,5092,4979,10071
240,5092,4980,10072
240,5092,4980,10072
240,5092,4981,10073
240,5091,4981,10072
240,5091,4980,10071
240,5091,4980,10071
240,5091,4980,10071
240,5092,4980,10072
240,5092,4980,10072
240,5093,4980,10073
240,5093,4980,10073
240,5094,4980,10074
240,5094,4980,10074
240,5094,4980,10074
240,5094,4980,10074
240,5094,4981,10075
240,5094,4981,10075
240,5094,4981,10075
240,5095,4981,10076
240,5095,4981,10076
240,5096,4981,10077
240,5096,4981,10077
240,5096,4981,10077
240,5096,4982,10078
240,5096,4981,10077
240,5096,4981,10077
240,5097,4981,10078
240,5097,4981,10078
240,5097,4982,10079
240,5097,4982,10079
240,5097,4983,10080
240,5097,4983,10080
240,5097,4983,10080
240,5098,4983,10081
240,5098,4983,10081
240,5098,4984,10082
240,5098,4984,10082
240,5098,4984,10082
240,5099,4984,10083
240,5099,4983,10082
240,5098,4983,10081
240,5098,4983,10081
240,5098,4983,10081
240,5098,4984,10082
240,5098,4983,10081
240,5098,4983,10081
240,5098,4982,10080
240,5098,4982,10080
240,5099,4982,10081
240,5099,4982,10081
240,5099,4982,10081
240,5099,4982,10081
240,5099,4982,10081
240,5099,4983,10082
240,5098,4983,10081
240,5098,4983,10081
240,5099,4983,10082
240,5099,4983,10082
240,5099,4984,10083
240,5099,4984,10083
240,5099,4985,10084
240,5099,4984,10083
240,5099,4984,10083
240,5099,4985,10084
240,5099,4985,10084
240,5099,4986,10085
240,5099,4986,10085
240,5099,4987,10086
240,5099,4987,10086
240,5099,4987,10086
240,5099,4987,10086
240,5100,4987,10087
240,5100,4987,10087
240,5101,4987,10088
240,5101,4987,10088
240,5101,4987,10088
240,5101,4987,10088
240,5102,4987,10089
240,5102,4986,10088
240,5101,4986,10087
240,5101,4986,10087
240,5101,4987,10088
240,5101,4987,10088
240,5101,4987,10088
240,5101,4987,10088
240,5100,4987,10087
240,5100,4987,10087
240,5101,4987,10088
240,5101,4987,10088
240,5102,4987,10089
240,5102,4987,10089
240,5102,4988,10090
240,5102,4988,10090
240,5102,4988,10090
240,5102,4989,10091
240,5102,4989,10091
240,5103,4989,10092
240,5103,4989,10092
240,5104,4989,10093
240,5104,4989,10093
240,5105,4989,10094
240,5105,4989,10094
240,5105,4988,10093
240,5105,4988,10093
240,5105,4988,10093
240,5105,4989,10094
240,5105,4989,10094
240,5105,4989,10094
240,5106,4989,10095
240,5105,4989,10094
240,5105,4989,10094
240,5106,4989,10095
240,5105,4989,10094
240,5105,4989,10094
240,5105,4990,10095
240,5105,4990,10095
240,5105,4990,10095
240,5105,4990,10095
240,5105,4991,10096
240,5105,4991,10096
240,5106,4991,10097
240,5105,4991,10096
240,5105,4991,10096
240,5105,4991,10096
240,5104,4991,10095
240,5104,4991,10095
240,5104,4991,10095
240,5104,4991,10095
240,5104,4992,10096
240,5104,4992,10096
240,5104,4991,10095
240,5104,4991,10095
240,5105,4991,10096
240,5105,4991,10096
240,5105,4990,10095
240,5105,4990,10095
240,5105,4990,10095
240,5106,4990,10096
240,5106,4990,10096
240,5106,4991,10097
240,5106,4991,10097
240,5106,4991,10097
240,5106,4991,10097
240,5106,4991,10097
240,5106,4991,10097
240,5107,4991,10098
240,5107,4991,10098
240,5108,4991,10099
240,5108,4991,10099
240,5108,4992,10100
240,5108,4992,10100
240,5108,4993,10101
240,5108,4993,10101
240,5107,4993,10100
240,5107,4993,10100
240,5107,4994,10101
240,5107,4993,10100
240,5107,4992,10099
240,5107,4992,10099
240,5107,4992,10099
240,5107,4992,10099
240,5108,4992,10100
240,5108,4992,10100
240,5108,4992,10100
240,5108,4992,10100
240,5108,4993,10101
240,5108,4993,10101
240,5108,4993,10101
240,5108,4994,10102
240,5108,4994,10102
240,5108,4995,10103
240,5108,4995,10103
240,5108,4996,10104
240,5108,4996,10104
240,5108,4996,10104
240,5109,4996,10105
240,5109,4996,10105
240,5109,4996,10105
240,5109,4996,10105
240,5109,4997,10106
240,5109,4997,10106
240,5109,4997,10106
240,5109,4997,10106
240,5109,4997,10106
240,5109,4998,10107
240,5109,4998,10107
240,5109,4998,10107
240,5109,4998,10107
240,5109,4999,10108
240,5109,4999,10108
240,5110,4999,10109
240,5110,4999,10109
240,5111,4999,10110
240,5111,4999,10110
240,5112,4999,10111
240,5112,4998,10110
240,5112,4998,10110
240,5112,4999,10111
240,5112,4999,10111
240,5112,4999,10111
240,5112,4999,10111
240,5111,4999,10110
240,5111,4999,10110
240,5111,4999,10110
240,5112,4999,10111
240,5112,4999,10111
240,5112,4998,10110
240,5112,4998,10110
240,5113,4998,10111
240,5113,4998,10111
240,5113,4998,10111
240,5114,4998,10112
240,5114,4998,10112
240,5114,4998,10112
240,5115,4998,10113
240,5115,4998,10113
240,5115,4998,10113
240,5114,4998,10112
240,5113,4998,10111
240,5113,4998,10111
240,5114,4998,10112
240,5113,4998,10111
240,5113,4998,10111
240,5113,4999,10112
240,5113,4999,10112
240,5113,4999,10112
240,5113,4999,10112
240,5113,5000,10113
240,5113,5000,10113
240,5114,5000,10114
240,5114,5000,10114
240,5115,5000,10115
240,5115,5000,10115
240,5115,5000,10115
240,5115,5000,10115
240,5115,5001,10116
240,5115,5001,10116
240,5115,5002,10117
240,5115,5002,10117
240,5116,5002,10118
240,5116,5002,10118
240,5116,5003,10119
240,5116,5003,10119
240,5116,5004,10120
240,5116,5004,10120
240,5116,5004,10120
240,5116,5004,10120
240,5115,5004,10119
240,5115,5003,10118
240,5115,5003,10118
240,5115,5004,10119
240,5115,5004,10119
240,5116,5004,10120
240,5116,5004,10120
240,5116,5004,10120
240,5116,5003,10119
240,5116,5003,10119
240,5117,5003,10120
240,5116,5003,10119
240,5116,5003,10119
240,5116,5004,10120
240,5116,5004,10120
240,5117,5004,10121
240,5116,5004,10120
240,5115,5004,10119
240,5115,5004,10119
240,5115,5004,10119
240,5115,5004,10119
240,5116,5004,10120
240,5116,5004,10120
240,5116,5005,10121
240,5116,5004,10120
240,5116,5004,10120
240,5116,5004,10120
240,5117,5004,10121
240,5117,5004,10121
240,5117,5005,10122
240,5117,5005,10122
240,5117,5006,10123
240,5117,5005,10122
240,5117,5005,10122
240,5117,5006,10123
240,5117,5006,10123
240,5118,5006,10124
240,5118,5006,10124
240,5118,5007,10125
240,5118,5007,10125
240,5118,5008,10126
240,5118,5007,10125
240,5118,5007,10125
240,5118,5006,10124
240,5118,5006,10124
240,5118,5007,10125
240,5118,5007,10125
240,5119,5007,10126
240,5119,5007,10126
240,5119,5007,10126
240,5119,5008,10127
240,5119,5007,10126
240,5119,5007,10126
240,5119,5007,10126
240,5119,5008,10127
240,5119,5008,10127
240,5119,5009,10128
240,5119,5009,10128
240,5119,5009,10128
240,5119,5010,10129
240,5119,5010,10129
240,5119,5011,10130
240,5119,5011,10130
240,5119,5012,10131
240,5119,5012,10131
240,5120,5012,10132
240,5120,5012,10132
240,5120,5012,10132
240,5120,5013,10133
240,5120,5013,10133
240,5120,5014,10134
240,5120,5014,10134
240,5120,5014,10134
240,5121,5014,10135
240,5121,5013,10134
240,5121,5013,10134
240,5121,5014,10135
240,5120,5014,10134
240,5120,5014,10134
240,5120,5015,10135
240,5120,5014,10134
240,5120,5014,10134
240,5120,5014,10134
240,5121,5014,10135
240,5121,5014,10135
240,5122,5014,10136
240,5122,5014,10136
240,5123,5014,10137
240,5123,5014,10137
240,5124,5014,10138
240,5124,5014,10138
240,5124,5014,10138
240,5124,5015,10139
240,5124,5014,10138
240,5124,5014,10138
240,5124,5014,10138
240,5125,5014,10139
240,5125,5014,10139
240,5125,5015,10140
240,5125,5015,10140
240,5125,5015,10140
240,5125,5016,10141
240,5125,5016,10141
240,5125,5017,10142
240,5125,5017,10142
240,5125,5018,10143
240,5125,5018,10143
240,5125,5018,10143
240,5125,5018,10143
240,5126,5018,10144
240,5126,5018,10144
240,5126,5019,10145
240,5126,5019,10145
240,5126,5019,10145
240,5127,5019,10146
240,5127,5019,10146
240,5127,5020,10147
240,5127,5020,10147
240,5127,5020,10147
240,5127,5019,10146
240,5127,5019,10146
240,5128,5019,10147
240,5128,5019,10147
240,5128,5020,10148
240,5128,5020,10148
240,5128,5021,10149
240,5128,5021,10149
240,5128,5021,10149
240,5128,5022,10150
240,5128,5021,10149
240,5128,5021,10149
240,5128,5022,10150
240,5128,5022,10150
240,5129,5022,10151
240,5129,5021,10150
240,5129,5021,10150
240,5129,5021,10150
240,5129,5022,10151
240,5129,5022,10151
240,5129,5023,10152
240,5129,5023,10152
240,5129,5024,10153
240,5129,5024,10153
240,5130,5024,10154
240,5129,5024,10153
240,5129,5024,10153
240,5129,5025,10154
240,5128,5025,10153
240,5128,5025,10153
240,5129,5025,10154
240,5129,5025,10154
240,5129,5026,10155
240,5129,5026,10155
240,5129,5027,10156
240,5129,5027,10156
240,5129,5028,10157
240,5129,5027,10156
240,5129,5026,10155
240,5129,5026,10155
240,5130,5026,10156
240,5130,5026,10156
240,5130,5027,10157
240,5130,5027,10157
240,5131,5027,10158
240,5131,5027,10158
240,5131,5028,10159
240,5131,5028,10159
240,5131,5029,10160
240,5131,5029,10160
240,5132,5029,10161
240,5132,5028,10160
240,5131,5028,10159
240,5131,5028,10159
240,5132,5028,10160
240,5132,5028,10160
240,5132,5029,10161
240,5132,5029,10161
240,5133,5029,10162
240,5133,5029,10162
240,5133,5029,10162
240,5134,5029,10163
240,5134,5029,10163
240,5134,5030,10164
240,5134,5030,10164
240,5134,5030,10164
240,5134,5031,10165
240,5134,5030,10164
240,5134,5030,10164
240,5135,5030,10165
240,5135,5030,10165
240,5136,5030,10166
240,5136,5030,10166
240,5136,5031,10167
240,5136,5031,10167
240,5136,5032,10168
240,5136,5031,10167
240,5136,5031,10167
240,5136,5032,10168
240,5136,5032,10168
240,5136,5032,10168
240,5137,5032,10169
240,5137,5031,10168
240,5137,5031,10168
240,5136,5031,10167
240,5136,5031,10167
240,5137,5031,10168
240,5137,5030,10167
240,5137,5030,10167
240,5138,5030,10168
240,5138,5030,10168
240,5138,5030,10168
240,5139,5030,10169
240,5139,5030,10169
240,5140,5030,10170
240,5140,5030,10170
240,5141,5030,10171
240,5141,5030,10171
240,5142,5030,10172
240,5142,5030,10172
240,5142,5030,10172
240,5142,5031,10173
240,5142,5031,10173
240,5143,5031,10174
240,5143,5031,10174
240,5143,5032,10175
240,5142,5032,10174
240,5142,5032,10174
240,5142,5031,10173
240,5142,5031,10173
240,5143,5031,10174
240,5142,5031,10173
240,5142,5031,10173
240,5142,5032,10174
240,5142,5032,10174
240,5143,5032,10175
240,5142,5032,10174
240,5141,5032,10173
240,5141,5032,10173
240,5142,5032,10174
240,5142,5032,10174
240,5142,5033,10175
240,5142,5033,10175
240,5142,5034,10176
240,5142,5034,10176
240,5142,5035,10177
240,5142,5035,10177
240,5142,5036,10178
240,5142,5036,10178
240,5143,5036,10179
240,5143,5036,10179
240,5143,5035,10178
240,5142,5035,10177
240,5142,5035,10177
240,5142,5036,10178
240,5142,5036,10178
240,5143,5036,10179
240,5143,5036,10179
240,5143,5036,10179
240,5143,5036,10179
240,5143,5036,10179
240,5143,5037,10180
240,5143,5037,10180
240,5143,5037,10180
240,5144,5037,10181
240,5144,5037,10181
240,5144,5038,10182
240,5144,5038,10182
240,5144,5038,10182
240,5144,5038,10182
240,5145,5038,10183
240,5145,5038,10183
240,5145,5039,10184
240,5145,5039,10184
240,5146,5039,10185
240,5146,5039,10185
240,5146,5040,10186
240,5146,5040,10186
240,5146,5040,10186
240,5146,5041,10187
240,5146,5041,10187
240,5146,5042,10188
240,5146,5042,10188
240,5146,5041,10187
240,5146,5041,10187
240,5146,5041,10187
240,5146,5041,10187
240,5146,5042,10188
240,5146,5042,10188
240,5147,5042,10189
240,5147,5042,10189
240,5147,5043,10190
240,5147,5043,10190
240,5147,5042,10189
240,5147,5042,10189
240,5147,5041,10188
240,5147,5041,10188
240,5148,5041,10189
240,5148,5041,10189
240,5148,5042,10190
240,5148,5042,10190
240,5148,5042,10190
240,5149,5042,10191
240,5148,5042,10190
240,5148,5042,10190
240,5148,5043,10191
240,5148,5043,10191
240,5148,5043,10191
240,5149,5043,10192
240,5149,5043,10192
240,5149,5043,10192
240,5148,5043,10191
240,5147,5043,10190
240,5147,5043,10190
240,5147,5044,10191
240,5147,5044,10191
240,5147,5045,10192
240,5147,5044,10191
240,5147,5044,10191
240,5147,5043,10190
240,5147,5043,10190
240,5148,5043,10191
240,5148,5043,10191
240,5149,5043,10192
240,5149,5043,10192
240,5149,5043,10192
240,5149,5044,10193
240,5149,5044,10193
240,5150,5044,10194
240,5150,5043,10193
240,5150,5043,10193
240,5150,5044,10194
240,5150,5044,10194
240,5151,5044,10195
240,5151,5044,10195
240,5151,5044,10195
240,5151,5044,10195
240,5152,5044,10196
240,5152,5044,10196
240,5152,5044,10196
240,5152,5045,10197
240,5151,5045,10196
240,5151,5045,10196
240,5151,5045,10196
240,5152,5045,10197
240,5152,5045,10197
240,5152,5045,10197
240,5153,5045,10198
240,5153,5045,10198
240,5153,5046,10199
240,5153,5046,10199
240,5153,5047,10200
240,5153,5047,10200
240,5154,5047,10201
240,5154,5047,10201
240,5154,5048,10202
240,5154,5048,10202
240,5155,5048,10203
240,5155,5048,10203
240,5155,5049,10204
240,5155,5048,10203
240,5155,5047,10202
240,5154,5047,10201
240,5154,5047,10201
240,5155,5047,10202
240,5155,5047,10202
240,5155,5048,10203
240,5155,5048,10203
240,5155,5049,10204
240,5155,5049,10204
240,5155,5049,10204
240,5155,5049,10204
240,5155,5050,10205
240,5155,5050,10205
240,5156,5050,10206
240,5156,5049,10205
240,5156,5049,10205
240,5157,5049,10206
240,5157,5049,10206
240,5158,5049,10207
240,5157,5049,10206
240,5157,5049,10206
240,5157,5050,10207
240,5157,5050,10207
240,5157,5050,10207
240,5158,5050,10208
240,5158,5050,10208
240,5158,5051,10209
240,5158,5051,10209
240,5159,5051,10210
240,5159,5051,10210
240,5158,5051,10209
240,5158,5051,10209
240,5159,5051,10210
240,5159,5051,10210
240,5160,5051,10211
240,5160,5051,10211
240,5161,5051,10212
240,5161,5051,10212
240,5161,5051,10212
240,5162,5051,10213
240,5161,5051,10212
240,5161,5051,10212
240,5162,5051,10213
240,5162,5051,10213
240,5163,5051,10214
240,5163,5051,10214
240,5163,5051,10214
240,5164,5051,10215
240,5164,5051,10215
240,5164,5051,10215
240,5165,5051,10216
240,5165,5051,10216
240,5165,5052,10217
240,5165,5052,10217
240,5165,5052,10217
240,5165,5053,10218
240,5165,5053,10218
240,5165,5054,10219
240,5165,5054,10219
240,5165,5054,10219
240,5166,5054,10220
240,5166,5054,10220
240,5166,5055,10221
240,5166,5055,10221
240,5166,5056,10222
240,5165,5056,10221
240,5165,5056,10221
240,5165,5057,10222
240,5165,5057,10222
240,5166,5057,10223
240,5166,5057,10223
240,5166,5058,10224
240,5166,5058,10224
240,5166,5059,10225
240,5166,5059,10225
240,5166,5059,10225
240,5166,5060,10226
240,5166,5060,10226
240,5166,5060,10226
240,5166,5060,10226
240,5166,5059,10225
240,5166,5059,10225
240,5166,5059,10225
240,5166,5059,10225
240,5166,5060,10226
240,5166,5059,10225
240,5166,5059,10225
240,5167,5059,10226
240,5167,5059,10226
240,5167,5060,10227
240,5167,5060,10227
240,5168,5060,10228
240,5168,5060,10228
240,5168,5060,10228
240,5168,5061,10229
240,5168,5061,10229
240,5168,5060,10228
240,5168,5060,10228
240,5168,5060,10228
240,5168,5059,10227
240,5168,5059,10227
240,5168,5060,10228
240,5168,5060,10228
240,5168,5061,10229
240,5168,5061,10229
240,5168,5061,10229
240,5167,5061,10228
240,5167,5061,10228
240,5167,5062,10229
240,5167,5062,10229
240,5168,5062,10230
240,5168,5061,10229
240,5168,5061,10229
240,5168,5062,10230
240,5168,5062,10230
240,5169,5062,10231
240,5168,5062,10230
240,5168,5062,10230
240,5168,5063,10231
240,5168,5063,10231
240,5169,5063,10232
241,5169,5063,10232
241,5168,5063,10231
241,5168,5063,10231
241,5169,5063,10232
241,5168,5063,10231
241,5168,5063,10231
241,5169,5063,10232
241,5169,5063,10232
241,5169,5064,10233
241,5169,5064,10233
241,5169,5065,10234
241,5168,5065,10233
241,5168,5065,10233
241,5168,5065,10233
241,5168,5066,10234
241,5168,5066,10234
241,5168,5066,10234
241,5168,5065,10233
241,5168,5065,10233
241,5169,5065,10234
241,5169,5065,10234
241,5170,5065,10235
241,5170,5064,10234
241,5170,5064,10234
241,5170,5064,10234
241,5170,5065,10235
241,5169,5065,10234
241,5169,5065,10234
241,5170,5065,10235
241,5170,5064,10234
241,5170,5064,10234
241,5170,5064,10234
241,5170,5065,10235
241,5170,5065,10235
241,5171,5065,10236
241,5171,5065,10236
241,5171,5065,10236
241,5172,5065,10237
241,5172,5065,10237
241,5172,5066,10238
241,5172,5066,10238
241,5172,5066,10238
241,5172,5066,10238
241,5173,5066,10239
241,5173,5066,10239
241,5173,5067,10240
241,5172,5067,10239
241,5172,5067,10239
241,5172,5068,10240
241,5172,5068,10240
241,5172,5068,10240
241,5172,5068,10240
241,5172,5069,10241
241,5172,5069,10241
241,5172,5069,10241
241,5173,5069,10242
241,5173,5069,10242
241,5174,5069,10243
241,5174,5069,10243
241,5174,5069,10243
241,5174,5068,10242
241,5174,5068,10242
241,5173,5068,10241
241,5173,5068,10241
241,5173,5068,10241
241,5173,5068,10241
241,5173,5069,10242
241,5172,5069,10241
241,5172,5069,10241
241,5173,5069,10242
241,5173,5069,10242
241,5174,5069,10243
241,5174,5069,10243
241,5175,5069,10244
241,5175,5069,10244
241,5175,5069,10244
241,5175,5070,10245
241,5175,5070,10245
241,5175,5069,10244
241,5175,5069,10244
241,5175,5070,10245
241,5175,5070,10245
241,5175,5071,10246
241,5175,5070,10245
241,5175,5069,10244
241,5175,5069,10244
241,5175,5068,10243
241,5175,5068,10243
241,5175,5069,10244
241,5175,5069,10244
241,5175,5070,10245
241,5174,5070,10244
241,5174,5069,10243
241,5174,5069,10243
241,5175,5069,10244
241,5175,5069,10244
241,5176,5069,10245
241,5176,5069,10245
241,5177,5069,10246
241,5177,5068,10245
241,5177,5068,10245
241,5177,5068,10245
241,5178,5068,10246
241,5178,5068,10246
241,5179,5068,10247
241,5179,5068,10247
241,5179,5068,10247
241,5180,5068,10248
241,5180,5068,10248
241,5181,5068,10249
241,5181,5068,10249
241,5182,5068,10250
241,5182,5068,10250
241,5182,5069,10251
241,5182,5069,10251
241,5182,5069,10251
241,5183,5069,10252
241,5183,5069,10252
241,5183,5070,10253
241,5183,5070,10253
241,5183,5070,10253
241,5183,5071,10254
241,5182,5071,10253
241,5182,5071,10253
241,5182,5072,10254
241,5182,5071,10253
241,5182,5071,10253
241,5182,5072,10254
241,5182,5071,10253
241,5182,5071,10253
241,5182,5072,10254
241,5182,5072,10254
241,5183,5072,10255
241,5183,5072,10255
241,5183,5072,10255
241,5184,5072,10256
241,5184,5072,10256
241,5184,5073,10257
241,5184,5073,10257
241,5184,5074,10258
241,5184,5073,10257
241,5184,5073,10257
241,5185,5073,10258
241,5185,5073,10258
241,5186,5073,10259
241,5186,5073,10259
241,5186,5074,10260
241,5186,5074,10260
241,5187,5074,10261
241,5187,5074,10261
241,5187,5074,10261
241,5187,5075,10262
241,5187,5074,10261
241,5187,5074,10261
241,5188,5074,10262
241,5188,5073,10261
241,5188,5073,10261
241,5189,5073,10262
241,5189,5073,10262
241,5189,5073,10262
241,5189,5074,10263
241,5189,5074,10263
241,5190,5074,10264
241,5190,5074,10264
241,5191,5074,10265
241,5191,5074,10265
241,5191,5074,10265
241,5192,5074,10266
241,5192,5074,10266
241,5192,5075,10267
241,5192,5075,10267
241,5192,5076,10268
241,5191,5076,10267
241,5191,5076,10267
241,5191,5077,10268
241,5191,5077,10268
241,5191,5077,10268
241,5191,5078,10269
241,5191,5078,10269
241,5192,5078,10270
241,5192,5077,10269
241,5191,5077,10268
241,5191,5077,10268
241,5192,5077,10269
241,5192,5076,10268
241,5191,5076,10267
241,5191,5076,10267
241,5191,5077,10268
241,5191,5077,10268
241,5191,5078,10269
241,5191,5077,10268
241,5191,5077,10268
241,5191,5077,10268
241,5192,5077,10269
241,5192,5077,10269
241,5193,5077,10270
241,5193,5076,10269
241,5193,5076,10269
241,5193,5077,10270
241,5193,5077,10270
241,5192,5077,10269
241,5192,5077,10269
241,5192,5078,10270
241,5192,5078,10270
241,5193,5078,10271
241,5193,5078,10271
241,5194,5078,10272
241,5194,5078,10272
241,5195,5078,10273
241,5195,5078,10273
241,5195,5078,10273
241,5196,5078,10274
241,5196,5078,10274
241,5197,5078,10275
241,5197,5078,10275
241,5197,5079,10276
241,5197,5079,10276
241,5197,5079,10276
241,5197,5078,10275
241,5197,5078,10275
241,5197,5078,10275
241,5197,5078,10275
241,5198,5078,10276
241,5198,5078,10276
241,5199,5078,10277
241,5199,5077,10276
241,5198,5077,10275
241,5198,5077,10275
241,5198,5077,10275
241,5198,5077,10275
241,5198,5078,10276
241,5197,5078,10275
241,5197,5078,10275
241,5197,5079,10276
241,5197,5079,10276
241,5197,5080,10277
241,5197,5080,10277
241,5197,5080,10277
241,5198,5080,10278
241,5198,5080,10278
241,5198,5081,10279
241,5198,5080,10278
241,5198,5079,10277
241,5198,5079,10277
241,5198,5079,10277
241,5197,5079,10276
241,5197,5079,10276
241,5198,5079,10277
241,5198,5079,10277
241,5198,5079,10277
241,5198,5080,10278
241,5198,5080,10278
241,5198,5081,10279
241,5198,5080,10278
241,5198,5080,10278
241,5199,5080,10279
241,5199,5080,10279
241,5199,5080,10279
241,5199,5081,10280
241,5199,5080,10279
241,5199,5080,10279
241,5200,5080,10280
241,5200,5080,10280
241,5200,5080,10280
241,5201,5080,10281
241,5201,5080,10281
241,5202,5080,10282
241,5202,5080,10282
241,5202,5081,10283
241,5202,5081,10283
241,5202,5082,10284
241,5202,5082,10284
241,5202,5082,10284
241,5203,5082,10285
241,5203,5082,10285
241,5204,5082,10286
241,5204,5081,10285
241,5204,5081,10285
241,5204,5082,10286
241,5204,5082,10286
241,5204,5082,10286
241,5204,5083,10287
241,5203,5083,10286
241,5203,5083,10286
241,5203,5084,10287
241,5203,5083,10286
241,5203,5082,10285
241,5203,5082,10285
241,5203,5082,10285
241,5204,5082,10286
241,5204,5082,10286
241,5204,5082,10286
241,5205,5082,10287
241,5205,5082,10287
241,5205,5082,10287
241,5205,5082,10287
241,5206,5082,10288
241,5206,5082,10288
241,5206,5082,10288
241,5207,5082,10289
241,5207,5082,10289
241,5207,5083,10290
241,5207,5082,10289
241,5207,5082,10289
241,5207,5083,10290
241,5207,5083,10290
241,5208,5083,10291
241,5208,5083,10291
241,5209,5083,10292
241,5209,5083,10292
241,5209,5083,10292
241,5209,5083,10292
241,5210,5083,10293
241,5210,5082,10292
241,5210,5082,10292
241,5210,5083,10293
241,5210,5083,10293
241,5210,5084,10294
241,5210,5084,10294
241,5210,5084,10294
241,5210,5084,10294
241,5210,5084,10294
241,5210,5085,10295
241,5210,5085,10295
241,5209,5085,10294
241,5209,5085,10294
241,5209,5085,10294
241,5210,5085,10295
241,5210,5084,10294
241,5210,5084,10294
241,5211,5084,10295
241,5210,5084,10294
241,5210,5084,10294
241,5210,5084,10294
241,5211,5084,10295
241,5210,5084,10294
241,5210,5084,10294
241,5211,5084,10295
241,5211,5084,10295
241,5211,5085,10296
241,5210,5085,10295
241,5210,5085,10295
241,5210,5085,10295
241,5210,5086,10296
241,5210,5086,10296
241,5211,5086,10297
241,5211,5085,10296
241,5211,5085,10296
241,5212,5085,10297
241,5212,5085,10297
241,5211,5085,10296
241,5211,5085,10296
241,5212,5085,10297
241,5212,5085,10297
241,5211,5085,10296
241,5211,5085,10296
241,5211,5086,10297
241,5211,5086,10297
241,5212,5086,10298
241,5212,5086,10298
241,5213,5086,10299
241,5213,5086,10299
241,5214,5086,10300
241,5213,5086,10299
241,5213,5086,10299
241,5214,5086,10300
241,5214,5086,10300
241,5215,5086,10301
241,5215,5086,10301
241,5215,5087,10302
241,5215,5087,10302
241,5216,5087,10303
241,5216,5087,10303
241,5216,5088,10304
241,5215,5088,10303
241,5215,5088,10303
241,5215,5089,10304
241,5215,5089,10304
241,5215,5088,10303
241,5215,5087,10302
241,5215,5087,10302
241,5215,5088,10303
241,5215,5088,10303
241,5215,5088,10303
241,5215,5089,10304
241,5215,5089,10304
241,5215,5089,10304
241,5215,5090,10305
241,5215,5090,10305
241,5215,5091,10306
241,5214,5091,10305
241,5214,5091,10305
241,5215,5091,10306
241,5215,5091,10306
241,5215,5091,10306
241,5216,5091,10307
241,5216,5091,10307
241,5216,5092,10308
241,5216,5092,10308
241,5217,5092,10309
241,5217,5092,10309
241,5218,5092,10310
241,5218,5092,10310
241,5218,5092,10310
241,5218,5092,10310
241,5219,5092,10311
241,5219,5092,10311
241,5220,5092,10312
241,5220,5092,10312
241,5220,5093,10313
241,5220,5092,10312
241,5220,5091,10311
241,5220,5091,10311
241,5220,5092,10312
241,5220,5092,10312
241,5220,5093,10313
241,5220,5093,10313
241,5221,5093,10314
241,5221,5093,10314
241,5222,5093,10315
241,5222,5093,10315
241,5222,5093,10315
241,5222,5094,10316
241,5222,5094,10316
241,5222,5095,10317
241,5222,5095,10317
241,5222,5096,10318
241,5221,5096,10317
241,5221,5096,10317
241,5222,5096,10318
241,5222,5096,10318
241,5222,5095,10317
241,5222,5095,10317
241,5222,5095,10317
241,5223,5095,10318
241,5223,5095,10318
241,5222,5095,10317
241,5222,5095,10317
241,5222,5096,10318
241,5222,5096,10318
241,5223,5096,10319
241,5223,5096,10319
241,5223,5097,10320
241,5222,5097,10319
241,5222,5097,10319
241,5223,5097,10320
241,5223,5097,10320
241,5224,5097,10321
241,5224,5097,10321
241,5224,5098,10322
241,5224,5098,10322
241,5224,5098,10322
241,5224,5098,10322
241,5224,5098,10322
241,5224,5098,10322
241,5224,5098,10322
241,5224,5097,10321
241,5224,5097,10321
241,5224,5097,10321
241,5224,5097,10321
241,5224,5097,10321
241,5224,5097,10321
241,5224,5097,10321
241,5224,5098,10322
241,5224,5097,10321
241,5224,5096,10320
241,5223,5096,10319
241,5223,5096,10319
241,5223,5097,10320
241,5223,5097,10320
241,5224,5097,10321
241,5224,5097,10321
241,5224,5097,10321
241,5224,5097,10321
241,5225,5097,10322
241,5224,5097,10321
241,5224,5097,10321
241,5223,5097,10320
241,5223,5097,10320
241,5223,5098,10321
241,5223,5098,10321
241,5224,5098,10322
241,5223,5098,10321
241,5223,5098,10321
241,5224,5098,10322
241,5223,5098,10321
241,5223,5098,10321
241,5223,5098,10321
241,5223,5098,10321
241,5223,5099,10322
241,5223,5099,10322
241,5224,5099,10323
241,5224,5099,10323
241,5224,5100,10324
241,5224,5100,10324
241,5224,5100,10324
241,5224,5101,10325
241,5223,5101,10324
241,5223,5100,10323
241,5223,5100,10323
241,5223,5101,10324
241,5223,5100,10323
241,5223,5099,10322
241,5223,5099,10322
241,5224,5099,10323
241,5223,5099,10322
241,5222,5099,10321
241,5222,5099,10321
241,5222,5100,10322
241,5222,5100,10322
241,5222,5101,10323
241,5222,5101,10323
241,5222,5102,10324
241,5222,5102,10324
241,5223,5102,10325
241,5223,5102,10325
241,5224,5102,10326
241,5224,5102,10326
241,5225,5102,10327
241,5225,5102,10327
241,5225,5102,10327
241,5225,5102,10327
241,5226,5102,10328
241,5226,5102,10328
241,5227,5102,10329
241,5227,5102,10329
241,5227,5102,10329
241,5228,5102,10330
241,5228,5102,10330
241,5228,5103,10331
241,5228,5103,10331
241,5229,5103,10332
241,5229,5102,10331
241,5229,5102,10331
241,5229,5102,10331
241,5230,5102,10332
241,5230,5102,10332
241,5231,5102,10333
241,5231,5102,10333
241,5232,5102,10334
241,5232,5102,10334
241,5232,5102,10334
241,5233,5102,10335
241,5233,5102,10335
241,5233,5103,10336
241,5233,5103,10336
241,5233,5103,10336
241,5233,5104,10337
241,5233,5104,10337
241,5234,5104,10338
241,5234,5104,10338
241,5234,5105,10339
241,5234,5105,10339
241,5234,5106,10340
241,5233,5106,10339
241,5233,5106,10339
241,5233,5107,10340
241,5233,5107,10340
241,5233,5107,10340
241,5233,5108,10341
241,5233,5108,10341
241,5234,5108,10342
241,5234,5108,10342
241,5234,5108,10342
241,5234,5108,10342
241,5234,5108,10342
241,5235,5108,10343
241,5235,5108,10343
241,5236,5108,10344
241,5236,5108,10344
241,5236,5109,10345
241,5236,5109,10345
241,5237,5109,10346
241,5237,5109,10346
241,5237,5109,10346
241,5238,5109,10347
241,5238,5109,10347
241,5238,5110,10348
241,5238,5110,10348
241,5238,5111,10349
241,5238,5111,10349
241,5238,5112,10350
241,5238,5112,10350
241,5238,5113,10351
241,5238,5113,10351
241,5238,5114,10352
241,5238,5113,10351
241,5238,5113,10351
241,5238,5113,10351
241,5238,5113,10351
241,5239,5113,10352
241,5239,5112,10351
241,5239,5112,10351
241,5239,5113,10352
241,5239,5113,10352
241,5240,5113,10353
241,5240,5113,10353
241,5240,5113,10353
241,5240,5114,10354
241,5240,5114,10354
241,5240,5115,10355
241,5240,5115,10355
241,5240,5115,10355
241,5241,5115,10356
241,5240,5115,10355
241,5240,5115,10355
241,5240,5116,10356
241,5239,5116,10355
241,5239,5116,10355
241,5239,5117,10356
241,5239,5117,10356
241,5239,5117,10356
241,5239,5118,10357
241,5239,5118,10357
241,5240,5118,10358
241,5240,5118,10358
241,5240,5118,10358
241,5240,5117,10357
241,5240,5117,10357
241,5240,5118,10358
241,5240,5118,10358
241,5241,5118,10359
241,5241,5118,10359
241,5240,5118,10358
241,5240,5118,10358
241,5240,5118,10358
241,5240,5118,10358
241,5240,5118,10358
241,5240,5119,10359
241,5240,5119,10359
241,5241,5119,10360
241,5240,5119,10359
241,5240,5119,10359
241,5241,5119,10360
241,5241,5119,10360
241,5241,5120,10361
241,5241,5120,10361
241,5241,5121,10362
241,5241,5121,10362
241,5241,5121,10362
241,5242,5121,10363
241,5242,5121,10363
241,5243,5121,10364
241,5242,5121,10363
241,5242,5121,10363
241,5242,5121,10363
241,5242,5122,10364
241,5242,5122,10364
241,5243,5122,10365
241,5243,5122,10365
241,5243,5122,10365
241,5244,5122,10366
241,5244,5122,10366
241,5244,5122,10366
241,5245,5122,10367
241,5244,5122,10366
241,5244,5122,10366
241,5245,5122,10367
241,5245,5122,10367
241,5244,5122,10366
241,5244,5122,10366
241,5244,5122,10366
241,5245,5122,10367
241,5245,5122,10367
241,5245,5122,10367
241,5245,5123,10368
241,5244,5123,10367
241,5244,5123,10367
241,5244,5123,10367
241,5245,5123,10368
241,5245,5123,10368
241,5245,5124,10369
241,5245,5124,10369
241,5246,5124,10370
241,5246,5124,10370
241,5246,5125,10371
241,5246,5124,10370
241,5246,5124,10370
241,5246,5124,10370
241,5246,5124,10370
241,5247,5124,10371
241,5247,5124,10371
241,5247,5124,10371
241,5247,5125,10372
241,5247,5125,10372
241,5247,5125,10372
241,5247,5125,10372
241,5247,5126,10373
241,5247,5125,10372
241,5247,5125,10372
241,5247,5126,10373
241,5247,5126,10373
241,5248,5126,10374
241,5248,5125,10373
241,5248,5125,10373
241,5248,5126,10374
241,5248,5126,10374
241,5248,5126,10374
241,5249,5126,10375
241,5249,5126,10375
241,5249,5127,10376
241,5249,5127,10376
241,5250,5127,10377
241,5250,5127,10377
241,5250,5128,10378
241,5250,5128,10378
241,5250,5128,10378
241,5249,5128,10377
241,5249,5128,10377
241,5250,5128,10378
241,5250,5128,10378
241,5250,5128,10378
241,5250,5128,10378
241,5251,5128,10379
241,5251,5128,10379
241,5251,5128,10379
241,5251,5128,10379
241,5251,5128,10379
241,5252,5128,10380
241,5252,5128,10380
241,5252,5128,10380
241,5252,5129,10381
241,5252,5129,10381
241,5252,5129,10381
241,5252,5130,10382
241,5252,5130,10382
241,5252,5130,10382
241,5253,5130,10383
241,5253,5130,10383
241,5253,5131,10384
241,5253,5131,10384
241,5253,5131,10384
241,5254,5131,10385
241,5254,5131,10385
241,5254,5131,10385
241,5255,5131,10386
241,5255,5131,10386
241,5255,5131,10386
241,5255,5130,10385
241,5255,5130,10385
241,5256,5130,10386
241,5256,5130,10386
241,5257,5130,10387
241,5257,5130,10387
241,5258,5130,10388
241,5257,5130,10387
241,5257,5130,10387
241,5257,5130,10387
241,5258,5130,10388
241,5258,5130,10388
241,5258,5131,10389
241,5258,5131,10389
241,5258,5132,10390
241,5258,5132,10390
241,5259,5132,10391
241,5259,5132,10391
241,5259,5133,10392
241,5259,5133,10392
241,5259,5134,10393
241,5259,5134,10393
241,5259,5135,10394
241,5259,5135,10394
241,5259,5135,10394
241,5258,5135,10393
241,5258,5135,10393
241,5259,5135,10394
241,5259,5135,10394
241,5260,5135,10395
241,5260,5135,10395
241,5260,5135,10395
241,5260,5135,10395
241,5260,5135,10395
241,5261,5135,10396
241,5261,5135,10396
241,5261,5135,10396
241,5262,5135,10397
241,5262,5135,10397
241,5262,5136,10398
241,5262,5135,10397
241,5262,5135,10397
241,5262,5135,10397
241,5262,5136,10398
241,5262,5135,10397
241,5262,5135,10397
241,5262,5135,10397
241,5262,5136,10398
241,5262,5136,10398
241,5262,5136,10398
241,5262,5136,10398
241,5262,5137,10399
241,5262,5137,10399
241,5263,5137,10400
241,5263,5137,10400
241,5264,5137,10401
241,5264,5137,10401
241,5264,5136,10400
241,5264,5136,10400
241,5265,5136,10401
241,5265,5136,10401
241,5266,5136,10402
241,5266,5136,10402
241,5266,5136,10402
241,5266,5136,10402
241,5266,5137,10403
241,5266,5137,10403
241,5267,5137,10404
241,5266,5137,10403
241,5266,5137,10403
241,5266,5137,10403
241,5266,5137,10403
241,5266,5137,10403
241,5266,5138,10404
241,5266,5138,10404
241,5267,5138,10405
241,5267,5138,10405
241,5267,5138,10405
241,5268,5138,10406
241,5267,5138,10405
241,5266,5138,10404
241,5266,5138,10404
241,5265,5138,10403
241,5265,5138,10403
241,5265,5139,10404
241,5265,5139,10404
241,5266,5139,10405
241,5266,5139,10405
241,5266,5140,10406
241,5266,5140,10406
241,5266,5140,10406
241,5267,5140,10407
241,5267,5140,10407
241,5267,5141,10408
241,5267,5141,10408
241,5267,5142,10409
241,5267,5142,10409
241,5267,5142,10409
241,5268,5142,10410
241,5268,5141,10409
241,5267,5141,10408
241,5267,5141,10408
241,5267,5141,10408
241,5268,5141,10409
241,5268,5140,10408
241,5267,5140,10407
241,5267,5140,10407
241,5267,5141,10408
241,5267,5141,10408
241,5268,5141,10409
241,5268,5140,10408
241,5268,5140,10408
241,5268,5140,10408
241,5267,5140,10407
241,5267,5139,10406
241,5266,5139,10405
241,5266,5139,10405
241,5266,5138,10404
241,5265,5138,10403
241,5265,5138,10403
241,5265,5137,10402
241,5265,5137,10402
241,5265,5137,10402
241,5266,5137,10403
241,5266,5137,10403
241,5266,5137,10403
241,5267,5137,10404
241,5267,5137,10404
241,5267,5138,10405
241,5267,5138,10405
241,5267,5138,10405
241,5268,5138,10406
241,5268,5137,10405
241,5268,5137,10405
241,5268,5137,10405
241,5268,5138,10406
241,5267,5138,10405
241,5267,5138,10405
241,5267,5139,10406
241,5267,5138,10405
241,5267,5138,10405
241,5267,5139,10406
241,5267,5139,10406
241,5268,5139,10407
241,5268,5138,10406
241,5267,5138,10405
241,5267,5137,10404
241,5267,5137,10404
241,5267,5137,10404
241,5267,5138,10405
241,5267,5138,10405
241,5267,5138,10405
241,5267,5139,10406
241,5267,5139,10406
241,5267,5138,10405
241,5267,5138,10405
241,5267,5139,10406
241,5267,5139,10406
241,5268,5139,10407
241,5268,5139,10407
241,5269,5139,10408
241,5269,5138,10407
241,5268,5138,10406
241,5268,5138,10406
241,5268,5138,10406
241,5269,5138,10407
241,5269,5138,10407
241,5269,5138,10407
241,5269,5139,10408
241,5268,5139,10407
241,5268,5139,10407
241,5268,5140,10408
241,5268,5140,10408
241,5268,5140,10408
241,5269,5140,10409
241,5269,5140,10409
241,5269,5139,10408
241,5269,5139,10408
241,5270,5139,10409
241,5270,5139,10409
241,5271,5139,10410
241,5271,5139,10410
241,5271,5140,10411
241,5271,5140,10411
241,5271,5141,10412
241,5271,5141,10412
241,5272,5141,10413
241,5272,5141,10413
241,5272,5141,10413
241,5272,5141,10413
241,5272,5141,10413
241,5272,5141,10413
241,5272,5141,10413
241,5273,5141,10414
241,5273,5141,10414
241,5274,5141,10415
241,5274,5141,10415
241,5274,5141,10415
241,5274,5141,10415
241,5275,5141,10416
241,5275,5141,10416
241,5276,5141,10417
241,5276,5141,10417
241,5276,5142,10418
241,5276,5142,10418
241,5277,5142,10419
241,5276,5142,10418
241,5276,5142,10418
241,5277,5142,10419
241,5277,5142,10419
241,5277,5142,10419
241,5278,5142,10420
241,5277,5142,10419
241,5277,5142,10419
241,5277,5143,10420
241,5277,5143,10420
241,5277,5144,10421
241,5277,5144,10421
241,5276,5144,10420
241,5276,5144,10420
241,5276,5143,10419
241,5276,5143,10419
241,5276,5144,10420
241,5276,5144,10420
241,5276,5144,10420
241,5276,5145,10421
241,5276,5145,10421
241,5277,5145,10422
241,5277,5145,10422
241,5277,5146,10423
241,5277,5146,10423
241,5277,5146,10423
241,5277,5146,10423
241,5277,5145,10422
241,5277,5145,10422
241,5277,5146,10423
241,5277,5146,10423
241,5278,5146,10424
241,5278,5146,10424
241,5278,5147,10425
241,5278,5147,10425
241,5278,5147,10425
241,5279,5147,10426
241,5279,5147,10426
241,5280,5147,10427
241,5280,5147,10427
241,5280,5146,10426
241,5279,5146,10425
241,5279,5146,10425
241,5279,5147,10426
241,5279,5147,10426
241,5279,5148,10427
241,5279,5148,10427
241,5280,5148,10428
241,5279,5148,10427
241,5279,5148,10427
241,5280,5148,10428
241,5280,5148,10428
241,5281,5148,10429
241,5280,5148,10428
241,5280,5148,10428
241,5281,5148,10429
241,5280,5148,10428
241,5280,5148,10428
241,5280,5149,10429
241,5280,5149,10429
241,5281,5149,10430
241,5280,5149,10429
241,5280,5149,10429
241,5281,5149,10430
241,5281,5149,10430
241,5282,5149,10431
241,5282,5149,10431
241,5282,5149,10431
241,5283,5149,10432
241,5283,5149,10432
241,5283,5150,10433
241,5282,5150,10432
241,5282,5150,10432
241,5282,5151,10433
241,5282,5150,10432
241,5282,5150,10432
241,5282,5149,10431
241,5282,5149,10431
241,5283,5149,10432
241,5282,5149,10431
241,5282,5149,10431
241,5281,5149,10430
241,5281,5149,10430
241,5282,5149,10431
241,5282,5149,10431
241,5283,5149,10432
241,5283,5149,10432
241,5284,5149,10433
241,5283,5149,10432
241,5283,5149,10432
241,5283,5149,10432
241,5283,5149,10432
241,5283,5150,10433
241,5283,5150,10433
241,5282,5150,10432
241,5282,5150,10432
241,5282,5151,10433
241,5282,5151,10433
241,5282,5151,10433
241,5283,5151,10434
241,5283,5151,10434
241,5283,5152,10435
241,5283,5152,10435
241,5284,5152,10436
241,5284,5152,10436
241,5284,5152,10436
241,5284,5152,10436
241,5284,5151,10435
241,5284,5151,10435
241,5283,5151,10434
241,5283,5151,10434
241,5283,5151,10434
241,5283,5150,10433
241,5283,5150,10433
241,5284,5150,10434
241,5284,5150,10434
241,5284,5151,10435
241,5283,5151,10434
241,5283,5150,10433
241,5283,5150,10433
241,5283,5150,10433
241,5282,5150,10432
241,5282,5149,10431
241,5281,5149,10430
241,5280,5149,10429
241,5280,5149,10429
241,5280,5149,10429
241,5281,5149,10430
241,5280,5149,10429
241,5280,5149,10429
241,5281,5149,10430
241,5281,5149,10430
241,5281,5149,10430
241,5280,5149,10429
241,5280,5149,10429
241,5280,5150,10430
241,5280,5150,10430
241,5281,5150,10431
241,5281,5150,10431
241,5280,5150,10430
241,5280,5150,10430
241,5280,5150,10430
241,5280,5151,10431
241,5280,5151,10431
241,5281,5151,10432
241,5281,5151,10432
241,5281,5151,10432
241,5282,5151,10433
241,5282,5151,10433
241,5282,5151,10433
241,5282,5151,10433
241,5282,5152,10434
241,5281,5152,10433
241,5281,5152,10433
241,5281,5152,10433
241,5282,5152,10434
241,5282,5151,10433
241,5282,5151,10433
241,5282,5151,10433
241,5282,5152,10434
241,5282,5152,10434
241,5282,5153,10435
241,5282,5153,10435
241,5283,5153,10436
241,5283,5153,10436
241,5283,5153,10436
241,5283,5153,10436
241,5283,5154,10437
241,5282,5154,10436
241,5282,5154,10436
241,5282,5153,10435
241,5282,5153,10435
241,5282,5153,10435
241,5282,5153,10435
241,5282,5154,10436
241,5282,5154,10436
241,5282,5155,10437
241,5282,5155,10437
241,5281,5155,10436
241,5281,5155,10436
241,5282,5155,10437
241,5282,5155,10437
241,5282,5156,10438
241,5282,5156,10438
241,5282,5156,10438
241,5282,5157,10439
241,5282,5157,10439
241,5282,5158,10440
241,5282,5158,10440
241,5283,5158,10441
241,5283,5158,10441
241,5283,5159,10442
241,5283,5159,10442
241,5283,5160,10443
241,5283,5160,10443
241,5283,5161,10444
241,5283,5161,10444
241,5283,5162,10445
241,5283,5162,10445
241,5283,5162,10445
241,5283,5163,10446
241,5283,5163,10446
241,5284,5163,10447
241,5284,5163,10447
241,5285,5163,10448
241,5285,5163,10448
241,5285,5163,10448
241,5285,5164,10449
241,5285,5164,10449
241,5285,5165,10450
241,5285,5165,10450
241,5285,5166,10451
241,5285,5165,10450
241,5285,5165,10450
241,5285,5166,10451
241,5285,5166,10451
241,5285,5167,10452
241,5285,5167,10452
241,5286,5167,10453
241,5286,5167,10453
241,5286,5168,10454
241,5286,5168,10454
241,5287,5168,10455
241,5287,5167,10454
241,5287,5167,10454
241,5288,5167,10455
241,5287,5167,10454
241,5286,5167,10453
241,5286,5167,10453
241,5286,5167,10453
241,5287,5167,10454
241,5287,5167,10454
241,5287,5168,10455
241,5287,5168,10455
241,5288,5168,10456
241,5288,5168,10456
241,5288,5168,10456
241,5289,5168,10457
241,5289,5168,10457
241,5290,5168,10458
241,5290,5168,10458
241,5291,5168,10459
241,5291,5167,10458
241,5291,5167,10458
241,5291,5168,10459
241,5291,5168,10459
241,5291,5169,10460
241,5291,5169,10460
241,5292,5169,10461
241,5292,5169,10461
241,5291,5169,10460
241,5291,5169,10460
241,5292,5169,10461
241,5291,5169,10460
241,5290,5169,10459
241,5290,5169,10459
241,5291,5169,10460
241,5291,5169,10460
241,5292,5169,10461
241,5292,5169,10461
241,5292,5169,10461
241,5292,5168,10460
241,5292,5168,10460
241,5293,5168,10461
241,5292,5168,10460
241,5291,5168,10459
241,5291,5168,10459
241,5291,5169,10460
241,5291,5169,10460
241,5291,5170,10461
241,5290,5170,10460
241,5290,5170,10460
241,5290,5171,10461
241,5290,5171,10461
241,5290,5171,10461
241,5290,5172,10462
241,5290,5172,10462
241,5290,5173,10463
241,5290,5173,10463
241,5290,5173,10463
241,5290,5173,10463
241,5290,5173,10463
241,5290,5172,10462
241,5290,5172,10462
241,5291,5172,10463
241,5291,5172,10463
241,5291,5173,10464
241,5291,5173,10464
241,5291,5173,10464
241,5291,5172,10463
241,5291,5172,10463
241,5292,5172,10464
241,5292,5172,10464
241,5293,5172,10465
241,5293,5172,10465
241,5294,5172,10466
241,5294,5171,10465
241,5294,5171,10465
241,5294,5172,10466
241,5294,5172,10466
241,5294,5173,10467
241,5294,5173,10467
241,5293,5173,10466
241,5293,5173,10466
241,5293,5173,10466
241,5293,5173,10466
241,5293,5174,10467
241,5293,5174,10467
241,5294,5174,10468
241,5294,5174,10468
241,5294,5175,10469
241,5294,5175,10469
241,5294,5175,10469
241,5294,5174,10468
241,5294,5174,10468
241,5294,5175,10469
241,5294,5174,10468
241,5294,5174,10468
241,5294,5175,10469
241,5294,5175,10469
241,5295,5175,10470
241,5295,5175,10470
241,5296,5175,10471
241,5296,5175,10471
241,5296,5176,10472
241,5296,5176,10472
241,5297,5176,10473
241,5297,5176,10473
241,5297,5176,10473
241,5297,5176,10473
241,5297,5176,10473
241,5297,5176,10473
241,5297,5175,10472
241,5297,5175,10472
241,5298,5175,10473
241,5297,5175,10472
241,5296,5175,10471
241,5296,5175,10471
241,5297,5175,10472
241,5297,5175,10472
241,5298,5175,10473
241,5298,5175,10473
241,5299,5175,10474
241,5299,5175,10474
241,5299,5175,10474
241,5299,5176,10475
241,5299,5176,10475
241,5299,5175,10474
241,5299,5174,10473
241,5299,5174,10473
241,5299,5174,10473
241,5299,5175,10474
241,5299,5175,10474
241,5300,5175,10475
241,5299,5175,10474
241,5299,5175,10474
241,5299,5176,10475
241,5299,5176,10475
241,5299,5176,10475
241,5299,5177,10476
241,5299,5177,10476
241,5300,5177,10477
241,5300,5177,10477
241,5300,5178,10478
241,5300,5178,10478
241,5300,5179,10479
242,5300,5179,10479
242,5300,5179,10479
242,5300,5179,10479
242,5300,5179,10479
242,5300,5180,10480
242,5300,5180,10480
242,5300,5180,10480
242,5300,5181,10481
242,5300,5181,10481
242,5301,5181,10482
242,5301,5181,10482
242,5301,5182,10483
242,5301,5182,10483
242,5301,5182,10483
242,5302,5182,10484
242,5302,5182,10484
242,5302,5182,10484
242,5302,5182,10484
242,5301,5182,10483
242,5301,5182,10483
242,5302,5182,10484
242,5301,5182,10483
242,5301,5182,10483
242,5301,5182,10483
242,5301,5182,10483
242,5301,5183,10484
242,5301,5183,10484
242,5301,5183,10484
242,5302,5183,10485
242,5302,5183,10485
242,5302,5183,10485
242,5303,5183,10486
242,5303,5183,10486
242,5303,5183,10486
242,5304,5183,10487
242,5304,5183,10487
242,5305,5183,10488
242,5305,5183,10488
242,5306,5183,10489
242,5306,5183,10489
242,5306,5184,10490
242,5306,5184,10490
242,5306,5185,10491
242,5306,5185,10491
242,5306,5185,10491
242,5306,5186,10492
242,5306,5186,10492
242,5306,5187,10493
242,5306,5187,10493
242,5306,5188,10494
242,5306,5188,10494
242,5306,5189,10495
242,5306,5189,10495
242,5307,5189,10496
242,5307,5189,10496
242,5308,5189,10497
242,5308,5189,10497
242,5308,5189,10497
242,5308,5190,10498
242,5308,5190,10498
242,5309,5190,10499
242,5309,5190,10499
242,5309,5191,10500
242,5309,5191,10500
242,5309,5191,10500
242,5310,5191,10501
242,5310,5191,10501
242,5310,5192,10502
242,5309,5192,10501
242,5309,5192,10501
242,5310,5192,10502
242,5310,5192,10502
242,5310,5193,10503
242,5310,5192,10502
242,5310,5192,10502
242,5310,5191,10501
242,5310,5191,10501
242,5310,5192,10502
242,5309,5192,10501
242,5309,5192,10501
242,5310,5192,10502
242,5310,5192,10502
242,5310,5192,10502
242,5310,5193,10503
242,5310,5193,10503
242,5311,5193,10504
242,5311,5193,10504
242,5311,5193,10504
242,5311,5193,10504
242,5311,5193,10504
242,5311,5194,10505
242,5311,5194,10505
242,5312,5194,10506
242,5312,5193,10505
242,5312,5193,10505
242,5312,5194,10506
242,5312,5194,10506
242,5312,5194,10506
242,5312,5195,10507
242,5312,5195,10507
242,5312,5195,10507
242,5313,5195,10508
242,5313,5195,10508
242,5314,5195,10509
242,5314,5195,10509
242,5314,5196,10510
242,5314,5196,10510
242,5314,5196,10510
242,5314,5196,10510
242,5313,5196,10509
242,5313,5196,10509
242,5314,5196,10510
242,5314,5196,10510
242,5315,5196,10511
242,5315,5195,10510
242,5315,5195,10510
242,5315,5195,10510
242,5314,5195,10509
242,5314,5195,10509
242,5315,5195,10510
242,5315,5195,10510
242,5316,5195,10511
242,5316,5195,10511
242,5316,5195,10511
242,5317,5195,10512
242,5317,5195,10512
242,5317,5196,10513
242,5316,5196,10512
242,5316,5196,10512
242,5317,5196,10513
242,5317,5196,10513
242,5318,5196,10514
242,5318,5196,10514
242,5318,5197,10515
242,5318,5197,10515
242,5318,5197,10515
242,5318,5197,10515
242,5318,5196,10514
242,5318,5196,10514
242,5318,5196,10514
242,5319,5196,10515
242,5319,5196,10515
242,5319,5197,10516
242,5319,5197,10516
242,5320,5197,10517
242,5320,5197,10517
242,5321,5197,10518
242,5321,5197,10518
242,5321,5198,10519
242,5321,5198,10519
242,5322,5198,10520
242,5322,5198,10520
242,5322,5199,10521
242,5322,5199,10521
242,5322,5200,10522
242,5322,5200,10522
242,5322,5200,10522
242,5322,5201,10523
242,5322,5201,10523
242,5322,5201,10523
242,5322,5202,10524
242,5322,5202,10524
242,5323,5202,10525
242,5323,5202,10525
242,5323,5202,10525
242,5324,5202,10526
242,5324,5202,10526
242,5325,5202,10527
242,5325,5202,10527
242,5326,5202,10528
242,5326,5202,10528
242,5326,5201,10527
242,5326,5201,10527
242,5326,5201,10527
242,5327,5201,10528
242,5327,5201,10528
242,5328,5201,10529
242,5328,5201,10529
242,5328,5202,10530
242,5328,5202,10530
242,5329,5202,10531
242,5329,5202,10531
242,5329,5203,10532
242,5329,5203,10532
242,5329,5203,10532
242,5330,5203,10533
242,5330,5203,10533
242,5330,5204,10534
242,5330,5204,10534
242,5331,5204,10535
242,5331,5204,10535
242,5331,5204,10535
242,5332,5204,10536
242,5331,5204,10535
242,5331,5204,10535
242,5331,5205,10536
242,5331,5205,10536
242,5332,5205,10537
242,5332,5205,10537
242,5332,5206,10538
242,5332,5206,10538
242,5333,5206,10539
242,5333,5206,10539
242,5334,5206,10540
242,5334,5206,10540
242,5334,5206,10540
242,5335,5206,10541
242,5335,5206,10541
242,5335,5206,10541
242,5334,5206,10540
242,5334,5206,10540
242,5334,5206,10540
242,5334,5206,10540
242,5334,5207,10541
242,5334,5207,10541
242,5334,5207,10541
242,5335,5207,10542
242,5335,5207,10542
242,5336,5207,10543
242,5336,5207,10543
242,5337,5207,10544
242,5336,5207,10543
242,5336,5207,10543
242,5335,5207,10542
242,5335,5207,10542
242,5336,5207,10543
242,5335,5207,10542
242,5335,5207,10542
242,5335,5208,10543
242,5335,5208,10543
242,5335,5209,10544
242,5335,5209,10544
242,5335,5209,10544
242,5336,5209,10545
242,5336,5209,10545
242,5337,5209,10546
242,5337,5209,10546
242,5337,5209,10546
242,5337,5209,10546
242,5338,5209,10547
242,5338,5209,10547
242,5339,5209,10548
242,5339,5209,10548
242,5339,5210,10549
242,5339,5210,10549
242,5339,5210,10549
242,5340,5210,10550
242,5340,5210,10550
242,5339,5210,10549
242,5339,5210,10549
242,5339,5211,10550
242,5338,5211,10549
242,5338,5211,10549
242,5338,5211,10549
242,5339,5211,10550
242,5339,5211,10550
242,5339,5212,10551
242,5339,5211,10550
242,5339,5211,10550
242,5339,5212,10551
242,5339,5211,10550
242,5339,5211,10550
242,5339,5212,10551
242,5339,5212,10551
242,5339,5212,10551
242,5339,5212,10551
242,5340,5212,10552
242,5340,5212,10552
242,5340,5211,10551
242,5340,5211,10551
242,5340,5212,10552
242,5339,5212,10551
242,5339,5212,10551
242,5339,5213,10552
242,5339,5213,10552
242,5340,5213,10553
242,5340,5212,10552
242,5340,5212,10552
242,5341,5212,10553
242,5341,5212,10553
242,5341,5212,10553
242,5341,5213,10554
242,5341,5213,10554
242,5342,5213,10555
242,5342,5213,10555
242,5342,5214,10556
242,5341,5214,10555
242,5341,5214,10555
242,5341,5215,10556
242,5341,5215,10556
242,5342,5215,10557
242,5342,5215,10557
242,5343,5215,10558
242,5343,5215,10558
242,5344,5215,10559
242,5344,5215,10559
242,5344,5215,10559
242,5344,5216,10560
242,5344,5216,10560
242,5345,5216,10561
242,5345,5215,10560
242,5345,5215,10560
242,5345,5215,10560
242,5346,5215,10561
242,5346,5215,10561
242,5346,5216,10562
242,5346,5216,10562
242,5346,5216,10562
242,5346,5216,10562
242,5346,5216,10562
242,5346,5216,10562
242,5347,5216,10563
242,5347,5216,10563
242,5347,5216,10563
242,5347,5216,10563
242,5348,5216,10564
242,5348,5216,10564
242,5349,5216,10565
242,5349,5216,10565
242,5348,5216,10564
242,5348,5216,10564
242,5349,5216,10565
242,5349,5216,10565
242,5349,5217,10566
242,5349,5217,10566
242,5348,5217,10565
242,5348,5217,10565
242,5348,5218,10566
242,5348,5218,10566
242,5349,5218,10567
242,5349,5217,10566
242,5349,5217,10566
242,5350,5217,10567
242,5350,5217,10567
242,5350,5217,10567
242,5349,5217,10566
242,5348,5217,10565
242,5348,5216,10564
242,5348,5216,10564
242,5348,5217,10565
242,5348,5217,10565
242,5347,5217,10564
242,5347,5217,10564
242,5347,5218,10565
242,5347,5217,10564
242,5347,5217,10564
242,5347,5218,10565
242,5347,5218,10565
242,5348,5218,10566
242,5348,5217,10565
242,5348,5217,10565
242,5349,5217,10566
242,5349,5217,10566
242,5348,5217,10565
242,5347,5217,10564
242,5347,5217,10564
242,5348,5217,10565
242,5348,5217,10565
242,5349,5217,10566
242,5349,5217,10566
242,5350,5217,10567
242,5350,5217,10567
242,5350,5218,10568
242,5350,5217,10567
242,5350,5217,10567
242,5350,5218,10568
242,5350,5218,10568
242,5351,5218,10569
242,5351,5218,10569
242,5351,5217,10568
242,5350,5217,10567
242,5350,5217,10567
242,5350,5218,10568
242,5350,5218,10568
242,5350,5219,10569
242,5350,5219,10569
242,5351,5219,10570
242,5351,5219,10570
242,5351,5218,10569
242,5350,5218,10568
242,5350,5218,10568
242,5350,5219,10569
242,5350,5219,10569
242,5351,5219,10570
242,5351,5218,10569
242,5350,5218,10568
242,5350,5218,10568
242,5351,5218,10569
242,5351,5218,10569
242,5352,5218,10570
242,5352,5217,10569
242,5352,5217,10569
242,5352,5218,10570
242,5352,5218,10570
242,5352,5218,10570
242,5352,5218,10570
242,5352,5218,10570
242,5353,5218,10571
242,5353,5218,10571
242,5353,5218,10571
242,5353,5218,10571
242,5354,5218,10572
242,5354,5218,10572
242,5355,5218,10573
242,5355,5218,10573
242,5355,5219,10574
242,5355,5219,10574
242,5355,5220,10575
242,5354,5220,10574
242,5354,5220,10574
242,5355,5220,10575
242,5355,5220,10575
242,5355,5221,10576
242,5355,5220,10575
242,5355,5220,10575
242,5355,5220,10575
242,5356,5220,10576
242,5356,5220,10576
242,5356,5220,10576
242,5356,5221,10577
242,5356,5221,10577
242,5356,5221,10577
242,5357,5221,10578
242,5357,5221,10578
242,5357,5221,10578
242,5357,5222,10579
242,5357,5222,10579
242,5357,5222,10579
242,5357,5223,10580
242,5357,5222,10579
242,5357,5222,10579
242,5357,5222,10579
242,5357,5223,10580
242,5357,5223,10580
242,5357,5224,10581
242,5357,5224,10581
242,5357,5224,10581
242,5357,5225,10582
242,5357,5225,10582
242,5358,5225,10583
242,5358,5225,10583
242,5358,5226,10584
242,5358,5225,10583
242,5358,5225,10583
242,5358,5225,10583
242,5358,5225,10583
242,5358,5226,10584
242,5358,5226,10584
242,5358,5227,10585
242,5358,5227,10585
242,5359,5227,10586
242,5359,5227,10586
242,5359,5228,10587
242,5359,5228,10587
242,5359,5228,10587
242,5359,5228,10587
242,5359,5229,10588
242,5359,5229,10588
242,5360,5229,10589
242,5360,5229,10589
242,5361,5229,10590
242,5361,5229,10590
242,5361,5229,10590
242,5361,5229,10590
242,5361,5230,10591
242,5361,5230,10591
242,5362,5230,10592
242,5362,5230,10592
242,5362,5231,10593
242,5362,5231,10593
242,5362,5231,10593
242,5362,5232,10594
242,5362,5231,10593
242,5362,5231,10593
242,5362,5232,10594
242,5362,5232,10594
242,5362,5233,10595
242,5362,5233,10595
242,5363,5233,10596
242,5363,5233,10596
242,5363,5234,10597
242,5363,5234,10597
242,5363,5233,10596
242,5363,5233,10596
242,5364,5233,10597
242,5364,5233,10597
242,5364,5234,10598
242,5364,5233,10597
242,5364,5233,10597
242,5364,5234,10598
242,5364,5234,10598
242,5365,5234,10599
242,5365,5234,10599
242,5365,5234,10599
242,5365,5235,10600
242,5365,5234,10599
242,5365,5233,10598
242,5365,5233,10598
242,5365,5234,10599
242,5365,5234,10599
242,5366,5234,10600
242,5366,5234,10600
242,5366,5235,10601
242,5365,5235,10600
242,5365,5235,10600
242,5365,5236,10601
242,5365,5236,10601
242,5365,5236,10601
242,5366,5236,10602
242,5366,5236,10602
242,5366,5236,10602
242,5367,5236,10603
242,5367,5235,10602
242,5367,5235,10602
242,5367,5236,10603
242,5367,5236,10603
242,5368,5236,10604
242,5368,5236,10604
242,5368,5236,10604
242,5367,5236,10603
242,5367,5236,10603
242,5368,5236,10604
242,5368,5236,10604
242,5369,5236,10605
242,5369,5236,10605
242,5370,5236,10606
242,5370,5236,10606
242,5370,5236,10606
242,5371,5236,10607
242,5371,5236,10607
242,5372,5236,10608
242,5372,5236,10608
242,5372,5236,10608
242,5371,5236,10607
242,5371,5236,10607
242,5371,5237,10608
242,5370,5237,10607
242,5370,5236,10606
242,5370,5236,10606
242,5370,5237,10607
242,5370,5237,10607
242,5370,5238,10608
242,5370,5238,10608
242,5370,5239,10609
242,5370,5239,10609
242,5370,5240,10610
242,5370,5240,10610
242,5371,5240,10611
242,5371,5240,10611
242,5372,5240,10612
242,5371,5240,10611
242,5371,5240,10611
242,5371,5240,10611
242,5372,5240,10612
242,5372,5240,10612
242,5372,5241,10613
242,5372,5241,10613
242,5372,5241,10613
242,5372,5241,10613
242,5372,5242,10614
242,5372,5242,10614
242,5372,5243,10615
242,5372,5243,10615
242,5372,5244,10616
242,5371,5244,10615
242,5371,5243,10614
242,5371,5243,10614
242,5372,5243,10615
242,5372,5243,10615
242,5372,5244,10616
242,5372,5244,10616
242,5372,5245,10617
242,5372,5245,10617
242,5372,5246,10618
242,5372,5246,10618
242,5372,5246,10618
242,5373,5246,10619
242,5373,5246,10619
242,5373,5246,10619
242,5374,5246,10620
242,5374,5246,10620
242,5374,5246,10620
242,5374,5245,10619
242,5374,5245,10619
242,5374,5245,10619
242,5373,5245,10618
242,5373,5245,10618
242,5373,5246,10619
242,5373,5246,10619
242,5373,5246,10619
242,5373,5247,10620
242,5372,5247,10619
242,5372,5247,10619
242,5373,5247,10620
242,5373,5246,10619
242,5373,5246,10619
242,5374,5246,10620
242,5374,5246,10620
242,5374,5246,10620
242,5374,5246,10620
242,5375,5246,10621
242,5375,5246,10621
242,5375,5246,10621
242,5376,5246,10622
242,5376,5246,10622
242,5376,5247,10623
242,5376,5247,10623
242,5377,5247,10624
242,5377,5247,10624
242,5378,5247,10625
242,5378,5247,10625
242,5378,5247,10625
242,5378,5248,10626
242,5378,5248,10626
242,5378,5249,10627
242,5378,5249,10627
242,5379,5249,10628
242,5379,5249,10628
242,5379,5250,10629
242,5379,5250,10629
242,5379,5251,10630
242,5379,5251,10630
242,5379,5251,10630
242,5379,5252,10631
242,5379,5252,10631
242,5379,5252,10631
242,5380,5252,10632
242,5380,5252,10632
242,5381,5252,10633
242,5381,5252,10633
242,5382,5252,10634
242,5382,5252,10634
242,5382,5252,10634
242,5383,5252,10635
242,5382,5252,10634
242,5382,5252,10634
242,5382,5252,10634
242,5381,5252,10633
242,5380,5252,10632
242,5379,5252,10631
242,5379,5252,10631
242,5380,5252,10632
242,5380,5252,10632
242,5380,5253,10633
242,5380,5253,10633
242,5380,5253,10633
242,5380,5253,10633
242,5379,5253,10632
242,5379,5253,10632
242,5380,5253,10633
242,5380,5253,10633
242,5381,5253,10634
242,5381,5253,10634
242,5381,5254,10635
242,5381,5254,10635
242,5381,5253,10634
242,5381,5252,10633
242,5381,5252,10633
242,5382,5252,10634
242,5382,5252,10634
242,5381,5252,10633
242,5381,5252,10633
242,5381,5253,10634
242,5380,5253,10633
242,5380,5252,10632
242,5380,5252,10632
242,5380,5253,10633
242,5380,5253,10633
242,5380,5254,10634
242,5380,5254,10634
242,5381,5254,10635
242,5381,5254,10635
242,5381,5254,10635
242,5382,5254,10636
242,5382,5254,10636
242,5383,5254,10637
242,5383,5254,10637
242,5383,5255,10638
242,5383,5255,10638
242,5383,5255,10638
242,5383,5256,10639
242,5382,5256,10638
242,5382,5256,10638
242,5383,5256,10639
242,5383,5256,10639
242,5384,5256,10640
242,5384,5256,10640
242,5384,5257,10641
242,5384,5257,10641
242,5385,5257,10642
242,5385,5257,10642
242,5385,5258,10643
242,5385,5258,10643
242,5385,5258,10643
242,5385,5258,10643
242,5385,5258,10643
242,5386,5258,10644
242,5386,5258,10644
242,5386,5259,10645
242,5386,5259,10645
242,5387,5259,10646
242,5387,5259,10646
242,5388,5259,10647
242,5388,5259,10647
242,5389,5259,10648
242,5389,5259,10648
242,5389,5260,10649
242,5389,5260,10649
242,5389,5261,10650
242,5389,5261,10650
242,5389,5260,10649
242,5389,5260,10649
242,5389,5261,10650
242,5389,5261,10650
242,5390,5261,10651
242,5390,5260,10650
242,5390,5260,10650
242,5390,5260,10650
242,5391,5260,10651
242,5391,5260,10651
242,5391,5260,10651
242,5392,5260,10652
242,5392,5260,10652
242,5392,5261,10653
242,5391,5261,10652
242,5391,5260,10651
242,5391,5260,10651
242,5392,5260,10652
242,5392,5260,10652
242,5392,5260,10652
242,5393,5260,10653
242,5393,5260,10653
242,5393,5261,10654
242,5393,5261,10654
242,5394,5261,10655
242,5394,5261,10655
242,5394,5261,10655
242,5394,5261,10655
242,5395,5261,10656
242,5395,5261,10656
242,5394,5261,10655
242,5394,5261,10655
242,5395,5261,10656
242,5395,5261,10656
242,5395,5261,10656
242,5396,5261,10657
242,5396,5261,10657
242,5395,5261,10656
242,5395,5261,10656
242,5395,5262,10657
242,5395,5262,10657
242,5395,5262,10657
242,5395,5263,10658
242,5395,5263,10658
242,5395,5264,10659
242,5395,5264,10659
242,5395,5265,10660
242,5394,5265,10659
242,5394,5265,10659
242,5395,5265,10660
242,5395,5265,10660
242,5395,5265,10660
242,5396,5265,10661
242,5396,5265,10661
242,5396,5265,10661
242,5396,5266,10662
242,5396,5266,10662
242,5396,5267,10663
242,5396,5267,10663
242,5397,5267,10664
242,5397,5267,10664
242,5397,5266,10663
242,5396,5266,10662
242,5396,5266,10662
242,5397,5266,10663
242,5397,5266,10663
242,5398,5266,10664
242,5398,5266,10664
242,5399,5266,10665
242,5399,5266,10665
242,5399,5267,10666
242,5399,5266,10665
242,5399,5266,10665
242,5399,5267,10666
242,5399,5267,10666
242,5399,5267,10666
242,5400,5267,10667
242,5400,5266,10666
242,5400,5266,10666
242,5400,5267,10667
242,5400,5267,10667
242,5400,5267,10667
242,5400,5268,10668
242,5399,5268,10667
242,5399,5267,10666
242,5399,5267,10666
242,5399,5267,10666
242,5399,5268,10667
242,5399,5268,10667
242,5399,5269,10668
242,5399,5269,10668
242,5399,5269,10668
242,5399,5269,10668
242,5400,5269,10669
242,5400,5269,10669
242,5401,5269,10670
242,5401,5269,10670
242,5401,5270,10671
242,5401,5269,10670
242,5401,5269,10670
242,5402,5269,10671
242,5402,5269,10671
242,5403,5269,10672
242,5403,5269,10672
242,5403,5269,10672
242,5403,5270,10673
242,5403,5270,10673
242,5403,5269,10672
242,5403,5269,10672
242,5404,5269,10673
242,5404,5269,10673
242,5404,5270,10674
242,5404,5270,10674
242,5405,5270,10675
242,5405,5270,10675
242,5405,5269,10674
242,5405,5269,10674
242,5404,5269,10673
242,5404,5269,10673
242,5404,5270,10674
242,5404,5270,10674
242,5404,5271,10675
242,5404,5270,10674
242,5404,5270,10674
242,5404,5269,10673
242,5404,5269,10673
242,5405,5269,10674
242,5405,5269,10674
242,5405,5270,10675
242,5405,5270,10675
242,5406,5270,10676
242,5406,5270,10676
242,5407,5270,10677
242,5407,5269,10676
242,5407,5269,10676
242,5406,5269,10675
242,5406,5269,10675
242,5406,5269,10675
242,5406,5270,10676
242,5406,5270,10676
242,5406,5270,10676
242,5406,5270,10676
242,5407,5270,10677
242,5407,5270,10677
242,5408,5270,10678
242,5408,5270,10678
242,5409,5270,10679
242,5409,5270,10679
242,5409,5271,10680
242,5409,5271,10680
242,5409,5271,10680
242,5409,5272,10681
242,5409,5272,10681
242,5409,5273,10682
242,5409,5273,10682
242,5409,5273,10682
242,5410,5273,10683
242,5410,5273,10683
242,5411,5273,10684
242,5411,5273,10684
242,5411,5273,10684
242,5412,5273,10685
242,5412,5273,10685
242,5412,5274,10686
242,5412,5274,10686
242,5413,5274,10687
242,5413,5274,10687
242,5413,5274,10687
242,5414,5274,10688
242,5413,5274,10687
242,5412,5274,10686
242,5412,5274,10686
242,5412,5274,10686
242,5412,5275,10687
242,5412,5275,10687
242,5412,5276,10688
242,5412,5276,10688
242,5412,5276,10688
242,5412,5277,10689
242,5412,5277,10689
242,5412,5277,10689
242,5412,5277,10689
242,5412,5278,10690
242,5411,5278,10689
242,5411,5278,10689
242,5412,5278,10690
242,5412,5278,10690
242,5412,5278,10690
242,5412,5279,10691
242,5412,5279,10691
242,5412,5279,10691
242,5412,5280,10692
242,5412,5280,10692
242,5412,5280,10692
242,5412,5281,10693
242,5412,5281,10693
242,5412,5282,10694
242,5412,5282,10694
242,5412,5282,10694
242,5413,5282,10695
242,5413,5282,10695
242,5414,5282,10696
242,5414,5282,10696
242,5414,5282,10696
242,5414,5283,10697
242,5414,5283,10697
242,5414,5283,10697
242,5415,5283,10698
242,5415,5283,10698
242,5415,5283,10698
242,5416,5283,10699
242,5416,5283,10699
242,5416,5283,10699
242,5417,5283,10700
242,5417,5283,10700
242,5417,5283,10700
242,5418,5283,10701
242,5418,5283,10701
242,5418,5284,10702
242,5418,5284,10702
242,5418,5284,10702
242,5418,5285,10703
242,5418,5285,10703
242,5419,5285,10704
242,5419,5285,10704
242,5419,5285,10704
242,5420,5285,10705
242,5420,5285,10705
242,5420,5285,10705
242,5420,5286,10706
242,5420,5286,10706
242,5421,5286,10707
242,5421,5285,10706
242,5421,5285,10706
242,5421,5285,10706
242,5421,5285,10706
242,5422,5285,10707
242,5421,5285,10706
242,5421,5285,10706
242,5421,5286,10707
242,5421,5286,10707
242,5420,5286,10706
242,5420,5286,10706
242,5420,5287,10707
242,5420,5287,10707
242,5420,5287,10707
242,5420,5288,10708
242,5420,5288,10708
242,5420,5289,10709
242,5420,5289,10709
242,5420,5289,10709
242,5420,5290,10710
242,5420,5290,10710
242,5421,5290,10711
242,5421,5290,10711
242,5421,5289,10710
242,5421,5289,10710
242,5421,5289,10710
242,5422,5289,10711
242,5421,5289,10710
242,5421,5289,10710
242,5422,5289,10711
242,5421,5289,10710
242,5420,5289,10709
242,5420,5289,10709
242,5421,5289,10710
242,5421,5288,10709
242,5421,5288,10709
242,5421,5289,10710
242,5421,5289,10710
242,5422,5289,10711
242,5422,5289,10711
242,5421,5289,10710
242,5421,5289,10710
242,5421,5289,10710
242,5421,5290,10711
242,5421,5290,10711
242,5422,5290,10712
242,5422,5290,10712
242,5422,5290,10712
242,5422,5291,10713
242,5422,5291,10713
242,5423,5291,10714
242,5423,5291,10714
242,5424,5291,10715
242,5424,5291,10715
242,5424,5292,10716
242,5424,5292,10716
242,5424,5292,10716
242,5424,5292,10716
242,5425,5292,10717
242,5424,5292,10716
242,5423,5292,10715
242,5423,5292,10715
242,5423,5293,10716
242,5423,5293,10716
242,5423,5294,10717
242,5423,5294,10717
242,5423,5295,10718
242,5423,5295,10718
242,5423,5295,10718
242,5423,5294,10717
242,5423,5294,10717
242,5423,5295,10718
242,5423,5294,10717
242,5423,5294,10717
242,5424,5294,10718
242,5424,5294,10718
242,5424,5294,10718
242,5424,5295,10719
242,5424,5295,10719
242,5424,5296,10720
242,5424,5295,10719
242,5424,5295,10719
242,5424,5296,10720
242,5424,5296,10720
242,5424,5296,10720
242,5425,5296,10721
242,5425,5296,10721
242,5425,5295,10720
242,5424,5295,10719
242,5424,5295,10719
242,5425,5295,10720
242,5425,5295,10720
242,5425,5295,10720
242,5425,5294,10719
242,5425,5294,10719
242,5425,5294,10719
242,5425,5295,10720
242,5425,5295,10720
242,5425,5296,10721
242,5425,5296,10721
242,5424,5296,10720
242,5424,5296,10720
242,5425,5296,10721
242,5425,5295,10720
242,5425,5295,10720
242,5425,5296,10721
242,5424,5296,10720
242,5424,5296,10720
242,5424,5296,10720
242,5424,5297,10721
242,5424,5297,10721
242,5424,5298,10722
242,5424,5298,10722
242,5424,5299,10723
242,5424,5299,10723
242,5424,5300,10724
242,5424,5299,10723
242,5424,5298,10722
242,5424,5298,10722
242,5425,5298,10723
242,5425,5298,10723
242,5426,5298,10724
242,5426,5298,10724
242,5426,5299,10725
242,5426,5299,10725
242,5426,5299,10725
242,5427,5299,10726
242,5427,5299,10726
242,5428,5299,10727
242,5428,5299,10727
242,5428,5300,10728
242,5428,5300,10728
242,5428,5301,10729
242,5428,5301,10729
242,5428,5300,10728
242,5428,5300,10728
242,5428,5300,10728
242,5428,5300,10728
242,5429,5300,10729
242,5429,5300,10729
242,5429,5299,10728
242,5429,5299,10728
242,5429,5300,10729
242,5428,5300,10728
242,5428,5300,10728
242,5428,5301,10729
242,5428,5300,10728
242,5428,5300,10728
242,5429,5300,10729
242,5429,5300,10729
242,5430,5300,10730
242,5430,5300,10730
242,5431,5300,10731
242,5431,5299,10730
242,5431,5299,10730
242,5431,5300,10731
242,5430,5300,10730
242,5430,5300,10730
242,5430,5300,10730
242,5430,5300,10730
242,5431,5300,10731
242,5431,5300,10731
242,5431,5301,10732
242,5431,5301,10732
242,5431,5302,10733
242,5431,5302,10733
242,5432,5302,10734
242,5432,5301,10733
242,5432,5301,10733
242,5432,5302,10734
242,5431,5302,10733
242,5431,5302,10733
242,5432,5302,10734
242,5432,5302,10734
242,5433,5302,10735
242,5433,5301,10734
242,5432,5301,10733
242,5432,5301,10733
242,5432,5302,10734
242,5432,5302,10734
242,5432,5303,10735
242,5431,5303,10734
242,5431,5303,10734
242,5431,5304,10735
242,5431,5304,10735
242,5431,5305,10736
242,5431,5305,10736
242,5431,5306,10737
242,5431,5306,10737
242,5431,5306,10737
242,5431,5305,10736
242,5431,5305,10736
242,5432,5305,10737
242,5432,5305,10737
242,5433,5305,10738
242,5433,5305,10738
242,5433,5306,10739
242,5433,5306,10739
242,5433,5307,10740
242,5433,5307,10740
242,5433,5308,10741
242,5433,5308,10741
242,5433,5308,10741
242,5433,5309,10742
242,5433,5309,10742
242,5433,5309,10742
242,5433,5310,10743
242,5433,5310,10743
242,5433,5311,10744
242,5433,5311,10744
242,5433,5310,10743
242,5433,5310,10743
242,5433,5310,10743
242,5434,5310,10744
242,5434,5309,10743
242,5433,5309,10742
242,5433,5309,10742
242,5433,5308,10741
242,5433,5308,10741
242,5434,5308,10742
242,5434,5308,10742
242,5434,5309,10743
242,5434,5308,10742
242,5434,5307,10741
242,5434,5307,10741
242,5434,5307,10741
242,5434,5307,10741
242,5434,5308,10742
242,5434,5308,10742
242,5435,5308,10743
242,5435,5308,10743
242,5436,5308,10744
242,5436,5308,10744
242,5436,5309,10745
242,5436,5309,10745
242,5437,5309,10746
242,5436,5309,10745
242,5436,5309,10745
242,5436,5309,10745
242,5436,5310,10746
242,5436,5310,10746
242,5436,5311,10747
242,5435,5311,10746
242,5435,5311,10746
242,5435,5311,10746
242,5435,5311,10746
242,5435,5312,10747
242,5435,5311,10746
242,5435,5311,10746
242,5435,5312,10747
242,5435,5312,10747
242,5435,5312,10747
242,5435,5311,10746
242,5435,5311,10746
242,5435,5311,10746
242,5435,5312,10747
242,5435,5312,10747
242,5436,5312,10748
242,5436,5312,10748
242,5436,5313,10749
242,5436,5313,10749
242,5437,5313,10750
242,5437,5312,10749
242,5437,5312,10749
242,5437,5313,10750
242,5437,5313,10750
242,5437,5314,10751
242,5437,5314,10751
242,5437,5314,10751
242,5438,5314,10752
242,5438,5314,10752
242,5439,5314,10753
242,5439,5314,10753
242,5439,5314,10753
242,5439,5314,10753
242,5440,5314,10754
242,5440,5314,10754
242,5440,5314,10754
242,5441,5314,10755
242,5441,5314,10755
242,5441,5315,10756
242,5441,5315,10756
242,5441,5315,10756
242,5441,5315,10756
242,5441,5316,10757
242,5440,5316,10756
242,5440,5316,10756
242,5440,5316,10756
242,5440,5316,10756
242,5440,5315,10755
242,5440,5315,10755
242,5440,5316,10756
242,5440,5316,10756
242,5440,5316,10756
242,5440,5316,10756
242,5440,5317,10757
242,5440,5317,10757
242,5441,5317,10758
242,5441,5317,10758
242,5441,5318,10759
242,5441,5318,10759
242,5441,5317,10758
242,5441,5317,10758
242,5442,5317,10759
242,5442,5317,10759
242,5442,5317,10759
242,5443,5317,10760
242,5443,5317,10760
242,5443,5318,10761
242,5443,5317,10760
242,5443,5317,10760
242,5443,5318,10761
242,5443,5318,10761
242,5443,5319,10762
242,5443,5319,10762
242,5443,5320,10763
242,5443,5319,10762
242,5443,5319,10762
242,5443,5320,10763
242,5443,5320,10763
242,5443,5321,10764
242,5443,5321,10764
242,5443,5322,10765
242,5443,5322,10765
242,5443,5323,10766
242,5443,5323,10766
242,5443,5324,10767
242,5443,5324,10767
242,5443,5323,10766
242,5443,5323,10766
242,5443,5323,10766
242,5443,5324,10767
242,5443,5324,10767
242,5443,5324,10767
242,5444,5324,10768
242,5444,5323,10767
242,5444,5323,10767
242,5444,5324,10768
242,5444,5324,10768
242,5444,5324,10768
242,5444,5325,10769
242,5444,5325,10769
242,5444,5326,10770
242,5444,5326,10770
242,5445,5326,10771
242,5444,5326,10770
242,5444,5326,10770
242,5444,5326,10770
242,5445,5326,10771
242,5445,5326,10771
242,5445,5326,10771
242,5445,5327,10772
242,5445,5327,10772
242,5445,5327,10772
242,5446,5327,10773
242,5446,5327,10773
242,5447,5327,10774
242,5447,5327,10774
242,5447,5328,10775
242,5447,5328,10775
242,5447,5329,10776
242,5447,5329,10776
242,5447,5329,10776
242,5447,5330,10777
242,5447,5330,10777
242,5447,5330,10777
242,5447,5331,10778
242,5447,5331,10778
242,5447,5332,10779
242,5447,5332,10779
242,5447,5332,10779
242,5448,5332,10780
242,5448,5332,10780
242,5448,5333,10781
242,5448,5333,10781
242,5448,5333,10781
242,5448,5334,10782
242,5448,5334,10782
242,5449,5334,10783
242,5449,5334,10783
242,5449,5334,10783
242,5450,5334,10784
242,5449,5334,10783
242,5448,5334,10782
242,5447,5334,10781
242,5447,5334,10781
242,5447,5335,10782
242,5447,5334,10781
242,5447,5334,10781
242,5448,5334,10782
242,5448,5333,10781
242,5448,5333,10781
242,5448,5334,10782
242,5448,5334,10782
242,5448,5335,10783
242,5448,5335,10783
242,5449,5335,10784
242,5448,5335,10783
242,5448,5335,10783
243,5448,5336,10784
243,5447,5336,10783
243,5447,5336,10783
243,5447,5337,10784
243,5447,5337,10784
243,5448,5337,10785
243,5448,5337,10785
243,5449,5337,10786
243,5449,5337,10786
243,5450,5337,10787
243,5450,5337,10787
243,5450,5336,10786
243,5449,5336,10785
243,5449,5336,10785
243,5449,5336,10785
243,5449,5337,10786
243,5449,5337,10786
243,5449,5337,10786
243,5450,5337,10787
243,5450,5337,10787
243,5450,5337,10787
243,5451,5337,10788
243,5450,5337,10787
243,5450,5337,10787
243,5451,5337,10788
243,5451,5337,10788
243,5451,5338,10789
243,5451,5338,10789
243,5452,5338,10790
243,5452,5338,10790
243,5452,5339,10791
243,5452,5339,10791
243,5452,5339,10791
243,5452,5340,10792
243,5452,5340,10792
243,5452,5340,10792
243,5452,5341,10793
243,5452,5341,10793
243,5452,5341,10793
243,5452,5342,10794
243,5452,5342,10794
243,5452,5342,10794
243,5453,5342,10795
243,5452,5342,10794
243,5452,5342,10794
243,5452,5343,10795
243,5452,5343,10795
243,5451,5343,10794
243,5451,5343,10794
243,5452,5343,10795
243,5452,5342,10794
243,5452,5342,10794
243,5452,5343,10795
243,5452,5343,10795
243,5453,5343,10796
243,5452,5343,10795
243,5452,5343,10795
243,5452,5343,10795
243,5452,5344,10796
243,5452,5344,10796
243,5452,5344,10796
243,5452,5344,10796
243,5452,5344,10796
243,5453,5344,10797
243,5453,5344,10797
243,5453,5344,10797
243,5454,5344,10798
243,5454,5344,10798
243,5454,5345,10799
243,5454,5345,10799
243,5454,5345,10799
243,5453,5345,10798
243,5453,5345,10798
243,5453,5345,10798
243,5453,5345,10798
243,5453,5345,10798
243,5453,5346,10799
243,5453,5345,10798
243,5453,5344,10797
243,5452,5344,10796
243,5451,5344,10795
243,5451,5344,10795
243,5452,5344,10796
243,5452,5344,10796
243,5452,5345,10797
243,5452,5344,10796
243,5452,5343,10795
243,5452,5343,10795
243,5452,5343,10795
243,5453,5343,10796
243,5452,5343,10795
243,5451,5343,10794
243,5451,5343,10794
243,5452,5343,10795
243,5452,5343,10795
243,5452,5344,10796
243,5452,5344,10796
243,5452,5344,10796
243,5452,5344,10796
243,5453,5344,10797
243,5453,5344,10797
243,5453,5345,10798
243,5453,5345,10798
243,5453,5344,10797
243,5453,5344,10797
243,5454,5344,10798
243,5454,5344,10798
243,5455,5344,10799
243,5455,5344,10799
243,5455,5344,10799
243,5456,5344,10800
243,5456,5344,10800
243,5456,5343,10799
243,5456,5343,10799
243,5456,5343,10799
243,5456,5344,10800
243,5455,5344,10799
243,5455,5344,10799
243,5456,5344,10800
243,5456,5343,10799
243,5455,5343,10798
243,5455,5343,10798
243,5456,5343,10799
243,5456,5343,10799
243,5457,5343,10800
243,5456,5343,10799
243,5456,5343,10799
243,5456,5343,10799
243,5456,5343,10799
243,5456,5344,10800
243,5456,5344,10800
243,5457,5344,10801
243,5457,5344,10801
243,5458,5344,10802
243,5458,5344,10802
243,5458,5345,10803
243,5458,5345,10803
243,5459,5345,10804
243,5459,5345,10804
243,5459,5346,10805
243,5459,5346,10805
243,5459,5347,10806
243,5459,5347,10806
243,5459,5348,10807
243,5459,5348,10807
243,5460,5348,10808
243,5460,5348,10808
243,5460,5348,10808
243,5461,5348,10809
243,5461,5348,10809
243,5462,5348,10810
243,5462,5348,10810
243,5463,5348,10811
243,5463,5348,10811
243,5463,5348,10811
243,5463,5348,10811
243,5463,5349,10812
243,5463,5349,10812
243,5463,5350,10813
243,5463,5350,10813
243,5463,5351,10814
243,5463,5351,10814
243,5463,5351,10814
243,5464,5351,10815
243,5464,5351,10815
243,5464,5352,10816
243,5464,5352,10816
243,5464,5353,10817
243,5464,5353,10817
243,5464,5353,10817
243,5464,5354,10818
243,5464,5354,10818
243,5465,5354,10819
243,5464,5354,10818
243,5464,5354,10818
243,5464,5355,10819
243,5464,5355,10819
243,5464,5356,10820
243,5464,5356,10820
243,5464,5356,10820
243,5464,5357,10821
243,5463,5357,10820
243,5463,5357,10820
243,5463,5358,10821
243,5463,5358,10821
243,5464,5358,10822
243,5464,5358,10822
243,5464,5357,10821
243,5464,5357,10821
243,5464,5358,10822
243,5463,5358,10821
243,5463,5358,10821
243,5463,5358,10821
243,5464,5358,10822
243,5464,5358,10822
243,5465,5358,10823
243,5465,5358,10823
243,5465,5357,10822
243,5464,5357,10821
243,5464,5357,10821
243,5464,5358,10822
243,5464,5358,10822
243,5465,5358,10823
243,5464,5358,10822
243,5464,5358,10822
243,5464,5359,10823
243,5463,5359,10822
243,5463,5359,10822
243,5463,5360,10823
243,5463,5360,10823
243,5463,5361,10824
243,5463,5361,10824
243,5463,5362,10825
243,5463,5361,10824
243,5463,5361,10824
243,5463,5362,10825
243,5463,5362,10825
243,5464,5362,10826
243,5464,5362,10826
243,5464,5362,10826
243,5465,5362,10827
243,5465,5362,10827
243,5465,5363,10828
243,5465,5363,10828
243,5466,5363,10829
243,5466,5363,10829
243,5467,5363,10830
243,5467,5363,10830
243,5468,5363,10831
243,5468,5363,10831
243,5468,5364,10832
243,5468,5364,10832
243,5469,5364,10833
243,5469,5364,10833
243,5469,5364,10833
243,5470,5364,10834
243,5470,5364,10834
243,5470,5365,10835
243,5470,5365,10835
243,5471,5365,10836
243,5471,5365,10836
243,5471,5366,10837
243,5471,5366,10837
243,5471,5367,10838
243,5471,5367,10838
243,5472,5367,10839
243,5472,5366,10838
243,5472,5366,10838
243,5472,5366,10838
243,5472,5367,10839
243,5472,5367,10839
243,5473,5367,10840
243,5473,5367,10840
243,5474,5367,10841
243,5474,5367,10841
243,5474,5367,10841
243,5473,5367,10840
243,5473,5367,10840
243,5473,5367,10840
243,5473,5367,10840
243,5473,5368,10841
243,5473,5368,10841
243,5474,5368,10842
243,5474,5368,10842
243,5475,5368,10843
243,5475,5368,10843
243,5475,5368,10843
243,5476,5368,10844
243,5476,5368,10844
243,5477,5368,10845
243,5477,5368,10845
243,5477,5369,10846
243,5477,5369,10846
243,5476,5369,10845
243,5476,5369,10845
243,5477,5369,10846
243,5477,5369,10846
243,5477,5369,10846
243,5477,5370,10847
243,5477,5369,10846
243,5477,5369,10846
243,5477,5369,10846
243,5477,5369,10846
243,5477,5370,10847
243,5477,5370,10847
243,5477,5370,10847
243,5477,5370,10847
243,5477,5370,10847
243,5478,5370,10848
243,5478,5370,10848
243,5478,5370,10848
243,5478,5371,10849
243,5478,5371,10849
243,5479,5371,10850
243,5479,5371,10850
243,5479,5372,10851
243,5479,5372,10851
243,5480,5372,10852
243,5480,5371,10851
243,5480,5371,10851
243,5480,5371,10851
243,5480,5372,10852
243,5480,5372,10852
243,5480,5372,10852
243,5479,5372,10851
243,5479,5372,10851
243,5480,5372,10852
243,5480,5372,10852
243,5480,5372,10852
243,5480,5372,10852
243,5481,5372,10853
243,5481,5372,10853
243,5482,5372,10854
243,5482,5372,10854
243,5483,5372,10855
243,5483,5372,10855
243,5484,5372,10856
243,5484,5372,10856
243,5485,5372,10857
243,5485,5372,10857
243,5485,5372,10857
243,5485,5372,10857
243,5485,5373,10858
243,5485,5373,10858
243,5486,5373,10859
243,5486,5372,10858
243,5485,5372,10857
243,5485,5372,10857
243,5485,5372,10857
243,5485,5372,10857
243,5485,5372,10857
243,5485,5373,10858
243,5485,5373,10858
243,5485,5374,10859
243,5485,5374,10859
243,5485,5374,10859
243,5486,5374,10860
243,5486,5373,10859
243,5486,5373,10859
243,5486,5374,10860
243,5486,5374,10860
243,5486,5374,10860
243,5485,5374,10859
243,5485,5374,10859
243,5485,5374,10859
243,5485,5375,10860
243,5485,5375,10860
243,5486,5375,10861
243,5486,5375,10861
243,5487,5375,10862
243,5487,5375,10862
243,5488,5375,10863
243,5488,5375,10863
243,5489,5375,10864
243,5489,5375,10864
243,5489,5375,10864
243,5489,5376,10865
243,5489,5375,10864
243,5489,5375,10864
243,5490,5375,10865
243,5490,5374,10864
243,5489,5374,10863
243,5489,5374,10863
243,5489,5375,10864
243,5489,5375,10864
243,5490,5375,10865
243,5489,5375,10864
243,5489,5375,10864
243,5488,5375,10863
243,5488,5375,10863
243,5488,5376,10864
243,5488,5376,10864
243,5488,5376,10864
243,5488,5377,10865
243,5488,5377,10865
243,5488,5377,10865
243,5488,5378,10866
243,5488,5378,10866
243,5488,5379,10867
243,5488,5379,10867
243,5488,5380,10868
243,5488,5380,10868
243,5489,5380,10869
243,5489,5380,10869
243,5490,5380,10870
243,5490,5379,10869
243,5490,5379,10869
243,5490,5380,10870
243,5490,5380,10870
243,5490,5380,10870
243,5491,5380,10871
243,5491,5380,10871
243,5491,5381,10872
243,5491,5381,10872
243,5492,5381,10873
243,5492,5381,10873
243,5492,5382,10874
243,5491,5382,10873
243,5491,5381,10872
243,5491,5381,10872
243,5490,5381,10871
243,5490,5381,10871
243,5490,5382,10872
243,5490,5381,10871
243,5490,5381,10871
243,5490,5381,10871
243,5491,5381,10872
243,5491,5381,10872
243,5492,5381,10873
243,5492,5381,10873
243,5492,5380,10872
243,5491,5380,10871
243,5491,5380,10871
243,5491,5381,10872
243,5491,5381,10872
243,5491,5382,10873
243,5490,5382,10872
243,5490,5381,10871
243,5490,5380,10870
243,5490,5380,10870
243,5491,5380,10871
243,5491,5380,10871
243,5492,5380,10872
243,5492,5380,10872
243,5492,5381,10873
243,5492,5381,10873
243,5493,5381,10874
243,5492,5381,10873
243,5491,5381,10872
243,5491,5380,10871
243,5491,5380,10871
243,5491,5381,10872
243,5491,5381,10872
243,5491,5382,10873
243,5491,5382,10873
243,5490,5382,10872
243,5490,5382,10872
243,5490,5383,10873
243,5490,5383,10873
243,5490,5384,10874
243,5490,5384,10874
243,5490,5385,10875
243,5490,5385,10875
243,5490,5386,10876
243,5490,5386,10876
243,5490,5387,10877
243,5490,5386,10876
243,5490,5385,10875
243,5490,5385,10875
243,5490,5385,10875
243,5490,5385,10875
243,5490,5386,10876
243,5490,5386,10876
243,5490,5387,10877
243,5490,5387,10877
243,5490,5386,10876
243,5490,5386,10876
243,5490,5386,10876
243,5490,5385,10875
243,5490,5385,10875
243,5490,5385,10875
243,5491,5385,10876
243,5491,5385,10876
243,5491,5385,10876
243,5491,5385,10876
243,5491,5385,10876
243,5492,5385,10877
243,5492,5385,10877
243,5493,5385,10878
243,5493,5385,10878
243,5494,5385,10879
243,5494,5385,10879
243,5494,5384,10878
243,5493,5384,10877
243,5493,5384,10877
243,5493,5384,10877
243,5494,5384,10878
243,5494,5384,10878
243,5494,5384,10878
243,5494,5385,10879
243,5494,5385,10879
243,5494,5386,10880
243,5493,5386,10879
243,5493,5386,10879
243,5493,5386,10879
243,5493,5385,10878
243,5493,5385,10878
243,5493,5386,10879
243,5493,5386,10879
243,5494,5386,10880
243,5494,5386,10880
243,5494,5386,10880
243,5495,5386,10881
243,5495,5386,10881
243,5495,5387,10882
243,5495,5386,10881
243,5495,5386,10881
243,5495,5386,10881
243,5495,5386,10881
243,5496,5386,10882
243,5496,5386,10882
243,5496,5386,10882
243,5497,5386,10883
243,5497,5386,10883
243,5497,5385,10882
243,5497,5385,10882
243,5497,5386,10883
243,5496,5386,10882
243,5496,5385,10881
243,5495,5385,10880
243,5495,5385,10880
243,5495,5386,10881
243,5495,5386,10881
243,5495,5386,10881
243,5495,5386,10881
243,5495,5386,10881
243,5495,5386,10881
243,5496,5386,10882
243,5496,5386,10882
243,5496,5386,10882
243,5496,5387,10883
243,5496,5387,10883
243,5496,5388,10884
243,5495,5388,10883
243,5495,5388,10883
243,5495,5389,10884
243,5495,5389,10884
243,5495,5390,10885
243,5495,5390,10885
243,5495,5391,10886
243,5495,5391,10886
243,5495,5392,10887
243,5495,5392,10887
243,5496,5392,10888
243,5496,5392,10888
243,5497,5392,10889
243,5497,5392,10889
243,5498,5392,10890
243,5498,5391,10889
243,5498,5391,10889
243,5498,5391,10889
243,5498,5392,10890
243,5498,5392,10890
243,5498,5393,10891
243,5498,5393,10891
243,5499,5393,10892
243,5499,5393,10892
243,5500,5393,10893
243,5500,5393,10893
243,5501,5393,10894
243,5500,5393,10893
243,5500,5393,10893
243,5500,5393,10893
243,5500,5394,10894
243,5500,5394,10894
243,5500,5395,10895
243,5500,5395,10895
243,5500,5395,10895
243,5500,5396,10896
243,5500,5396,10896
243,5500,5397,10897
243,5499,5397,10896
243,5499,5397,10896
243,5499,5398,10897
243,5499,5398,10897
243,5499,5399,10898
243,5499,5399,10898
243,5499,5399,10898
243,5500,5399,10899
243,5500,5399,10899
243,5500,5399,10899
243,5500,5399,10899
243,5500,5400,10900
243,5500,5400,10900
243,5500,5400,10900
243,5501,5400,10901
243,5501,5400,10901
243,5501,5399,10900
243,5501,5399,10900
243,5501,5400,10901
243,5501,5400,10901
243,5501,5401,10902
243,5501,5401,10902
243,5502,5401,10903
243,5502,5401,10903
243,5502,5401,10903
243,5502,5401,10903
243,5502,5401,10903
243,5501,5401,10902
243,5501,5401,10902
243,5501,5402,10903
243,5501,5402,10903
243,5502,5402,10904
243,5501,5402,10903
243,5501,5402,10903
243,5501,5402,10903
243,5501,5403,10904
243,5501,5403,10904
243,5501,5403,10904
243,5501,5403,10904
243,5502,5403,10905
243,5502,5403,10905
243,5502,5403,10905
243,5502,5403,10905
243,5503,5403,10906
243,5503,5403,10906
243,5503,5404,10907
243,5503,5404,10907
243,5502,5404,10906
243,5502,5404,10906
243,5503,5404,10907
243,5503,5404,10907
243,5503,5403,10906
243,5503,5403,10906
243,5503,5403,10906
243,5503,5403,10906
243,5503,5403,10906
243,5503,5403,10906
243,5503,5403,10906
243,5504,5403,10907
243,5504,5403,10907
243,5505,5403,10908
243,5504,5403,10907
243,5504,5403,10907
243,5504,5403,10907
243,5504,5403,10907
243,5505,5403,10908
243,5504,5403,10907
243,5504,5403,10907
243,5505,5403,10908
243,5505,5403,10908
243,5506,5403,10909
243,5506,5403,10909
243,5506,5403,10909
243,5506,5404,10910
243,5506,5404,10910
243,5506,5405,10911
243,5506,5405,10911
243,5506,5406,10912
243,5506,5406,10912
243,5506,5407,10913
243,5506,5407,10913
243,5506,5408,10914
243,5506,5408,10914
243,5506,5408,10914
243,5507,5408,10915
243,5506,5408,10914
243,5506,5408,10914
243,5506,5408,10914
243,5506,5409,10915
243,5506,5409,10915
243,5506,5410,10916
243,5506,5410,10916
243,5507,5410,10917
243,5507,5410,10917
243,5507,5410,10917
243,5507,5411,10918
243,5507,5411,10918
243,5508,5411,10919
243,5507,5411,10918
243,5507,5411,10918
243,5508,5411,10919
243,5508,5411,10919
243,5508,5412,10920
243,5508,5412,10920
243,5508,5412,10920
243,5509,5412,10921
243,5509,5412,10921
243,5510,5412,10922
243,5509,5412,10921
243,5509,5412,10921
243,5509,5413,10922
243,5509,5413,10922
243,5510,5413,10923
243,5510,5413,10923
243,5511,5413,10924
243,5511,5413,10924
243,5512,5413,10925
243,5511,5413,10924
243,5511,5413,10924
243,5511,5414,10925
243,5511,5414,10925
243,5511,5415,10926
243,5511,5415,10926
243,5512,5415,10927
243,5512,5415,10927
243,5512,5416,10928
243,5512,5416,10928
243,5513,5416,10929
243,5513,5416,10929
243,5513,5416,10929
243,5513,5417,10930
243,5513,5417,10930
243,5513,5417,10930
243,5513,5418,10931
243,5513,5418,10931
243,5514,5418,10932
243,5514,5418,10932
243,5515,5418,10933
243,5515,5418,10933
243,5515,5418,10933
243,5515,5419,10934
243,5515,5419,10934
243,5515,5420,10935
243,5515,5420,10935
243,5516,5420,10936
243,5516,5420,10936
243,5517,5420,10937
243,5517,5420,10937
243,5518,5420,10938
243,5517,5420,10937
243,5517,5420,10937
243,5517,5421,10938
243,5517,5421,10938
243,5517,5422,10939
243,5517,5422,10939
243,5517,5423,10940
243,5517,5423,10940
243,5518,5423,10941
243,5518,5423,10941
243,5518,5423,10941
243,5518,5424,10942
243,5517,5424,10941
243,5517,5424,10941
243,5518,5424,10942
243,5518,5424,10942
243,5518,5425,10943
243,5518,5425,10943
243,5519,5425,10944
243,5519,5425,10944
243,5519,5425,10944
243,5519,5426,10945
243,5519,5426,10945
243,5520,5426,10946
243,5520,5426,10946
243,5521,5426,10947
243,5521,5426,10947
243,5521,5427,10948
243,5521,5426,10947
243,5521,5426,10947
243,5522,5426,10948
243,5522,5426,10948
243,5522,5427,10949
243,5522,5427,10949
243,5522,5428,10950
243,5522,5427,10949
243,5522,5427,10949
243,5522,5428,10950
243,5522,5428,10950
243,5522,5429,10951
243,5522,5428,10950
243,5522,5428,10950
243,5522,5428,10950
243,5523,5428,10951
243,5523,5428,10951
243,5524,5428,10952
243,5524,5428,10952
243,5524,5427,10951
243,5524,5427,10951
243,5524,5427,10951
243,5523,5427,10950
243,5522,5427,10949
243,5522,5426,10948
243,5522,5426,10948
243,5522,5427,10949
243,5522,5427,10949
243,5522,5426,10948
243,5522,5426,10948
243,5522,5425,10947
243,5521,5425,10946
243,5521,5425,10946
243,5521,5426,10947
243,5521,5426,10947
243,5521,5427,10948
243,5521,5427,10948
243,5522,5427,10949
243,5522,5427,10949
243,5522,5428,10950
243,5521,5428,10949
243,5521,5428,10949
243,5522,5428,10950
243,5522,5428,10950
243,5522,5429,10951
243,5522,5429,10951
243,5522,5430,10952
243,5522,5430,10952
243,5522,5431,10953
243,5522,5431,10953
243,5522,5431,10953
243,5522,5430,10952
243,5522,5430,10952
243,5523,5430,10953
243,5523,5430,10953
243,5523,5431,10954
243,5523,5430,10953
243,5523,5430,10953
243,5524,5430,10954
243,5524,5430,10954
243,5525,5430,10955
243,5525,5430,10955
243,5525,5430,10955
243,5525,5431,10956
243,5525,5431,10956
243,5525,5432,10957
243,5525,5431,10956
243,5525,5431,10956
243,5526,5431,10957
243,5526,5431,10957
243,5526,5430,10956
243,5525,5430,10955
243,5525,5430,10955
243,5525,5431,10956
243,5525,5431,10956
243,5525,5431,10956
243,5526,5431,10957
243,5526,5431,10957
243,5527,5431,10958
243,5527,5431,10958
243,5527,5431,10958
243,5527,5432,10959
243,5527,5431,10958
243,5527,5431,10958
243,5528,5431,10959
243,5528,5431,10959
243,5529,5431,10960
243,5529,5431,10960
243,5530,5431,10961
243,5530,5430,10960
243,5530,5430,10960
243,5531,5430,10961
243,5531,5430,10961
243,5531,5430,10961
243,5532,5430,10962
243,5532,5430,10962
243,5532,5430,10962
243,5532,5431,10963
243,5531,5431,10962
243,5531,5431,10962
243,5531,5430,10961
243,5531,5430,10961
243,5531,5430,10961
243,5530,5430,10960
243,5530,5430,10960
243,5530,5430,10960
243,5531,5430,10961
243,5531,5430,10961
243,5532,5430,10962
243,5532,5430,10962
243,5532,5431,10963
243,5532,5431,10963
243,5532,5432,10964
243,5532,5432,10964
243,5533,5432,10965
243,5532,5432,10964
243,5532,5432,10964
243,5532,5433,10965
243,5532,5433,10965
243,5533,5433,10966
243,5533,5433,10966
243,5533,5433,10966
243,5533,5434,10967
243,5532,5434,10966
243,5532,5433,10965
243,5532,5433,10965
243,5531,5433,10964
243,5531,5433,10964
243,5531,5433,10964
243,5532,5433,10965
243,5532,5433,10965
243,5533,5433,10966
243,5533,5432,10965
243,5532,5432,10964
243,5532,5432,10964
243,5532,5432,10964
243,5532,5432,10964
243,5533,5432,10965
243,5532,5432,10964
243,5532,5432,10964
243,5532,5433,10965
243,5532,5433,10965
243,5533,5433,10966
243,5533,5433,10966
243,5534,5433,10967
243,5534,5433,10967
243,5534,5434,10968
243,5533,5434,10967
243,5533,5434,10967
243,5534,5434,10968
243,5534,5433,10967
243,5534,5433,10967
243,5534,5434,10968
243,5534,5434,10968
243,5534,5435,10969
243,5534,5435,10969
243,5535,5435,10970
243,5535,5435,10970
243,5536,5435,10971
243,5535,5435,10970
243,5535,5435,10970
243,5534,5435,10969
243,5534,5435,10969
243,5534,5435,10969
243,5534,5436,10970
243,5534,5436,10970
243,5535,5436,10971
243,5535,5436,10971
243,5535,5437,10972
243,5535,5437,10972
243,5535,5438,10973
243,5535,5438,10973
243,5535,5439,10974
243,5535,5439,10974
243,5534,5439,10973
243,5534,5439,10973
243,5534,5438,10972
243,5534,5438,10972
243,5535,5438,10973
243,5535,5438,10973
243,5535,5438,10973
243,5535,5438,10973
243,5535,5439,10974
243,5535,5439,10974
243,5535,5440,10975
243,5535,5440,10975
243,5535,5439,10974
243,5535,5439,10974
243,5536,5439,10975
243,5536,5439,10975
243,5536,5440,10976
243,5536,5440,10976
243,5537,5440,10977
243,5537,5440,10977
243,5537,5440,10977
243,5537,5441,10978
243,5537,5441,10978
243,5537,5441,10978
243,5537,5442,10979
243,5537,5442,10979
243,5537,5442,10979
243,5537,5442,10979
243,5538,5442,10980
243,5538,5442,10980
243,5538,5443,10981
243,5538,5443,10981
243,5538,5444,10982
243,5538,5444,10982
243,5539,5444,10983
243,5539,5443,10982
243,5539,5443,10982
243,5539,5443,10982
243,5539,5443,10982
243,5539,5443,10982
243,5540,5443,10983
243,5540,5443,10983
243,5541,5443,10984
243,5541,5443,10984
243,5541,5444,10985
243,5541,5444,10985
243,5541,5445,10986
243,5540,5445,10985
243,5540,5445,10985
243,5541,5445,10986
243,5541,5445,10986
243,5541,5445,10986
243,5541,5445,10986
243,5541,5446,10987
243,5541,5446,10987
243,5542,5446,10988
243,5542,5446,10988
243,5543,5446,10989
243,5543,5446,10989
243,5543,5447,10990
243,5543,5447,10990
243,5543,5448,10991
243,5543,5448,10991
243,5544,5448,10992
243,5544,5448,10992
243,5545,5448,10993
243,5545,5448,10993
243,5545,5448,10993
243,5545,5449,10994
243,5545,5449,10994
243,5545,5448,10993
243,5545,5447,10992
243,5545,5447,10992
243,5546,5447,10993
243,5546,5447,10993
243,5546,5448,10994
243,5546,5448,10994
243,5547,5448,10995
243,5547,5448,10995
243,5547,5449,10996
243,5547,5449,10996
243,5547,5449,10996
243,5547,5450,10997
243,5546,5450,10996
243,5546,5449,10995
243,5546,5449,10995
243,5546,5449,10995
243,5546,5449,10995
243,5546,5449,10995
243,5547,5449,10996
243,5547,5449,10996
243,5547,5450,10997
243,5547,5450,10997
243,5547,5449,10996
243,5547,5449,10996
243,5547,5448,10995
243,5547,5448,10995
243,5547,5448,10995
243,5547,5448,10995
243,5548,5448,10996
243,5548,5448,10996
243,5548,5449,10997
243,5548,5449,10997
243,5548,5449,10997
243,5547,5449,10996
243,5547,5448,10995
243,5547,5448,10995
243,5548,5448,10996
243,5548,5448,10996
243,5548,5449,10997
243,5548,5449,10997
243,5548,5449,10997
243,5549,5449,10998
243,5549,5449,10998
243,5548,5449,10997
243,5548,5449,10997
243,5549,5449,10998
243,5548,5449,10997
243,5548,5449,10997
243,5548,5450,10998
243,5548,5450,10998
243,5547,5450,10997
243,5547,5450,10997
243,5547,5450,10997
243,5547,5451,10998
243,5547,5450,10997
243,5547,5449,10996
243,5547,5449,10996
243,5547,5450,10997
243,5547,5450,10997
243,5548,5450,10998
243,5548,5450,10998
243,5548,5450,10998
243,5549,5450,10999
243,5549,5450,10999
243,5549,5449,10998
243,5549,5449,10998
243,5550,5449,10999
243,5549,5449,10998
243,5549,5449,10998
243,5549,5450,10999
243,5549,5450,10999
243,5550,5450,11000
243,5550,5450,11000
243,5551,5450,11001
243,5551,5450,11001
243,5551,5451,11002
243,5551,5451,11002
243,5551,5451,11002
243,5551,5451,11002
243,5551,5451,11002
243,5551,5452,11003
243,5551,5452,11003
243,5551,5453,11004
243,5551,5453,11004
243,5552,5453,11005
243,5551,5453,11004
243,5550,5453,11003
243,5550,5452,11002
243,5550,5452,11002
243,5551,5452,11003
243,5551,5451,11002
243,5550,5451,11001
243,5550,5451,11001
243,5550,5451,11001
243,5550,5451,11001
243,5550,5451,11001
243,5550,5451,11001
243,5550,5452,11002
243,5550,5451,11001
243,5550,5450,11000
243,5550,5450,11000
243,5550,5451,11001
243,5549,5451,11000
243,5549,5451,11000
243,5550,5451,11001
243,5550,5451,11001
243,5550,5451,11001
243,5550,5451,11001
243,5550,5451,11001
243,5551,5451,11002
243,5551,5451,11002
243,5551,5452,11003
243,5551,5451,11002
243,5551,5451,11002
243,5551,5452,11003
243,5551,5452,11003
243,5552,5452,11004
243,5552,5452,11004
243,5552,5453,11005
243,5552,5453,11005
243,5553,5453,11006
243,5553,5453,11006
243,5553,5453,11006
243,5554,5453,11007
243,5554,5453,11007
243,5554,5453,11007
243,5554,5454,11008
243,5554,5454,11008
243,5554,5455,11009
243,5554,5455,11009
243,5554,5455,11009
243,5554,5456,11010
243,5554,5455,11009
243,5554,5455,11009
243,5554,5455,11009
243,5554,5455,11009
243,5554,5456,11010
243,5554,5456,11010
243,5554,5455,11009
243,5554,5455,11009
243,5554,5455,11009
243,5555,5455,11010
243,5555,5455,11010
243,5555,5455,11010
243,5555,5456,11011
243,5555,5455,11010
243,5555,5455,11010
243,5555,5456,11011
243,5555,5455,11010
243,5555,5455,11010
243,5556,5455,11011
243,5556,5455,11011
243,5556,5456,11012
243,5556,5455,11011
243,5556,5455,11011
243,5556,5456,11012
243,5556,5456,11012
243,5556,5456,11012
243,5556,5456,11012
243,5556,5456,11012
243,5556,5457,11013
243,5556,5457,11013
243,5556,5457,11013
243,5556,5458,11014
243,5556,5458,11014
243,5556,5457,11013
243,5556,5456,11012
243,5556,5456,11012
243,5556,5456,11012
243,5557,5456,11013
243,5557,5456,11013
243,5557,5456,11013
243,5558,5456,11014
243,5558,5456,11014
243,5558,5456,11014
243,5559,5456,11015
243,5559,5456,11015
243,5559,5457,11016
243,5559,5457,11016
243,5560,5457,11017
243,5560,5457,11017
243,5561,5457,11018
243,5561,5456,11017
243,5560,5456,11016
243,5560,5456,11016
243,5560,5456,11016
243,5560,5456,11016
243,5561,5456,11017
243,5561,5456,11017
243,5561,5457,11018
243,5561,5457,11018
243,5561,5457,11018
243,5562,5457,11019
243,5562,5457,11019
243,5563,5457,11020
243,5563,5457,11020
243,5563,5457,11020
243,5563,5458,11021
243,5563,5458,11021
243,5563,5459,11022
243,5563,5459,11022
243,5564,5459,11023
243,5564,5459,11023
243,5565,5459,11024
243,5565,5459,11024
243,5566,5459,11025
243,5566,5459,11025
243,5567,5459,11026
243,5567,5459,11026
243,5568,5459,11027
243,5568,5459,11027
243,5568,5460,11028
243,5568,5460,11028
243,5569,5460,11029
243,5569,5460,11029
243,5570,5460,11030
243,5570,5460,11030
243,5570,5461,11031
243,5570,5461,11031
243,5571,5461,11032
243,5571,5461,11032
243,5571,5462,11033
243,5570,5462,11032
243,5570,5461,11031
243,5570,5461,11031
243,5570,5461,11031
243,5570,5461,11031
243,5569,5461,11030
243,5569,5461,11030
243,5569,5460,11029
243,5569,5460,11029
243,5569,5460,11029
243,5569,5461,11030
243,5569,5461,11030
243,5569,5462,11031
243,5568,5462,11030
243,5568,5461,11029
243,5568,5461,11029
243,5568,5461,11029
243,5569,5461,11030
243,5569,5461,11030
243,5569,5462,11031
243,5569,5462,11031
243,5569,5462,11031
243,5569,5462,11031
243,5569,5462,11031
243,5570,5462,11032
243,5570,5461,11031
243,5570,5461,11031
243,5570,5461,11031
243,5571,5461,11032
243,5571,5461,11032
243,5571,5462,11033
243,5571,5462,11033
243,5571,5462,11033
243,5571,5463,11034
243,5571,5463,11034
243,5571,5463,11034
243,5570,5463,11033
243,5570,5463,11033
243,5570,5463,11033
243,5570,5464,11034
243,5570,5464,11034
243,5570,5465,11035
243,5570,5465,11035
243,5570,5466,11036
243,5570,5466,11036
243,5570,5467,11037
243,5570,5467,11037
243,5571,5467,11038
243,5571,5466,11037
243,5570,5466,11036
243,5570,5466,11036
243,5570,5466,11036
243,5570,5467,11037
243,5570,5466,11036
243,5570,5465,11035
243,5570,5465,11035
243,5571,5465,11036
243,5571,5464,11035
243,5571,5464,11035
243,5572,5464,11036
243,5572,5464,11036
243,5572,5464,11036
243,5572,5464,11036
243,5573,5464,11037
243,5573,5464,11037
243,5573,5464,11037
243,5573,5465,11038
243,5573,5465,11038
243,5574,5465,11039
243,5574,5465,11039
243,5574,5466,11040
243,5573,5466,11039
243,5573,5466,11039
243,5573,5466,11039
243,5573,5467,11040
243,5573,5466,11039
243,5573,5466,11039
243,5573,5465,11038
243,5573,5465,11038
243,5573,5465,11038
243,5573,5466,11039
243,5573,5466,11039
243,5574,5466,11040
243,5574,5466,11040
243,5574,5467,11041
243,5574,5467,11041
243,5575,5467,11042
243,5574,5467,11041
243,5574,5467,11041
243,5573,5467,11040
243,5573,5467,11040
243,5573,5468,11041
243,5573,5468,11041
243,5573,5469,11042
243,5573,5468,11041
243,5573,5468,11041
243,5573,5468,11041
243,5573,5468,11041
243,5574,5468,11042
243,5574,5468,11042
243,5574,5469,11043
243,5574,5469,11043
243,5575,5469,11044
243,5575,5469,11044
243,5575,5468,11043
243,5575,5468,11043
243,5576,5468,11044
243,5576,5468,11044
243,5577,5468,11045
243,5577,5468,11045
243,5577,5468,11045
243,5577,5468,11045
243,5578,5468,11046
243,5578,5468,11046
243,5578,5468,11046
243,5578,5468,11046
243,5578,5469,11047
243,5578,5469,11047
243,5578,5469,11047
243,5578,5470,11048
243,5578,5470,11048
243,5578,5471,11049
243,5578,5471,11049
243,5579,5471,11050
243,5579,5471,11050
243,5579,5471,11050
243,5579,5471,11050
243,5579,5472,11051
243,5579,5472,11051
243,5580,5472,11052
243,5579,5472,11051
243,5579,5472,11051
243,5580,5472,11052
243,5580,5472,11052
243,5581,5472,11053
243,5581,5472,11053
243,5582,5472,11054
243,5582,5472,11054
243,5583,5472,11055
243,5583,5472,11055
243,5582,5472,11054
243,5582,5472,11054
243,5582,5472,11054
243,5583,5472,11055
243,5583,5472,11055
243,5583,5472,11055
243,5583,5473,11056
243,5583,5473,11056
243,5583,5473,11056
243,5583,5473,11056
243,5583,5474,11057
243,5582,5474,11056
243,5582,5474,11056
243,5582,5475,11057
243,5582,5475,11057
243,5582,5476,11058
243,5582,5476,11058
243,5583,5476,11059
243,5583,5476,11059
243,5583,5477,11060
243,5583,5477,11060
243,5583,5478,11061
243,5583,5478,11061
244,5584,5478,11062
244,5584,5477,11061
244,5583,5477,11060
244,5583,5477,11060
244,5583,5477,11060
244,5584,5477,11061
244,5584,5477,11061
244,5584,5477,11061
244,5584,5477,11061
244,5585,5477,11062
244,5585,5477,11062
244,5586,5477,11063
244,5586,5477,11063
244,5586,5477,11063
244,5587,5477,11064
244,5587,5477,11064
244,5587,5476,11063
244,5587,5476,11063
244,5586,5476,11062
244,5586,5476,11062
244,5586,5476,11062
244,5586,5477,11063
244,5586,5477,11063
244,5586,5478,11064
244,5585,5478,11063
244,5585,5477,11062
244,5585,5477,11062
244,5585,5477,11062
244,5585,5478,11063
244,5585,5478,11063
244,5586,5478,11064
244,5586,5478,11064
244,5586,5479,11065
244,5586,5479,11065
244,5587,5479,11066
244,5587,5479,11066
244,5587,5480,11067
244,5587,5480,11067
244,5587,5479,11066
244,5587,5479,11066
244,5587,5480,11067
244,5587,5480,11067
244,5587,5480,11067
244,5588,5480,11068
244,5588,5479,11067
244,5588,5479,11067
244,5589,5479,11068
244,5589,5479,11068
244,5590,5479,11069
244,5590,5479,11069
244,5590,5479,11069
244,5590,5479,11069
244,5590,5479,11069
244,5591,5479,11070
244,5591,5479,11070
244,5591,5479,11070
244,5591,5479,11070
244,5591,5479,11070
244,5591,5480,11071
244,5591,5480,11071
244,5591,5481,11072
244,5591,5481,11072
244,5592,5481,11073
244,5592,5481,11073
244,5593,5481,11074
244,5592,5481,11073
244,5592,5481,11073
244,5592,5482,11074
244,5592,5482,11074
244,5592,5482,11074
244,5593,5482,11075
244,5593,5482,11075
244,5593,5483,11076
244,5592,5483,11075
244,5592,5483,11075
244,5593,5483,11076
244,5593,5483,11076
244,5593,5483,11076
244,5593,5482,11075
244,5593,5482,11075
244,5592,5482,11074
244,5592,5482,11074
244,5593,5482,11075
244,5592,5482,11074
244,5592,5482,11074
244,5592,5483,11075
244,5592,5483,11075
244,5593,5483,11076
244,5593,5483,11076
244,5593,5483,11076
244,5593,5483,11076
244,5593,5483,11076
244,5594,5483,11077
244,5594,5483,11077
244,5595,5483,11078
244,5595,5483,11078
244,5595,5484,11079
244,5595,5484,11079
244,5594,5484,11078
244,5594,5484,11078
244,5595,5484,11079
244,5595,5484,11079
244,5595,5484,11079
244,5595,5484,11079
244,5595,5485,11080
244,5595,5484,11079
244,5595,5483,11078
244,5595,5483,11078
244,5595,5484,11079
244,5595,5484,11079
244,5596,5484,11080
244,5595,5484,11079
244,5595,5484,11079
244,5595,5484,11079
244,5596,5484,11080
244,5596,5484,11080
244,5596,5485,11081
244,5596,5485,11081
244,5596,5486,11082
244,5596,5486,11082
244,5597,5486,11083
244,5597,5486,11083
244,5597,5487,11084
244,5597,5487,11084
244,5597,5487,11084
244,5597,5488,11085
244,5597,5488,11085
244,5598,5488,11086
244,5598,5488,11086
244,5599,5488,11087
244,5599,5488,11087
244,5600,5488,11088
244,5600,5488,11088
244,5601,5488,11089
244,5600,5488,11088
244,5600,5488,11088
244,5601,5488,11089
244,5601,5488,11089
244,5601,5489,11090
244,5601,5489,11090
244,5600,5489,11089
244,5600,5489,11089
244,5601,5489,11090
244,5601,5489,11090
244,5602,5489,11091
244,5602,5489,11091
244,5602,5490,11092
244,5602,5490,11092
244,5603,5490,11093
244,5603,5490,11093
244,5604,5490,11094
244,5604,5489,11093
244,5604,5489,11093
244,5605,5489,11094
244,5605,5489,11094
244,5606,5489,11095
244,5606,5489,11095
244,5606,5490,11096
244,5606,5490,11096
244,5606,5491,11097
244,5605,5491,11096
244,5605,5490,11095
244,5605,5490,11095
244,5606,5490,11096
244,5606,5490,11096
244,5607,5490,11097
244,5607,5490,11097
244,5608,5490,11098
244,5608,5490,11098
244,5608,5491,11099
244,5608,5491,11099
244,5608,5491,11099
244,5608,5492,11100
244,5608,5492,11100
244,5609,5492,11101
244,5609,5491,11100
244,5609,5491,11100
244,5609,5492,11101
244,5609,5492,11101
244,5609,5492,11101
244,5609,5492,11101
244,5610,5492,11102
244,5610,5492,11102
244,5611,5492,11103
244,5610,5492,11102
244,5610,5492,11102
244,5611,5492,11103
244,5610,5492,11102
244,5610,5492,11102
244,5610,5492,11102
244,5611,5492,11103
244,5610,5492,11102
244,5610,5492,11102
244,5610,5492,11102
244,5611,5492,11103
244,5611,5492,11103
244,5611,5493,11104
244,5611,5493,11104
244,5611,5494,11105
244,5611,5494,11105
244,5612,5494,11106
244,5612,5494,11106
244,5612,5495,11107
244,5612,5495,11107
244,5612,5496,11108
244,5611,5496,11107
244,5611,5496,11107
244,5611,5497,11108
244,5611,5496,11107
244,5611,5496,11107
244,5612,5496,11108
244,5612,5496,11108
244,5612,5495,11107
244,5612,5495,11107
244,5613,5495,11108
244,5613,5495,11108
244,5612,5495,11107
244,5612,5495,11107
244,5612,5495,11107
244,5612,5496,11108
244,5611,5496,11107
244,5611,5496,11107
244,5612,5496,11108
244,5612,5496,11108
244,5613,5496,11109
244,5613,5496,11109
244,5613,5496,11109
244,5613,5497,11110
244,5613,5497,11110
244,5614,5497,11111
244,5614,5496,11110
244,5614,5496,11110
244,5615,5496,11111
244,5615,5496,11111
244,5616,5496,11112
244,5615,5496,11111
244,5615,5496,11111
244,5615,5497,11112
244,5615,5497,11112
244,5615,5498,11113
244,5615,5498,11113
244,5615,5498,11113
244,5616,5498,11114
244,5616,5498,11114
244,5616,5499,11115
244,5616,5499,11115
244,5617,5499,11116
244,5617,5499,11116
244,5617,5499,11116
244,5617,5499,11116
244,5616,5499,11115
244,5616,5499,11115
244,5617,5499,11116
244,5617,5499,11116
244,5617,5500,11117
244,5617,5500,11117
244,5618,5500,11118
244,5618,5500,11118
244,5619,5500,11119
244,5618,5500,11118
244,5617,5500,11117
244,5617,5500,11117
244,5618,5500,11118
244,5618,5500,11118
244,5619,5500,11119
244,5619,5500,11119
244,5619,5500,11119
244,5619,5500,11119
244,5618,5500,11118
244,5618,5500,11118
244,5618,5500,11118
244,5619,5500,11119
244,5619,5500,11119
244,5620,5500,11120
244,5619,5500,11119
244,5619,5500,11119
244,5619,5500,11119
244,5620,5500,11120
244,5620,5500,11120
244,5621,5500,11121
244,5621,5500,11121
244,5622,5500,11122
244,5622,5500,11122
244,5622,5500,11122
244,5623,5500,11123
244,5622,5500,11122
244,5621,5500,11121
244,5621,5500,11121
244,5620,5500,11120
244,5620,5500,11120
244,5619,5500,11119
244,5619,5500,11119
244,5619,5501,11120
244,5619,5501,11120
244,5619,5501,11120
244,5620,5501,11121
244,5620,5501,11121
244,5620,5501,11121
244,5619,5501,11120
244,5619,5501,11120
244,5619,5502,11121
244,5618,5502,11120
244,5618,5502,11120
244,5618,5503,11121
244,5618,5503,11121
244,5618,5503,11121
244,5619,5503,11122
244,5619,5503,11122
244,5620,5503,11123
244,5620,5502,11122
244,5620,5502,11122
244,5620,5503,11123
244,5620,5503,11123
244,5620,5504,11124
244,5620,5504,11124
244,5620,5505,11125
244,5619,5505,11124
244,5619,5505,11124
244,5619,5505,11124
244,5620,5505,11125
244,5620,5505,11125
244,5620,5505,11125
244,5620,5505,11125
244,5621,5505,11126
244,5621,5505,11126
244,5621,5506,11127
244,5621,5506,11127
244,5622,5506,11128
244,5622,5506,11128
244,5623,5506,11129
244,5623,5505,11128
244,5623,5505,11128
244,5623,5506,11129
244,5623,5506,11129
244,5624,5506,11130
244,5624,5506,11130
244,5624,5507,11131
244,5624,5507,11131
244,5624,5507,11131
244,5624,5507,11131
244,5624,5508,11132
244,5624,5508,11132
244,5624,5508,11132
244,5624,5508,11132
244,5624,5509,11133
244,5624,5509,11133
244,5624,5510,11134
244,5624,5510,11134
244,5624,5511,11135
244,5624,5511,11135
244,5624,5512,11136
244,5624,5512,11136
244,5625,5512,11137
244,5625,5512,11137
244,5625,5513,11138
244,5625,5513,11138
244,5625,5513,11138
244,5625,5514,11139
244,5625,5514,11139
244,5625,5514,11139
244,5626,5514,11140
244,5626,5514,11140
244,5627,5514,11141
244,5626,5514,11140
244,5626,5514,11140
244,5626,5515,11141
244,5626,5515,11141
244,5627,5515,11142
244,5627,5515,11142
244,5628,5515,11143
244,5628,5515,11143
244,5628,5516,11144
244,5627,5516,11143
244,5627,5516,11143
244,5627,5516,11143
244,5628,5516,11144
244,5628,5516,11144
244,5629,5516,11145
244,5629,5516,11145
244,5630,5516,11146
244,5630,5516,11146
244,5631,5516,11147
244,5631,5516,11147
244,5631,5517,11148
244,5631,5517,11148
244,5631,5518,11149
244,5631,5518,11149
244,5631,5519,11150
244,5631,5519,11150
244,5632,5519,11151
244,5632,5519,11151
244,5632,5520,11152
244,5632,5520,11152
244,5632,5521,11153
244,5632,5521,11153
244,5633,5521,11154
244,5633,5521,11154
244,5634,5521,11155
244,5634,5521,11155
244,5635,5521,11156
244,5635,5521,11156
244,5636,5521,11157
244,5636,5520,11156
244,5636,5520,11156
244,5637,5520,11157
244,5636,5520,11156
244,5636,5520,11156
244,5635,5520,11155
244,5635,5520,11155
244,5636,5520,11156
244,5635,5520,11155
244,5635,5520,11155
244,5635,5520,11155
244,5635,5520,11155
244,5635,5521,11156
244,5635,5521,11156
244,5636,5521,11157
244,5636,5521,11157
244,5636,5522,11158
244,5636,5522,11158
244,5636,5523,11159
244,5636,5523,11159
244,5637,5523,11160
244,5637,5523,11160
244,5638,5523,11161
244,5638,5523,11161
244,5638,5523,11161
244,5637,5523,11160
244,5637,5523,11160
244,5638,5523,11161
244,5638,5523,11161
244,5638,5523,11161
244,5638,5523,11161
244,5638,5524,11162
244,5637,5524,11161
244,5637,5524,11161
244,5637,5524,11161
244,5637,5525,11162
244,5637,5525,11162
244,5637,5526,11163
244,5637,5526,11163
244,5638,5526,11164
244,5638,5526,11164
244,5638,5527,11165
244,5638,5527,11165
244,5638,5528,11166
244,5638,5528,11166
244,5638,5529,11167
244,5638,5529,11167
244,5639,5529,11168
244,5639,5529,11168
244,5640,5529,11169
244,5640,5528,11168
244,5640,5528,11168
244,5640,5528,11168
244,5639,5528,11167
244,5639,5528,11167
244,5639,5528,11167
244,5640,5528,11168
244,5639,5528,11167
244,5639,5528,11167
244,5640,5528,11168
244,5640,5528,11168
244,5640,5528,11168
244,5641,5528,11169
244,5641,5528,11169
244,5640,5528,11168
244,5640,5528,11168
244,5641,5528,11169
244,5641,5528,11169
244,5641,5529,11170
244,5641,5529,11170
244,5641,5529,11170
244,5641,5530,11171
244,5641,5530,11171
244,5641,5531,11172
244,5641,5531,11172
244,5641,5532,11173
244,5640,5532,11172
244,5640,5532,11172
244,5641,5532,11173
244,5641,5532,11173
244,5642,5532,11174
244,5642,5532,11174
244,5642,5533,11175
244,5642,5533,11175
244,5642,5533,11175
244,5642,5533,11175
244,5643,5533,11176
244,5643,5533,11176
244,5643,5533,11176
244,5644,5533,11177
244,5644,5533,11177
244,5645,5533,11178
244,5645,5533,11178
244,5646,5533,11179
244,5646,5533,11179
244,5646,5534,11180
244,5646,5534,11180
244,5646,5533,11179
244,5646,5532,11178
244,5646,5532,11178
244,5647,5532,11179
244,5646,5532,11178
244,5646,5532,11178
244,5646,5532,11178
244,5647,5532,11179
244,5647,5532,11179
244,5646,5532,11178
244,5646,5532,11178
244,5647,5532,11179
244,5647,5532,11179
244,5647,5532,11179
244,5647,5533,11180
244,5647,5533,11180
244,5647,5534,11181
244,5647,5534,11181
244,5647,5534,11181
244,5647,5534,11181
244,5648,5534,11182
244,5647,5534,11181
244,5647,5534,11181
244,5647,5535,11182
244,5647,5535,11182
244,5648,5535,11183
244,5648,5535,11183
244,5649,5535,11184
244,5648,5535,11183
244,5648,5535,11183
244,5649,5535,11184
244,5648,5535,11183
244,5648,5535,11183
244,5648,5535,11183
244,5648,5535,11183
244,5649,5535,11184
244,5649,5535,11184
244,5650,5535,11185
244,5650,5535,11185
244,5651,5535,11186
244,5651,5535,11186
244,5652,5535,11187
244,5652,5535,11187
244,5652,5535,11187
244,5653,5535,11188
244,5653,5535,11188
244,5654,5535,11189
244,5654,5535,11189
244,5654,5535,11189
244,5655,5535,11190
244,5655,5535,11190
244,5655,5536,11191
244,5655,5536,11191
244,5655,5537,11192
244,5655,5537,11192
244,5655,5538,11193
244,5655,5538,11193
244,5655,5538,11193
244,5655,5539,11194
244,5655,5539,11194
244,5655,5539,11194
244,5655,5539,11194
244,5654,5539,11193
244,5654,5539,11193
244,5655,5539,11194
244,5655,5539,11194
244,5656,5539,11195
244,5656,5539,11195
244,5656,5539,11195
244,5656,5539,11195
244,5657,5539,11196
244,5657,5539,11196
244,5657,5539,11196
244,5657,5539,11196
244,5657,5539,11196
244,5657,5539,11196
244,5657,5540,11197
244,5657,5540,11197
244,5658,5540,11198
244,5658,5540,11198
244,5658,5541,11199
244,5658,5540,11198
244,5658,5540,11198
244,5658,5540,11198
244,5659,5540,11199
244,5659,5540,11199
244,5660,5540,11200
244,5660,5540,11200
244,5660,5539,11199
244,5660,5539,11199
244,5661,5539,11200
244,5661,5539,11200
244,5660,5539,11199
244,5659,5539,11198
244,5659,5539,11198
244,5659,5539,11198
244,5659,5539,11198
244,5659,5540,11199
244,5659,5540,11199
244,5659,5540,11199
244,5659,5541,11200
244,5659,5541,11200
244,5660,5541,11201
244,5660,5541,11201
244,5661,5541,11202
244,5661,5541,11202
244,5661,5542,11203
244,5661,5542,11203
244,5662,5542,11204
244,5662,5542,11204
244,5662,5543,11205
244,5662,5543,11205
244,5663,5543,11206
244,5663,5543,11206
244,5663,5543,11206
244,5663,5543,11206
244,5663,5544,11207
244,5663,5544,11207
244,5664,5544,11208
244,5664,5544,11208
244,5665,5544,11209
244,5665,5544,11209
244,5665,5545,11210
244,5665,5545,11210
244,5666,5545,11211
244,5666,5545,11211
244,5667,5545,11212
244,5667,5545,11212
244,5667,5546,11213
244,5667,5546,11213
244,5667,5547,11214
244,5667,5547,11214
244,5667,5548,11215
244,5667,5548,11215
244,5666,5548,11214
244,5666,5548,11214
244,5667,5548,11215
244,5667,5548,11215
244,5667,5549,11216
244,5667,5548,11215
244,5667,5548,11215
244,5667,5549,11216
244,5667,5548,11215
244,5667,5548,11215
244,5668,5548,11216
244,5668,5548,11216
244,5669,5548,11217
244,5669,5547,11216
244,5669,5547,11216
244,5669,5548,11217
244,5669,5548,11217
244,5670,5548,11218
244,5670,5548,11218
244,5670,5548,11218
244,5670,5548,11218
244,5670,5549,11219
244,5669,5549,11218
244,5669,5549,11218
244,5669,5549,11218
244,5670,5549,11219
244,5670,5549,11219
244,5671,5549,11220
244,5671,5549,11220
244,5671,5550,11221
244,5671,5549,11220
244,5671,5549,11220
244,5672,5549,11221
244,5672,5548,11220
244,5672,5548,11220
244,5673,5548,11221
244,5672,5548,11220
244,5672,5548,11220
244,5672,5548,11220
244,5672,5548,11220
244,5672,5548,11220
244,5673,5548,11221
244,5673,5548,11221
244,5673,5548,11221
244,5673,5549,11222
244,5673,5549,11222
244,5673,5549,11222
244,5673,5549,11222
244,5674,5549,11223
244,5674,5549,11223
244,5675,5549,11224
244,5675,5549,11224
244,5675,5550,11225
244,5675,5550,11225
244,5675,5550,11225
244,5676,5550,11226
244,5676,5550,11226
244,5677,5550,11227
244,5677,5550,11227
244,5677,5551,11228
244,5677,5551,11228
244,5677,5552,11229
244,5677,5552,11229
244,5678,5552,11230
244,5678,5552,11230
244,5678,5553,11231
244,5678,5553,11231
244,5678,5554,11232
244,5678,5554,11232
244,5679,5554,11233
244,5679,5554,11233
244,5679,5555,11234
244,5679,5555,11234
244,5680,5555,11235
244,5679,5555,11234
244,5679,5555,11234
244,5679,5556,11235
244,5679,5556,11235
244,5679,5557,11236
244,5679,5557,11236
244,5679,5558,11237
244,5678,5558,11236
244,5678,5558,11236
244,5678,5559,11237
244,5678,5559,11237
244,5679,5559,11238
244,5679,5559,11238
244,5680,5559,11239
244,5680,5559,11239
244,5681,5559,11240
244,5681,5559,11240
244,5682,5559,11241
244,5682,5559,11241
244,5682,5560,11242
244,5682,5560,11242
244,5683,5560,11243
244,5683,5560,11243
244,5684,5560,11244
244,5684,5559,11243
244,5683,5559,11242
244,5682,5559,11241
244,5682,5558,11240
244,5682,5558,11240
244,5682,5559,11241
244,5682,5559,11241
244,5682,5560,11242
244,5682,5560,11242
244,5681,5560,11241
244,5681,5560,11241
244,5682,5560,11242
244,5682,5560,11242
244,5683,5560,11243
244,5683,5560,11243
244,5684,5560,11244
244,5684,5560,11244
244,5685,5560,11245
244,5685,5560,11245
244,5686,5560,11246
244,5686,5560,11246
244,5687,5560,11247
244,5687,5560,11247
244,5687,5561,11248
244,5687,5560,11247
244,5687,5560,11247
244,5687,5559,11246
244,5686,5559,11245
244,5686,5559,11245
244,5687,5559,11246
244,5687,5559,11246
244,5688,5559,11247
244,5688,5559,11247
244,5689,5559,11248
244,5689,5559,11248
244,5689,5559,11248
244,5689,5560,11249
244,5689,5560,11249
244,5690,5560,11250
244,5690,5560,11250
244,5690,5560,11250
244,5690,5561,11251
244,5690,5561,11251
244,5690,5562,11252
244,5690,5562,11252
244,5691,5562,11253
244,5691,5562,11253
244,5691,5563,11254
244,5691,5563,11254
244,5691,5563,11254
244,5692,5563,11255
244,5692,5563,11255
244,5692,5564,11256
244,5692,5564,11256
244,5692,5565,11257
244,5692,5565,11257
244,5691,5565,11256
244,5691,5565,11256
244,5692,5565,11257
244,5692,5565,11257
244,5693,5565,11258
244,5693,5565,11258
244,5694,5565,11259
244,5694,5564,11258
244,5693,5564,11257
244,5693,5564,11257
244,5694,5564,11258
244,5693,5564,11257
244,5693,5564,11257
244,5694,5564,11258
244,5694,5564,11258
244,5694,5564,11258
244,5695,5564,11259
244,5695,5564,11259
244,5695,5565,11260
244,5694,5565,11259
244,5694,5565,11259
244,5694,5565,11259
244,5694,5566,11260
244,5694,5566,11260
244,5694,5566,11260
244,5694,5566,11260
244,5694,5566,11260
244,5695,5566,11261
244,5695,5566,11261
244,5695,5566,11261
244,5695,5566,11261
244,5696,5566,11262
244,5696,5565,11261
244,5696,5565,11261
244,5697,5565,11262
244,5697,5565,11262
244,5697,5566,11263
244,5697,5566,11263
244,5697,5566,11263
244,5698,5566,11264
244,5698,5566,11264
244,5699,5566,11265
244,5699,5566,11265
244,5699,5566,11265
244,5700,5566,11266
244,5700,5566,11266
244,5701,5566,11267
244,5701,5566,11267
244,5701,5566,11267
244,5701,5566,11267
244,5701,5567,11268
244,5701,5567,11268
244,5701,5567,11268
244,5702,5567,11269
244,5702,5567,11269
244,5702,5568,11270
244,5701,5568,11269
244,5701,5568,11269
244,5702,5568,11270
244,5702,5568,11270
244,5703,5568,11271
244,5703,5568,11271
244,5703,5568,11271
244,5703,5567,11270
244,5703,5567,11270
244,5703,5567,11270
244,5704,5567,11271
244,5704,5567,11271
244,5705,5567,11272
244,5705,5567,11272
244,5705,5567,11272
244,5705,5567,11272
244,5705,5568,11273
244,5705,5568,11273
244,5705,5568,11273
244,5705,5568,11273
244,5705,5568,11273
244,5705,5568,11273
244,5705,5568,11273
244,5706,5568,11274
244,5706,5568,11274
244,5706,5569,11275
244,5705,5569,11274
244,5705,5569,11274
244,5705,5569,11274
244,5706,5569,11275
244,5706,5569,11275
244,5707,5569,11276
244,5707,5569,11276
244,5708,5569,11277
244,5708,5568,11276
244,5707,5568,11275
244,5707,5568,11275
244,5708,5568,11276
244,5708,5568,11276
244,5708,5569,11277
244,5708,5569,11277
244,5708,5569,11277
244,5709,5569,11278
244,5709,5569,11278
244,5709,5570,11279
244,5708,5570,11278
244,5708,5570,11278
244,5709,5570,11279
244,5709,5570,11279
244,5710,5570,11280
244,5710,5570,11280
244,5710,5570,11280
244,5710,5571,11281
244,5710,5570,11280
244,5710,5569,11279
244,5710,5569,11279
244,5710,5569,11279
244,5710,5569,11279
244,5710,5569,11279
244,5710,5569,11279
244,5711,5569,11280
244,5711,5569,11280
244,5712,5569,11281
244,5711,5569,11280
244,5711,5569,11280
244,5711,5569,11280
244,5711,5570,11281
244,5710,5570,11280
244,5710,5570,11280
244,5710,5571,11281
244,5710,5571,11281
244,5710,5571,11281
244,5710,5571,11281
244,5710,5570,11280
244,5710,5570,11280
244,5710,5570,11280
244,5710,5569,11279
244,5710,5569,11279
244,5709,5569,11278
244,5709,5569,11278
244,5708,5569,11277
244,5708,5569,11277
244,5708,5570,11278
244,5708,5570,11278
244,5708,5570,11278
244,5708,5570,11278
244,5709,5570,11279
244,5709,5570,11279
244,5710,5570,11280
244,5710,5570,11280
244,5710,5571,11281
244,5710,5571,11281
244,5711,5571,11282
244,5711,5571,11282
244,5711,5571,11282
244,5712,5571,11283
244,5711,5571,11282
244,5711,5571,11282
244,5712,5571,11283
244,5711,5571,11282
244,5711,5571,11282
244,5711,5572,11283
244,5711,5572,11283
244,5711,5572,11283
244,5712,5572,11284
244,5712,5572,11284
244,5713,5572,11285
244,5713,5572,11285
244,5713,5573,11286
244,5713,5573,11286
244,5713,5574,11287
244,5713,5574,11287
244,5713,5575,11288
244,5712,5575,11287
244,5712,5575,11287
244,5712,5575,11287
244,5712,5575,11287
244,5712,5574,11286
244,5712,5574,11286
244,5712,5575,11287
244,5712,5575,11287
244,5712,5575,11287
244,5713,5575,11288
244,5713,5575,11288
244,5713,5576,11289
244,5713,5576,11289
244,5713,5576,11289
244,5714,5576,11290
244,5714,5576,11290
244,5714,5577,11291
244,5714,5577,11291
244,5714,5577,11291
244,5714,5577,11291
244,5715,5577,11292
244,5715,5577,11292
244,5715,5577,11292
244,5715,5577,11292
244,5715,5578,11293
244,5715,5578,11293
244,5716,5578,11294
244,5716,5578,11294
244,5716,5578,11294
244,5716,5579,11295
244,5716,5578,11294
244,5716,5578,11294
244,5716,5579,11295
244,5716,5579,11295
244,5717,5579,11296
244,5717,5579,11296
244,5717,5578,11295
244,5717,5578,11295
244,5717,5579,11296
244,5717,5579,11296
244,5718,5579,11297
244,5718,5579,11297
244,5717,5579,11296
244,5716,5579,11295
244,5716,5579,11295
244,5716,5580,11296
244,5716,5580,11296
244,5716,5580,11296
244,5716,5581,11297
244,5716,5581,11297
244,5716,5580,11296
244,5716,5580,11296
244,5717,5580,11297
244,5717,5580,11297
244,5717,5581,11298
244,5717,5581,11298
244,5718,5581,11299
244,5718,5581,11299
244,5719,5581,11300
244,5719,5581,11300
244,5720,5581,11301
244,5720,5581,11301
244,5721,5581,11302
244,5721,5581,11302
244,5721,5582,11303
244,5721,5581,11302
244,5721,5581,11302
244,5721,5582,11303
244,5721,5582,11303
244,5721,5583,11304
244,5721,5583,11304
244,5722,5583,11305
244,5722,5583,11305
244,5722,5584,11306
244,5722,5584,11306
244,5722,5584,11306
244,5723,5584,11307
244,5723,5584,11307
244,5724,5584,11308
244,5724,5584,11308
244,5725,5584,11309
244,5725,5584,11309
244,5726,5584,11310
244,5726,5584,11310
244,5726,5584,11310
244,5726,5584,11310
244,5726,5584,11310
244,5726,5585,11311
244,5726,5585,11311
244,5726,5586,11312
244,5726,5586,11312
244,5726,5586,11312
244,5726,5586,11312
244,5726,5587,11313
244,5726,5587,11313
244,5726,5588,11314
244,5726,5588,11314
244,5727,5588,11315
244,5727,5588,11315
244,5727,5589,11316
244,5727,5588,11315
244,5727,5588,11315
244,5727,5588,11315
244,5727,5588,11315
244,5727,5589,11316
244,5727,5588,11315
244,5727,5587,11314
244,5727,5587,11314
244,5727,5588,11315
244,5727,5588,11315
244,5727,5589,11316
244,5727,5589,11316
244,5727,5589,11316
244,5728,5589,11317
244,5728,5589,11317
244,5728,5590,11318
244,5728,5590,11318
244,5728,5590,11318
244,5729,5590,11319
244,5728,5590,11318
244,5728,5590,11318
244,5728,5591,11319
244,5727,5591,11318
244,5727,5591,11318
244,5727,5592,11319
244,5727,5591,11318
244,5727,5591,11318
244,5727,5591,11318
244,5727,5590,11317
244,5727,5590,11317
244,5727,5590,11317
244,5727,5591,11318
244,5727,5591,11318
244,5727,5592,11319
244,5727,5592,11319
244,5728,5592,11320
244,5728,5591,11319
244,5728,5591,11319
244,5729,5591,11320
244,5729,5591,11320
244,5729,5592,11321
244,5729,5592,11321
244,5729,5593,11322
244,5729,5593,11322
244,5730,5593,11323
244,5730,5593,11323
244,5730,5593,11323
244,5730,5594,11324
244,5730,5594,11324
244,5730,5594,11324
244,5730,5594,11324
244,5730,5594,11324
244,5730,5594,11324
244,5730,5594,11324
244,5730,5595,11325
244,5730,5595,11325
244,5729,5595,11324
244,5729,5595,11324
244,5730,5595,11325
244,5730,5595,11325
244,5730,5596,11326
244,5730,5595,11325
244,5730,5595,11325
244,5730,5596,11326
244,5730,5596,11326
244,5730,5597,11327
244,5730,5596,11326
244,5730,5596,11326
244,5730,5597,11327
244,5730,5596,11326
244,5730,5596,11326
244,5730,5596,11326
244,5731,5596,11327
244,5731,5596,11327
244,5732,5596,11328
244,5732,5596,11328
244,5732,5596,11328
244,5732,5596,11328
244,5733,5596,11329
244,5733,5596,11329
244,5734,5596,11330
244,5734,5596,11330
244,5734,5597,11331
244,5734,5597,11331
244,5735,5597,11332
244,5735,5596,11331
244,5735,5596,11331
244,5735,5596,11331
244,5735,5596,11331
244,5735,5596,11331
244,5735,5597,11332
244,5735,5597,11332
244,5735,5598,11333
244,5735,5598,11333
244,5735,5598,11333
244,5734,5598,11332
244,5734,5598,11332
244,5735,5598,11333
244,5735,5598,11333
244,5735,5598,11333
244,5736,5598,11334
244,5736,5598,11334
244,5737,5598,11335
244,5737,5598,11335
244,5737,5599,11336
244,5737,5599,11336
244,5738,5599,11337
244,5738,5598,11336
244,5738,5598,11336
244,5738,5598,11336
244,5738,5598,11336
244,5738,5599,11337
244,5738,5599,11337
244,5739,5599,11338
244,5738,5599,11337
244,5738,5599,11337
244,5738,5599,11337
244,5738,5600,11338
244,5738,5600,11338
244,5739,5600,11339
244,5739,5600,11339
244,5740,5600,11340
244,5740,5600,11340
244,5740,5600,11340
244,5741,5600,11341
244,5741,5600,11341
244,5741,5601,11342
244,5741,5601,11342
244,5741,5602,11343
244,5741,5602,11343
244,5741,5603,11344
244,5741,5603,11344
244,5741,5603,11344
244,5741,5603,11344
244,5741,5603,11344
244,5741,5603,11344
244,5742,5603,11345
244,5742,5603,11345
244,5742,5604,11346
244,5742,5604,11346
244,5741,5604,11345
244,5741,5604,11345
244,5741,5604,11345
244,5741,5604,11345
244,5741,5605,11346
244,5741,5605,11346
244,5741,5605,11346
244,5741,5606,11347
244,5741,5606,11347
244,5741,5606,11347
244,5741,5607,11348
244,5741,5606,11347
244,5741,5606,11347
244,5742,5606,11348
244,5742,5605,11347
244,5742,5605,11347
244,5742,5605,11347
244,5743,5605,11348
244,5743,5605,11348
244,5743,5605,11348
244,5743,5605,11348
244,5744,5605,11349
244,5744,5605,11349
244,5745,5605,11350
244,5745,5605,11350
244,5745,5605,11350
244,5746,5605,11351
244,5746,5605,11351
244,5747,5605,11352
244,5747,5605,11352
244,5747,5606,11353
244,5747,5606,11353
244,5747,5606,11353
244,5748,5606,11354
244,5747,5606,11353
244,5747,5606,11353
244,5746,5606,11352
244,5746,5606,11352
244,5746,5606,11352
244,5746,5607,11353
244,5746,5607,11353
244,5746,5608,11354
244,5746,5608,11354
244,5746,5609,11355
244,5746,5609,11355
244,5747,5609,11356
244,5747,5609,11356
244,5747,5609,11356
244,5747,5610,11357
244,5747,5610,11357
244,5747,5609,11356
244,5747,5608,11355
244,5747,5608,11355
244,5747,5608,11355
244,5747,5608,11355
244,5748,5608,11356
244,5748,5608,11356
244,5749,5608,11357
244,5749,5608,11357
244,5749,5609,11358
244,5748,5609,11357
244,5748,5609,11357
244,5748,5610,11358
244,5748,5610,11358
244,5749,5610,11359
244,5749,5610,11359
244,5749,5610,11359
244,5749,5611,11360
244,5749,5611,11360
244,5749,5611,11360
244,5749,5612,11361
244,5749,5612,11361
244,5750,5612,11362
244,5750,5612,11362
244,5750,5611,11361
244,5749,5611,11360
244,5749,5610,11359
244,5749,5610,11359
244,5749,5611,11360
244,5749,5611,11360
244,5749,5610,11359
244,5749,5610,11359
244,5750,5610,11360
244,5750,5610,11360
244,5750,5609,11359
244,5750,5609,11359
244,5750,5610,11360
244,5750,5610,11360
244,5751,5610,11361
244,5751,5610,11361
244,5751,5611,11362
244,5751,5611,11362
244,5751,5611,11362
244,5752,5611,11363
244,5751,5611,11362
244,5751,5611,11362
244,5751,5611,11362
244,5751,5611,11362
244,5751,5612,11363
244,5751,5612,11363
244,5751,5612,11363
244,5750,5612,11362
244,5750,5612,11362
244,5750,5613,11363
244,5750,5613,11363
244,5750,5613,11363
244,5751,5613,11364
244,5751,5613,11364
244,5751,5614,11365
244,5751,5614,11365
244,5752,5614,11366
244,5752,5614,11366
244,5752,5614,11366
244,5752,5615,11367
244,5752,5615,11367
244,5752,5616,11368
244,5752,5616,11368
244,5752,5617,11369
244,5752,5617,11369
244,5752,5617,11369
244,5753,5617,11370
244,5753,5616,11369
244,5753,5616,11369
244,5753,5617,11370
244,5753,5617,11370
244,5753,5618,11371
244,5753,5618,11371
244,5753,5618,11371
244,5753,5618,11371
244,5752,5618,11370
244,5752,5618,11370
244,5752,5618,11370
244,5753,5618,11371
244,5753,5618,11371
244,5753,5618,11371
244,5753,5619,11372
244,5753,5619,11372
244,5753,5619,11372
244,5754,5619,11373
244,5754,5618,11372
244,5753,5618,11371
244,5753,5617,11370
244,5753,5617,11370
244,5753,5617,11370
244,5753,5618,11371
244,5753,5618,11371
244,5754,5618,11372
244,5754,5618,11372
244,5754,5618,11372
244,5754,5619,11373
244,5753,5619,11372
244,5753,5619,11372
244,5753,5619,11372
244,5754,5619,11373
244,5754,5618,11372
244,5753,5618,11371
244,5753,5618,11371
244,5754,5618,11372
244,5754,5618,11372
244,5754,5619,11373
244,5754,5619,11373
244,5755,5619,11374
244,5755,5619,11374
244,5756,5619,11375
244,5756,5619,11375
244,5756,5619,11375
244,5755,5619,11374
244,5755,5619,11374
244,5755,5619,11374
244,5755,5620,11375
244,5755,5620,11375
244,5755,5621,11376
244,5754,5621,11375
244,5754,5620,11374
244,5754,5619,11373
244,5754,5619,11373
244,5754,5619,11373
244,5754,5619,11373
244,5754,5619,11373
244,5754,5619,11373
245,5754,5620,11374
245,5754,5620,11374
245,5755,5620,11375
245,5755,5620,11375
245,5755,5621,11376
245,5755,5621,11376
245,5756,5621,11377
245,5756,5621,11377
245,5756,5621,11377
245,5757,5621,11378
245,5757,5621,11378
245,5758,5621,11379
245,5758,5621,11379
245,5757,5621,11378
245,5756,5621,11377
245,5756,5621,11377
245,5756,5622,11378
245,5756,5622,11378
245,5757,5622,11379
245,5757,5622,11379
245,5757,5622,11379
245,5758,5622,11380
245,5758,5622,11380
245,5758,5623,11381
245,5758,5623,11381
245,5758,5623,11381
245,5759,5623,11382
245,5759,5623,11382
245,5759,5623,11382
245,5760,5623,11383
245,5759,5623,11382
245,5759,5623,11382
245,5760,5623,11383
245,5759,5623,11382
245,5759,5623,11382
245,5759,5623,11382
245,5760,5623,11383
245,5760,5623,11383
245,5760,5623,11383
245,5760,5623,11383
245,5761,5623,11384
245,5760,5623,11383
245,5760,5623,11383
245,5760,5624,11384
245,5760,5624,11384
245,5760,5625,11385
245,5760,5625,11385
245,5760,5625,11385
245,5760,5626,11386
245,5760,5626,11386
245,5760,5626,11386
245,5761,5626,11387
245,5761,5626,11387
245,5761,5626,11387
245,5761,5627,11388
245,5760,5627,11387
245,5760,5627,11387
245,5760,5628,11388
245,5760,5627,11387
245,5760,5627,11387
245,5760,5627,11387
245,5760,5628,11388
245,5760,5627,11387
245,5760,5627,11387
245,5761,5627,11388
245,5761,5626,11387
245,5761,5626,11387
245,5762,5626,11388
245,5762,5626,11388
245,5762,5626,11388
245,5763,5626,11389
245,5763,5626,11389
245,5764,5626,11390
245,5764,5626,11390
245,5764,5626,11390
245,5764,5627,11391
245,5764,5627,11391
245,5764,5628,11392
245,5763,5628,11391
245,5763,5628,11391
245,5764,5628,11392
245,5764,5628,11392
245,5765,5628,11393
245,5765,5628,11393
245,5766,5628,11394
245,5766,5628,11394
245,5766,5627,11393
245,5765,5627,11392
245,5765,5627,11392
245,5765,5627,11392
245,5766,5627,11393
245,5766,5627,11393
245,5766,5627,11393
245,5766,5628,11394
245,5765,5628,11393
245,5765,5628,11393
245,5765,5628,11393
245,5765,5629,11394
245,5765,5629,11394
245,5766,5629,11395
245,5766,5629,11395
245,5767,5629,11396
245,5767,5629,11396
245,5767,5629,11396
245,5767,5630,11397
245,5767,5630,11397
245,5767,5631,11398
245,5767,5631,11398
245,5767,5632,11399
245,5767,5632,11399
245,5767,5632,11399
245,5767,5632,11399
245,5767,5632,11399
245,5767,5632,11399
245,5767,5633,11400
245,5767,5633,11400
245,5768,5633,11401
245,5768,5633,11401
245,5768,5634,11402
245,5768,5634,11402
245,5768,5635,11403
245,5768,5635,11403
245,5768,5636,11404
245,5768,5636,11404
245,5768,5636,11404
245,5768,5636,11404
245,5768,5637,11405
245,5768,5636,11404
245,5768,5636,11404
245,5768,5637,11405
245,5768,5637,11405
245,5769,5637,11406
245,5769,5637,11406
245,5769,5638,11407
245,5769,5638,11407
245,5770,5638,11408
245,5770,5638,11408
245,5771,5638,11409
245,5771,5638,11409
245,5772,5638,11410
245,5772,5638,11410
245,5772,5638,11410
245,5773,5638,11411
245,5773,5638,11411
245,5774,5638,11412
245,5774,5638,11412
245,5774,5639,11413
245,5774,5639,11413
245,5775,5639,11414
245,5775,5639,11414
245,5776,5639,11415
245,5776,5639,11415
245,5776,5640,11416
245,5776,5640,11416
245,5776,5640,11416
245,5777,5640,11417
245,5777,5640,11417
245,5777,5641,11418
245,5777,5641,11418
245,5777,5641,11418
245,5778,5641,11419
245,5778,5641,11419
245,5779,5641,11420
245,5779,5641,11420
245,5779,5642,11421
245,5779,5642,11421
245,5779,5641,11420
245,5779,5640,11419
245,5779,5640,11419
245,5780,5640,11420
245,5780,5640,11420
245,5781,5640,11421
245,5781,5640,11421
245,5781,5641,11422
245,5781,5641,11422
245,5781,5641,11422
245,5781,5641,11422
245,5781,5642,11423
245,5781,5642,11423
245,5782,5642,11424
245,5781,5642,11423
245,5781,5642,11423
245,5782,5642,11424
245,5781,5642,11423
245,5781,5642,11423
245,5780,5642,11422
245,5780,5642,11422
245,5780,5642,11422
245,5780,5643,11423
245,5780,5643,11423
245,5780,5644,11424
245,5780,5644,11424
245,5781,5644,11425
245,5781,5644,11425
245,5781,5643,11424
245,5781,5643,11424
245,5781,5643,11424
245,5781,5644,11425
245,5781,5644,11425
245,5780,5644,11424
245,5780,5644,11424
245,5781,5644,11425
245,5781,5643,11424
245,5781,5643,11424
245,5782,5643,11425
245,5782,5643,11425
245,5783,5643,11426
245,5783,5643,11426
245,5783,5643,11426
245,5784,5643,11427
245,5783,5643,11426
245,5783,5643,11426
245,5784,5643,11427
245,5784,5643,11427
245,5785,5643,11428
245,5785,5643,11428
245,5784,5643,11427
245,5783,5643,11426
245,5783,5643,11426
245,5784,5643,11427
245,5784,5643,11427
245,5784,5643,11427
245,5784,5644,11428
245,5784,5644,11428
245,5783,5644,11427
245,5783,5644,11427
245,5783,5645,11428
245,5783,5645,11428
245,5784,5645,11429
245,5784,5644,11428
245,5784,5644,11428
245,5784,5644,11428
245,5784,5644,11428
245,5784,5644,11428
245,5785,5644,11429
245,5785,5644,11429
245,5786,5644,11430
245,5785,5644,11429
245,5785,5644,11429
245,5785,5644,11429
245,5785,5645,11430
245,5784,5645,11429
245,5784,5645,11429
245,5784,5644,11428
245,5784,5644,11428
245,5784,5645,11429
245,5784,5645,11429
245,5785,5645,11430
245,5785,5645,11430
245,5786,5645,11431
245,5786,5645,11431
245,5786,5645,11431
245,5786,5646,11432
245,5786,5646,11432
245,5787,5646,11433
245,5787,5646,11433
245,5787,5647,11434
245,5787,5647,11434
245,5787,5648,11435
245,5787,5648,11435
245,5786,5648,11434
245,5786,5648,11434
245,5786,5649,11435
245,5786,5649,11435
245,5786,5649,11435
245,5787,5649,11436
245,5787,5648,11435
245,5787,5648,11435
245,5786,5648,11434
245,5786,5648,11434
245,5786,5648,11434
245,5786,5648,11434
245,5786,5648,11434
245,5786,5648,11434
245,5786,5649,11435
245,5786,5648,11434
245,5786,5648,11434
245,5786,5648,11434
245,5787,5648,11435
245,5787,5648,11435
245,5788,5648,11436
245,5788,5648,11436
245,5788,5649,11437
245,5788,5649,11437
245,5788,5649,11437
245,5789,5649,11438
245,5789,5649,11438
245,5789,5648,11437
245,5788,5648,11436
245,5788,5648,11436
245,5788,5649,11437
245,5788,5649,11437
245,5788,5650,11438
245,5788,5650,11438
245,5788,5651,11439
245,5788,5651,11439
245,5788,5652,11440
245,5788,5652,11440
245,5788,5652,11440
245,5788,5651,11439
245,5788,5650,11438
245,5788,5650,11438
245,5788,5651,11439
245,5788,5651,11439
245,5788,5651,11439
245,5789,5651,11440
245,5789,5651,11440
245,5789,5651,11440
245,5789,5651,11440
245,5789,5650,11439
245,5789,5650,11439
245,5789,5651,11440
245,5789,5651,11440
245,5788,5651,11439
245,5788,5651,11439
245,5788,5652,11440
245,5788,5652,11440
245,5789,5652,11441
245,5789,5651,11440
245,5789,5651,11440
245,5789,5652,11441
245,5789,5652,11441
245,5789,5652,11441
245,5790,5652,11442
245,5790,5652,11442
245,5790,5652,11442
245,5791,5652,11443
245,5791,5652,11443
245,5791,5652,11443
245,5792,5652,11444
245,5792,5652,11444
245,5793,5652,11445
245,5793,5652,11445
245,5793,5652,11445
245,5793,5652,11445
245,5793,5652,11445
245,5794,5652,11446
245,5794,5652,11446
245,5794,5653,11447
245,5794,5653,11447
245,5795,5653,11448
245,5794,5653,11447
245,5794,5653,11447
245,5794,5654,11448
245,5793,5654,11447
245,5793,5654,11447
245,5793,5655,11448
245,5793,5655,11448
245,5793,5656,11449
245,5793,5655,11448
245,5793,5655,11448
245,5793,5655,11448
245,5794,5655,11449
245,5794,5654,11448
245,5794,5654,11448
245,5794,5654,11448
245,5795,5654,11449
245,5795,5654,11449
245,5795,5654,11449
245,5795,5655,11450
245,5795,5655,11450
245,5796,5655,11451
245,5796,5655,11451
245,5796,5656,11452
245,5796,5656,11452
245,5796,5657,11453
245,5796,5657,11453
245,5797,5657,11454
245,5797,5657,11454
245,5798,5657,11455
245,5798,5657,11455
245,5798,5657,11455
245,5798,5657,11455
245,5798,5657,11455
245,5799,5657,11456
245,5799,5657,11456
245,5800,5657,11457
245,5800,5657,11457
245,5800,5658,11458
245,5800,5658,11458
245,5799,5658,11457
245,5799,5657,11456
245,5798,5657,11455
245,5798,5657,11455
245,5797,5657,11454
245,5797,5657,11454
245,5797,5658,11455
245,5797,5658,11455
245,5798,5658,11456
245,5798,5658,11456
245,5799,5658,11457
245,5799,5658,11457
245,5799,5658,11457
245,5799,5658,11457
245,5799,5658,11457
245,5800,5658,11458
245,5800,5658,11458
245,5800,5659,11459
245,5799,5659,11458
245,5799,5659,11458
245,5799,5660,11459
245,5799,5659,11458
245,5799,5659,11458
245,5799,5659,11458
245,5800,5659,11459
245,5800,5659,11459
245,5800,5660,11460
245,5800,5660,11460
245,5800,5660,11460
245,5800,5660,11460
245,5801,5660,11461
245,5801,5659,11460
245,5800,5659,11459
245,5800,5659,11459
245,5800,5658,11458
245,5799,5658,11457
245,5799,5658,11457
245,5799,5658,11457
245,5799,5658,11457
245,5799,5659,11458
245,5799,5659,11458
245,5799,5659,11458
245,5800,5659,11459
245,5800,5659,11459
245,5800,5660,11460
245,5800,5660,11460
245,5800,5661,11461
245,5800,5661,11461
245,5800,5662,11462
245,5800,5662,11462
245,5799,5662,11461
245,5799,5661,11460
245,5799,5661,11460
245,5799,5661,11460
245,5799,5662,11461
245,5799,5662,11461
245,5800,5662,11462
245,5800,5662,11462
245,5800,5663,11463
245,5800,5663,11463
245,5800,5663,11463
245,5800,5663,11463
245,5801,5663,11464
245,5801,5663,11464
245,5801,5664,11465
245,5801,5664,11465
245,5802,5664,11466
245,5802,5664,11466
245,5803,5664,11467
245,5803,5664,11467
245,5803,5663,11466
245,5803,5663,11466
245,5803,5664,11467
245,5803,5664,11467
245,5803,5665,11468
245,5803,5665,11468
245,5803,5665,11468
245,5804,5665,11469
245,5804,5665,11469
245,5804,5666,11470
245,5804,5666,11470
245,5804,5666,11470
245,5803,5666,11469
245,5803,5665,11468
245,5802,5665,11467
245,5802,5665,11467
245,5802,5665,11467
245,5803,5665,11468
245,5803,5665,11468
245,5804,5665,11469
245,5804,5665,11469
245,5804,5666,11470
245,5804,5666,11470
245,5804,5667,11471
245,5804,5667,11471
245,5804,5667,11471
245,5804,5668,11472
245,5804,5668,11472
245,5805,5668,11473
245,5805,5668,11473
245,5805,5669,11474
245,5805,5669,11474
245,5806,5669,11475
245,5806,5669,11475
245,5806,5669,11475
245,5807,5669,11476
245,5807,5669,11476
245,5808,5669,11477
245,5808,5669,11477
245,5809,5669,11478
245,5809,5669,11478
245,5810,5669,11479
245,5810,5669,11479
245,5810,5669,11479
245,5810,5669,11479
245,5810,5669,11479
245,5810,5670,11480
245,5810,5670,11480
245,5810,5671,11481
245,5810,5671,11481
245,5810,5671,11481
245,5810,5672,11482
245,5810,5672,11482
245,5810,5672,11482
245,5810,5672,11482
245,5810,5673,11483
245,5810,5673,11483
245,5810,5673,11483
245,5811,5673,11484
245,5811,5673,11484
245,5812,5673,11485
245,5812,5673,11485
245,5812,5673,11485
245,5812,5674,11486
245,5812,5674,11486
245,5812,5674,11486
245,5812,5673,11485
245,5812,5673,11485
245,5812,5674,11486
245,5812,5674,11486
245,5813,5674,11487
245,5813,5674,11487
245,5813,5675,11488
245,5813,5675,11488
245,5813,5675,11488
245,5813,5676,11489
245,5813,5676,11489
245,5813,5676,11489
245,5813,5676,11489
245,5814,5676,11490
245,5814,5676,11490
245,5814,5677,11491
245,5814,5677,11491
245,5815,5677,11492
245,5815,5677,11492
245,5815,5678,11493
245,5815,5678,11493
245,5815,5679,11494
245,5815,5678,11493
245,5815,5678,11493
245,5816,5678,11494
245,5816,5678,11494
245,5817,5678,11495
245,5817,5678,11495
245,5817,5679,11496
245,5817,5679,11496
245,5817,5680,11497
245,5817,5680,11497
245,5818,5680,11498
245,5818,5680,11498
245,5818,5681,11499
245,5818,5681,11499
245,5818,5682,11500
245,5818,5682,11500
245,5818,5683,11501
245,5818,5683,11501
245,5818,5683,11501
245,5818,5684,11502
245,5818,5684,11502
245,5818,5685,11503
245,5818,5684,11502
245,5818,5684,11502
245,5818,5684,11502
245,5818,5684,11502
245,5819,5684,11503
245,5819,5684,11503
245,5819,5683,11502
245,5819,5683,11502
245,5820,5683,11503
245,5820,5683,11503
245,5820,5684,11504
245,5819,5684,11503
245,5819,5684,11503
245,5819,5685,11504
245,5819,5685,11504
245,5820,5685,11505
245,5820,5685,11505
245,5821,5685,11506
245,5821,5685,11506
245,5821,5684,11505
245,5821,5684,11505
245,5822,5684,11506
245,5822,5684,11506
245,5822,5684,11506
245,5822,5684,11506
245,5823,5684,11507
245,5823,5684,11507
245,5823,5684,11507
245,5823,5685,11508
245,5823,5685,11508
245,5824,5685,11509
245,5824,5685,11509
245,5824,5686,11510
245,5824,5686,11510
245,5824,5686,11510
245,5823,5686,11509
245,5823,5686,11509
245,5823,5687,11510
245,5823,5687,11510
245,5824,5687,11511
245,5824,5686,11510
245,5824,5686,11510
245,5824,5686,11510
245,5825,5686,11511
245,5825,5686,11511
245,5826,5686,11512
245,5826,5686,11512
245,5827,5686,11513
245,5827,5686,11513
245,5828,5686,11514
245,5827,5686,11513
245,5827,5686,11513
245,5827,5687,11514
245,5827,5687,11514
245,5827,5687,11514
245,5827,5687,11514
245,5828,5687,11515
245,5828,5687,11515
245,5828,5688,11516
245,5828,5688,11516
245,5828,5688,11516
245,5828,5688,11516
245,5828,5689,11517
245,5828,5689,11517
245,5828,5690,11518
245,5828,5690,11518
245,5828,5691,11519
245,5828,5691,11519
245,5827,5691,11518
245,5827,5691,11518
245,5828,5691,11519
245,5828,5691,11519
245,5828,5691,11519
245,5829,5691,11520
245,5829,5691,11520
245,5829,5692,11521
245,5829,5692,11521
245,5829,5692,11521
245,5829,5693,11522
245,5829,5693,11522
245,5829,5694,11523
245,5829,5694,11523
245,5829,5695,11524
245,5829,5695,11524
245,5830,5695,11525
245,5830,5695,11525
245,5831,5695,11526
245,5831,5695,11526
245,5831,5695,11526
245,5831,5694,11525
245,5831,5694,11525
245,5831,5694,11525
245,5832,5694,11526
245,5832,5694,11526
245,5833,5694,11527
245,5833,5694,11527
245,5834,5694,11528
245,5834,5694,11528
245,5834,5695,11529
245,5834,5695,11529
245,5833,5695,11528
245,5833,5695,11528
245,5833,5695,11528
245,5833,5695,11528
245,5834,5695,11529
245,5834,5695,11529
245,5834,5695,11529
245,5835,5695,11530
245,5835,5695,11530
245,5835,5696,11531
245,5835,5696,11531
245,5835,5697,11532
245,5835,5697,11532
245,5835,5696,11531
245,5835,5696,11531
245,5835,5695,11530
245,5835,5695,11530
245,5836,5695,11531
245,5836,5695,11531
245,5836,5695,11531
245,5837,5695,11532
245,5837,5695,11532
245,5837,5695,11532
245,5837,5696,11533
245,5837,5695,11532
245,5837,5695,11532
245,5837,5696,11533
245,5837,5695,11532
245,5837,5695,11532
245,5837,5696,11533
245,5837,5696,11533
245,5837,5696,11533
245,5837,5696,11533
245,5838,5696,11534
245,5838,5696,11534
245,5838,5696,11534
245,5839,5696,11535
245,5839,5696,11535
245,5840,5696,11536
245,5840,5696,11536
245,5841,5696,11537
245,5841,5696,11537
245,5841,5696,11537
245,5841,5696,11537
245,5841,5697,11538
245,5841,5697,11538
245,5841,5696,11537
245,5841,5696,11537
245,5842,5696,11538
245,5842,5696,11538
245,5842,5697,11539
245,5842,5696,11538
245,5842,5696,11538
245,5843,5696,11539
245,5843,5696,11539
245,5843,5696,11539
245,5843,5695,11538
245,5843,5695,11538
245,5844,5695,11539
245,5844,5695,11539
245,5845,5695,11540
245,5844,5695,11539
245,5843,5695,11538
245,5843,5695,11538
245,5843,5696,11539
245,5843,5696,11539
245,5843,5697,11540
245,5842,5697,11539
245,5842,5697,11539
245,5843,5697,11540
245,5843,5696,11539
245,5842,5696,11538
245,5842,5696,11538
245,5842,5696,11538
245,5842,5695,11537
245,5842,5695,11537
245,5842,5696,11538
245,5842,5696,11538
245,5841,5696,11537
245,5841,5695,11536
245,5840,5695,11535
245,5840,5695,11535
245,5840,5695,11535
245,5840,5696,11536
245,5840,5696,11536
245,5841,5696,11537
245,5841,5696,11537
245,5841,5697,11538
245,5841,5697,11538
245,5842,5697,11539
245,5842,5697,11539
245,5843,5697,11540
245,5843,5697,11540
245,5844,5697,11541
245,5843,5697,11540
245,5843,5697,11540
245,5844,5697,11541
245,5844,5697,11541
245,5844,5697,11541
245,5844,5697,11541
245,5844,5697,11541
245,5844,5698,11542
245,5844,5698,11542
245,5844,5699,11543
245,5844,5699,11543
245,5845,5699,11544
245,5845,5699,11544
245,5846,5699,11545
245,5846,5699,11545
245,5846,5700,11546
245,5846,5700,11546
245,5846,5701,11547
245,5846,5701,11547
245,5846,5701,11547
245,5846,5701,11547
245,5846,5701,11547
245,5847,5701,11548
245,5846,5701,11547
245,5846,5701,11547
245,5847,5701,11548
245,5846,5701,11547
245,5846,5701,11547
245,5846,5702,11548
245,5846,5702,11548
245,5846,5703,11549
245,5846,5703,11549
245,5846,5704,11550
245,5846,5704,11550
245,5846,5704,11550
245,5846,5705,11551
245,5846,5705,11551
245,5846,5706,11552
245,5845,5706,11551
245,5845,5706,11551
245,5846,5706,11552
245,5846,5706,11552
245,5846,5706,11552
245,5846,5706,11552
245,5847,5706,11553
245,5847,5706,11553
245,5848,5706,11554
245,5848,5706,11554
245,5848,5706,11554
245,5849,5706,11555
245,5849,5706,11555
245,5850,5706,11556
245,5850,5706,11556
245,5851,5706,11557
245,5851,5706,11557
245,5851,5706,11557
245,5851,5707,11558
245,5851,5707,11558
245,5851,5708,11559
245,5851,5708,11559
245,5851,5707,11558
245,5851,5707,11558
245,5851,5707,11558
245,5851,5707,11558
245,5852,5707,11559
245,5852,5707,11559
245,5853,5707,11560
245,5853,5707,11560
245,5854,5707,11561
245,5854,5706,11560
245,5854,5706,11560
245,5854,5707,11561
245,5854,5707,11561
245,5854,5707,11561
245,5855,5707,11562
245,5855,5707,11562
245,5855,5708,11563
245,5855,5708,11563
245,5856,5708,11564
245,5856,5708,11564
245,5856,5709,11565
245,5855,5709,11564
245,5855,5709,11564
245,5855,5710,11565
245,5855,5709,11564
245,5855,5708,11563
245,5854,5708,11562
245,5854,5708,11562
245,5855,5708,11563
245,5855,5707,11562
245,5855,5707,11562
245,5854,5707,11561
245,5854,5707,11561
245,5854,5708,11562
245,5854,5708,11562
245,5855,5708,11563
245,5855,5708,11563
245,5856,5708,11564
245,5855,5708,11563
245,5855,5708,11563
245,5855,5708,11563
245,5855,5709,11564
245,5854,5709,11563
245,5854,5709,11563
245,5854,5709,11563
245,5854,5710,11564
245,5854,5710,11564
245,5854,5710,11564
245,5854,5710,11564
245,5855,5710,11565
245,5855,5709,11564
245,5855,5709,11564
245,5855,5709,11564
245,5856,5709,11565
245,5856,5709,11565
245,5856,5709,11565
245,5856,5709,11565
245,5856,5710,11566
245,5856,5710,11566
245,5857,5710,11567
245,5857,5710,11567
245,5856,5710,11566
245,5855,5710,11565
245,5855,5710,11565
245,5856,5710,11566
245,5856,5710,11566
245,5857,5710,11567
245,5857,5710,11567
245,5857,5711,11568
245,5857,5711,11568
245,5857,5711,11568
245,5857,5711,11568
245,5858,5711,11569
245,5858,5710,11568
245,5857,5710,11567
245,5857,5710,11567
245,5858,5710,11568
245,5858,5709,11567
245,5858,5709,11567
245,5858,5709,11567
245,5859,5709,11568
245,5859,5709,11568
245,5859,5710,11569
245,5859,5710,11569
245,5860,5710,11570
245,5860,5710,11570
245,5861,5710,11571
245,5861,5710,11571
245,5861,5711,11572
245,5861,5711,11572
245,5861,5712,11573
245,5861,5712,11573
245,5861,5712,11573
245,5860,5712,11572
245,5860,5712,11572
245,5861,5712,11573
245,5861,5712,11573
245,5862,5712,11574
245,5862,5712,11574
245,5862,5713,11575
245,5862,5713,11575
245,5863,5713,11576
245,5863,5713,11576
245,5863,5713,11576
245,5863,5713,11576
245,5864,5713,11577
245,5864,5713,11577
245,5865,5713,11578
245,5865,5713,11578
245,5865,5712,11577
245,5865,5712,11577
245,5865,5712,11577
245,5865,5712,11577
245,5866,5712,11578
245,5866,5712,11578
245,5865,5712,11577
245,5865,5712,11577
245,5866,5712,11578
245,5866,5712,11578
245,5867,5712,11579
245,5867,5712,11579
245,5868,5712,11580
245,5868,5712,11580
245,5868,5713,11581
245,5868,5713,11581
245,5869,5713,11582
245,5869,5713,11582
245,5868,5713,11581
245,5868,5713,11581
245,5868,5713,11581
245,5868,5714,11582
245,5868,5714,11582
245,5868,5714,11582
245,5868,5714,11582
245,5869,5714,11583
245,5869,5714,11583
245,5869,5714,11583
245,5869,5714,11583
245,5870,5714,11584
245,5870,5714,11584
245,5870,5715,11585
245,5870,5715,11585
245,5870,5716,11586
245,5870,5716,11586
245,5870,5716,11586
245,5870,5716,11586
245,5870,5716,11586
245,5870,5716,11586
245,5871,5716,11587
245,5870,5716,11586
245,5870,5716,11586
245,5870,5717,11587
245,5870,5717,11587
245,5870,5717,11587
245,5871,5717,11588
245,5871,5717,11588
245,5871,5717,11588
245,5872,5717,11589
245,5872,5717,11589
245,5873,5717,11590
245,5873,5717,11590
245,5873,5718,11591
245,5873,5718,11591
245,5873,5719,11592
245,5872,5719,11591
245,5872,5719,11591
245,5873,5719,11592
245,5873,5719,11592
245,5873,5718,11591
245,5873,5718,11591
245,5874,5718,11592
245,5874,5718,11592
245,5874,5718,11592
245,5875,5718,11593
245,5875,5718,11593
245,5875,5719,11594
245,5875,5719,11594
245,5876,5719,11595
245,5876,5719,11595
245,5876,5720,11596
245,5875,5720,11595
245,5875,5720,11595
245,5875,5720,11595
245,5876,5720,11596
245,5876,5720,11596
245,5876,5721,11597
245,5876,5721,11597
245,5876,5720,11596
245,5876,5720,11596
245,5876,5720,11596
245,5876,5721,11597
245,5876,5720,11596
245,5876,5720,11596
245,5876,5719,11595
245,5876,5719,11595
245,5876,5720,11596
245,5876,5720,11596
245,5876,5720,11596
245,5876,5720,11596
245,5876,5720,11596
245,5876,5720,11596
245,5876,5720,11596
245,5876,5721,11597
245,5876,5721,11597
245,5876,5722,11598
245,5875,5722,11597
245,5875,5722,11597
245,5876,5722,11598
245,5876,5722,11598
245,5877,5722,11599
245,5877,5722,11599
245,5878,5722,11600
245,5878,5722,11600
245,5878,5723,11601
245,5878,5723,11601
245,5878,5724,11602
245,5878,5724,11602
245,5878,5723,11601
245,5878,5723,11601
245,5878,5724,11602
245,5878,5723,11601
245,5878,5723,11601
245,5878,5722,11600
245,5878,5722,11600
245,5879,5722,11601
245,5879,5722,11601
245,5879,5722,11601
245,5880,5722,11602
245,5880,5721,11601
245,5880,5721,11601
245,5880,5721,11601
245,5881,5721,11602
245,5880,5721,11601
245,5880,5721,11601
245,5881,5721,11602
245,5881,5721,11602
245,5882,5721,11603
245,5882,5721,11603
245,5881,5721,11602
245,5881,5721,11602
245,5882,5721,11603
245,5882,5721,11603
245,5882,5721,11603
245,5882,5722,11604
245,5881,5722,11603
245,5881,5722,11603
245,5882,5722,11604
245,5882,5722,11604
245,5882,5722,11604
245,5883,5722,11605
245,5883,5721,11604
245,5883,5721,11604
245,5884,5721,11605
245,5883,5721,11604
245,5883,5721,11604
245,5883,5722,11605
245,5883,5722,11605
245,5882,5722,11604
245,5882,5722,11604
245,5882,5723,11605
245,5882,5722,11604
245,5882,5722,11604
245,5882,5723,11605
245,5882,5722,11604
245,5882,5721,11603
245,5882,5721,11603
245,5882,5722,11604
245,5881,5722,11603
245,5881,5722,11603
245,5882,5722,11604
245,5882,5722,11604
245,5883,5722,11605
245,5883,5721,11604
245,5883,5721,11604
245,5884,5721,11605
245,5884,5721,11605
245,5884,5722,11606
245,5884,5722,11606
245,5885,5722,11607
245,5885,5722,11607
245,5885,5722,11607
245,5885,5722,11607
245,5886,5722,11608
245,5886,5722,11608
245,5887,5722,11609
245,5887,5722,11609
245,5887,5722,11609
245,5888,5722,11610
245,5887,5722,11609
245,5887,5722,11609
245,5888,5722,11610
245,5888,5722,11610
245,5888,5723,11611
245,5888,5723,11611
245,5889,5723,11612
245,5889,5723,11612
245,5889,5724,11613
245,5888,5724,11612
245,5888,5724,11612
245,5888,5724,11612
245,5888,5725,11613
245,5888,5724,11612
245,5888,5724,11612
245,5888,5724,11612
245,5888,5724,11612
245,5888,5724,11612
245,5888,5724,11612
245,5888,5724,11612
245,5888,5725,11613
245,5888,5725,11613
245,5889,5725,11614
245,5889,5724,11613
245,5888,5724,11612
245,5888,5724,11612
245,5889,5724,11613
245,5889,5724,11613
245,5889,5724,11613
245,5890,5724,11614
245,5890,5723,11613
245,5890,5723,11613
245,5891,5723,11614
245,5891,5723,11614
245,5891,5724,11615
245,5891,5724,11615
245,5891,5724,11615
245,5891,5724,11615
245,5891,5725,11616
245,5891,5725,11616
245,5891,5726,11617
245,5891,5726,11617
245,5891,5726,11617
245,5892,5726,11618
245,5892,5726,11618
245,5892,5727,11619
245,5892,5727,11619
245,5891,5727,11618
245,5891,5727,11618
245,5891,5728,11619
245,5891,5728,11619
245,5891,5729,11620
245,5891,5729,11620
245,5892,5729,11621
245,5892,5729,11621
245,5892,5730,11622
245,5892,5730,11622
245,5892,5731,11623
245,5892,5731,11623
245,5892,5731,11623
245,5892,5732,11624
245,5892,5732,11624
245,5892,5732,11624
245,5892,5733,11625
245,5892,5733,11625
245,5892,5734,11626
245,5892,5734,11626
245,5892,5735,11627
245,5892,5734,11626
245,5892,5734,11626
245,5892,5734,11626
245,5893,5734,11627
245,5893,5734,11627
245,5893,5735,11628
245,5893,5735,11628
245,5893,5735,11628
245,5893,5736,11629
245,5893,5736,11629
245,5894,5736,11630
245,5894,5736,11630
245,5894,5736,11630
245,5894,5737,11631
245,5894,5737,11631
245,5894,5736,11630
245,5894,5736,11630
245,5895,5736,11631
245,5895,5735,11630
245,5895,5735,11630
245,5895,5735,11630
245,5895,5736,11631
245,5895,5736,11631
245,5895,5736,11631
245,5894,5736,11630
245,5894,5736,11630
245,5894,5736,11630
245,5894,5735,11629
245,5894,5735,11629
245,5895,5735,11630
245,5895,5735,11630
245,5895,5735,11630
245,5895,5735,11630
245,5894,5735,11629
245,5894,5735,11629
245,5894,5736,11630
245,5894,5736,11630
245,5894,5736,11630
245,5894,5737,11631
245,5894,5737,11631
245,5895,5737,11632
245,5895,5737,11632
245,5896,5737,11633
245,5896,5737,11633
245,5896,5738,11634
245,5896,5738,11634
245,5896,5739,11635
245,5895,5739,11634
245,5895,5739,11634
245,5895,5740,11635
245,5895,5740,11635
245,5895,5740,11635
245,5896,5740,11636
245,5896,5740,11636
245,5896,5741,11637
245,5896,5741,11637
245,5897,5741,11638
245,5897,5741,11638
245,5898,5741,11639
245,5898,5741,11639
245,5898,5740,11638
245,5898,5740,11638
245,5898,5740,11638
245,5898,5741,11639
245,5898,5741,11639
245,5899,5741,11640
245,5899,5741,11640
245,5900,5741,11641
245,5899,5741,11640
245,5899,5741,11640
245,5899,5741,11640
245,5900,5741,11641
245,5900,5741,11641
245,5900,5742,11642
245,5900,5742,11642
245,5900,5743,11643
245,5900,5743,11643
245,5900,5743,11643
245,5900,5744,11644
245,5900,5744,11644
245,5900,5745,11645
245,5899,5745,11644
245,5899,5745,11644
245,5899,5746,11645
245,5899,5746,11645
245,5899,5746,11645
245,5899,5746,11645
245,5899,5747,11646
245,5899,5747,11646
245,5899,5747,11646
245,5900,5747,11647
245,5900,5746,11646
245,5899,5746,11645
245,5899,5745,11644
245,5899,5744,11643
245,5899,5744,11643
245,5900,5744,11644
245,5900,5744,11644
245,5900,5745,11645
245,5900,5745,11645
245,5900,5746,11646
245,5900,5745,11645
245,5900,5745,11645
245,5900,5744,11644
245,5900,5744,11644
245,5900,5745,11645
245,5900,5745,11645
245,5901,5745,11646
245,5901,5745,11646
245,5901,5746,11647
245,5901,5746,11647
245,5902,5746,11648
245,5902,5746,11648
245,5902,5747,11649
245,5902,5747,11649
245,5902,5748,11650
245,5902,5748,11650
245,5902,5749,11651
245,5902,5749,11651
245,5902,5750,11652
246,5902,5750,11652
246,5902,5749,11651
246,5902,5749,11651
246,5902,5750,11652
246,5902,5750,11652
246,5903,5750,11653
246,5903,5750,11653
246,5903,5750,11653
246,5903,5750,11653
246,5903,5750,11653
246,5903,5751,11654
246,5903,5751,11654
246,5903,5752,11655
246,5903,5752,11655
246,5904,5752,11656
246,5904,5751,11655
246,5903,5751,11654
246,5903,5750,11653
246,5903,5750,11653
246,5903,5751,11654
246,5903,5751,11654
246,5904,5751,11655
246,5904,5751,11655
246,5904,5751,11655
246,5904,5751,11655
246,5905,5751,11656
246,5905,5750,11655
246,5905,5750,11655
246,5904,5750,11654
246,5904,5750,11654
246,5904,5750,11654
246,5904,5750,11654
246,5904,5751,11655
246,5904,5751,11655
246,5904,5752,11656
246,5904,5752,11656
246,5904,5753,11657
246,5904,5753,11657
246,5905,5753,11658
246,5905,5753,11658
246,5905,5753,11658
246,5905,5753,11658
246,5905,5754,11659
246,5905,5754,11659
246,5905,5755,11660
246,5904,5755,11659
246,5904,5755,11659
246,5905,5755,11660
246,5905,5755,11660
246,5905,5755,11660
246,5905,5755,11660
246,5905,5755,11660
246,5905,5756,11661
246,5905,5756,11661
246,5905,5757,11662
246,5905,5756,11661
246,5905,5756,11661
246,5905,5757,11662
246,5905,5756,11661
246,5905,5756,11661
246,5905,5757,11662
246,5905,5757,11662
246,5905,5758,11663
246,5905,5757,11662
246,5905,5757,11662
246,5906,5757,11663
246,5906,5757,11663
246,5906,5756,11662
246,5906,5756,11662
246,5906,5757,11663
246,5906,5757,11663
246,5907,5757,11664
246,5907,5757,11664
246,5907,5758,11665
246,5907,5758,11665
246,5907,5758,11665
246,5907,5758,11665
246,5907,5758,11665
246,5907,5758,11665
246,5907,5759,11666
246,5907,5759,11666
246,5907,5759,11666
246,5907,5760,11667
246,5907,5760,11667
246,5907,5761,11668
246,5907,5761,11668
246,5907,5762,11669
246,5906,5762,11668
246,5906,5762,11668
246,5907,5762,11669
246,5907,5762,11669
246,5907,5762,11669
246,5908,5762,11670
246,5908,5761,11669
246,5908,5761,11669
246,5908,5761,11669
246,5909,5761,11670
246,5909,5761,11670
246,5909,5762,11671
246,5909,5762,11671
246,5910,5762,11672
246,5910,5762,11672
246,5910,5763,11673
246,5910,5763,11673
246,5910,5764,11674
246,5910,5764,11674
246,5910,5765,11675
246,5909,5765,11674
246,5909,5765,11674
246,5909,5764,11673
246,5909,5764,11673
246,5910,5764,11674
246,5910,5764,11674
246,5910,5763,11673
246,5910,5763,11673
246,5910,5763,11673
246,5911,5763,11674
246,5911,5763,11674
246,5911,5764,11675
246,5911,5764,11675
246,5912,5764,11676
246,5912,5764,11676
246,5912,5765,11677
246,5912,5765,11677
246,5912,5765,11677
246,5912,5766,11678
246,5912,5766,11678
246,5911,5766,11677
246,5911,5766,11677
246,5911,5767,11678
246,5911,5766,11677
246,5911,5766,11677
246,5911,5767,11678
246,5911,5767,11678
246,5911,5768,11679
246,5911,5768,11679
246,5911,5768,11679
246,5912,5768,11680
246,5912,5768,11680
246,5912,5769,11681
246,5912,5769,11681
246,5913,5769,11682
246,5913,5768,11681
246,5913,5768,11681
246,5913,5769,11682
246,5913,5769,11682
246,5914,5769,11683
246,5914,5769,11683
246,5914,5770,11684
246,5914,5770,11684
246,5914,5771,11685
246,5914,5771,11685
246,5914,5772,11686
246,5914,5772,11686
246,5914,5773,11687
246,5914,5773,11687
246,5914,5774,11688
246,5914,5774,11688
246,5914,5774,11688
246,5914,5774,11688
246,5914,5774,11688
246,5915,5774,11689
246,5915,5774,11689
246,5915,5774,11689
246,5915,5774,11689
246,5915,5775,11690
246,5915,5775,11690
246,5915,5776,11691
246,5914,5776,11690
246,5914,5776,11690
246,5914,5776,11690
246,5914,5776,11690
246,5915,5776,11691
246,5915,5775,11690
246,5915,5775,11690
246,5915,5776,11691
246,5915,5776,11691
246,5915,5776,11691
246,5915,5776,11691
246,5915,5776,11691
246,5916,5776,11692
246,5915,5776,11691
246,5915,5776,11691
246,5915,5776,11691
246,5916,5776,11692
246,5915,5776,11691
246,5915,5776,11691
246,5915,5777,11692
246,5915,5777,11692
246,5915,5778,11693
246,5914,5778,11692
246,5914,5778,11692
246,5914,5779,11693
246,5914,5779,11693
246,5915,5779,11694
246,5915,5779,11694
246,5915,5780,11695
246,5915,5779,11694
246,5915,5779,11694
246,5915,5779,11694
246,5915,5778,11693
246,5915,5778,11693
246,5916,5778,11694
246,5916,5778,11694
246,5916,5778,11694
246,5916,5779,11695
246,5916,5779,11695
246,5916,5779,11695
246,5917,5779,11696
246,5916,5779,11695
246,5916,5779,11695
246,5915,5779,11694
246,5915,5779,11694
246,5916,5779,11695
246,5916,5778,11694
246,5916,5778,11694
246,5916,5778,11694
246,5916,5779,11695
246,5916,5779,11695
246,5916,5779,11695
246,5916,5780,11696
246,5916,5780,11696
246,5916,5781,11697
246,5915,5781,11696
246,5915,5780,11695
246,5915,5780,11695
246,5915,5781,11696
246,5915,5781,11696
246,5915,5781,11696
246,5916,5781,11697
246,5916,5781,11697
246,5916,5781,11697
246,5916,5782,11698
246,5916,5781,11697
246,5916,5781,11697
246,5916,5781,11697
246,5916,5782,11698
246,5916,5782,11698
246,5917,5782,11699
246,5917,5782,11699
246,5917,5782,11699
246,5917,5782,11699
246,5917,5782,11699
246,5917,5783,11700
246,5917,5783,11700
246,5917,5783,11700
246,5917,5784,11701
246,5917,5784,11701
246,5918,5784,11702
246,5918,5784,11702
246,5918,5785,11703
246,5918,5785,11703
246,5918,5785,11703
246,5919,5785,11704
246,5919,5784,11703
246,5919,5784,11703
246,5920,5784,11704
246,5920,5784,11704
246,5921,5784,11705
246,5920,5784,11704
246,5919,5784,11703
246,5919,5784,11703
246,5919,5785,11704
246,5919,5785,11704
246,5920,5785,11705
246,5920,5785,11705
246,5920,5786,11706
246,5920,5786,11706
246,5921,5786,11707
246,5920,5786,11706
246,5920,5786,11706
246,5921,5786,11707
246,5921,5786,11707
246,5922,5786,11708
246,5922,5786,11708
246,5923,5786,11709
246,5923,5786,11709
246,5923,5786,11709
246,5923,5787,11710
246,5923,5787,11710
246,5923,5788,11711
246,5923,5788,11711
246,5924,5788,11712
246,5923,5788,11711
246,5923,5788,11711
246,5923,5789,11712
246,5923,5789,11712
246,5924,5789,11713
246,5924,5789,11713
246,5924,5790,11714
246,5924,5790,11714
246,5925,5790,11715
246,5925,5790,11715
246,5925,5790,11715
246,5926,5790,11716
246,5926,5790,11716
246,5927,5790,11717
246,5927,5790,11717
246,5927,5790,11717
246,5927,5790,11717
246,5926,5790,11716
246,5926,5790,11716
246,5926,5791,11717
246,5926,5791,11717
246,5927,5791,11718
246,5927,5791,11718
246,5927,5792,11719
246,5927,5792,11719
246,5927,5792,11719
246,5927,5792,11719
246,5927,5793,11720
246,5927,5793,11720
246,5928,5793,11721
246,5927,5793,11720
246,5926,5793,11719
246,5926,5793,11719
246,5926,5793,11719
246,5927,5793,11720
246,5927,5793,11720
246,5927,5794,11721
246,5927,5794,11721
246,5928,5794,11722
246,5928,5793,11721
246,5928,5793,11721
246,5929,5793,11722
246,5929,5793,11722
246,5929,5793,11722
246,5930,5793,11723
246,5930,5793,11723
246,5930,5794,11724
246,5930,5794,11724
246,5931,5794,11725
246,5931,5794,11725
246,5931,5794,11725
246,5931,5794,11725
246,5931,5795,11726
246,5931,5795,11726
246,5931,5796,11727
246,5931,5796,11727
246,5932,5796,11728
246,5932,5796,11728
246,5932,5797,11729
246,5931,5797,11728
246,5931,5797,11728
246,5931,5796,11727
246,5930,5796,11726
246,5930,5796,11726
246,5930,5797,11727
246,5930,5797,11727
246,5930,5798,11728
246,5930,5798,11728
246,5930,5799,11729
246,5930,5799,11729
246,5931,5799,11730
246,5931,5799,11730
246,5931,5800,11731
246,5931,5800,11731
246,5931,5801,11732
246,5931,5801,11732
246,5931,5802,11733
246,5931,5801,11732
246,5931,5801,11732
246,5931,5801,11732
246,5931,5802,11733
246,5931,5802,11733
246,5931,5802,11733
246,5931,5803,11734
246,5931,5803,11734
246,5931,5804,11735
246,5931,5803,11734
246,5931,5803,11734
246,5931,5804,11735
246,5931,5804,11735
246,5931,5804,11735
246,5931,5805,11736
246,5931,5805,11736
246,5931,5806,11737
246,5931,5806,11737
246,5932,5806,11738
246,5932,5806,11738
246,5933,5806,11739
246,5933,5805,11738
246,5933,5805,11738
246,5933,5806,11739
246,5933,5806,11739
246,5933,5807,11740
246,5933,5807,11740
246,5932,5807,11739
246,5932,5807,11739
246,5932,5807,11739
246,5932,5807,11739
246,5932,5807,11739
246,5933,5807,11740
246,5933,5807,11740
246,5933,5808,11741
246,5933,5808,11741
246,5934,5808,11742
246,5934,5808,11742
246,5934,5809,11743
246,5934,5809,11743
246,5935,5809,11744
246,5935,5808,11743
246,5935,5808,11743
246,5935,5809,11744
246,5935,5809,11744
246,5935,5810,11745
246,5935,5810,11745
246,5935,5810,11745
246,5935,5810,11745
246,5936,5810,11746
246,5936,5810,11746
246,5936,5811,11747
246,5936,5811,11747
246,5937,5811,11748
246,5937,5811,11748
246,5937,5812,11749
246,5937,5812,11749
246,5937,5812,11749
246,5938,5812,11750
246,5937,5812,11749
246,5937,5812,11749
246,5937,5812,11749
246,5937,5813,11750
246,5937,5813,11750
246,5937,5814,11751
246,5937,5814,11751
246,5938,5814,11752
246,5938,5814,11752
246,5939,5814,11753
246,5939,5814,11753
246,5939,5814,11753
246,5939,5814,11753
246,5938,5814,11752
246,5938,5814,11752
246,5939,5814,11753
246,5939,5814,11753
246,5940,5814,11754
246,5940,5814,11754
246,5940,5814,11754
246,5940,5814,11754
246,5940,5815,11755
246,5940,5815,11755
246,5941,5815,11756
246,5941,5815,11756
246,5942,5815,11757
246,5942,5815,11757
246,5943,5815,11758
246,5942,5815,11757
246,5941,5815,11756
246,5941,5815,11756
246,5942,5815,11757
246,5942,5815,11757
246,5943,5815,11758
246,5943,5815,11758
246,5943,5816,11759
246,5943,5816,11759
246,5944,5816,11760
246,5944,5816,11760
246,5944,5816,11760
246,5944,5816,11760
246,5944,5816,11760
246,5945,5816,11761
246,5945,5816,11761
246,5945,5817,11762
246,5945,5817,11762
246,5945,5818,11763
246,5945,5818,11763
246,5946,5818,11764
246,5945,5818,11763
246,5944,5818,11762
246,5944,5818,11762
246,5945,5818,11763
246,5945,5818,11763
246,5946,5818,11764
246,5946,5818,11764
246,5947,5818,11765
246,5947,5817,11764
246,5947,5817,11764
246,5947,5817,11764
246,5947,5817,11764
246,5947,5817,11764
246,5947,5817,11764
246,5947,5817,11764
246,5948,5817,11765
246,5948,5817,11765
246,5948,5818,11766
246,5948,5818,11766
246,5948,5819,11767
246,5948,5819,11767
246,5948,5819,11767
246,5948,5819,11767
246,5948,5819,11767
246,5948,5820,11768
246,5948,5820,11768
246,5948,5821,11769
246,5948,5821,11769
246,5949,5821,11770
246,5949,5821,11770
246,5948,5821,11769
246,5948,5821,11769
246,5948,5821,11769
246,5948,5821,11769
246,5948,5822,11770
246,5948,5822,11770
246,5948,5822,11770
246,5949,5822,11771
246,5949,5822,11771
246,5949,5823,11772
246,5948,5823,11771
246,5948,5823,11771
246,5948,5822,11770
246,5948,5822,11770
246,5948,5822,11770
246,5948,5822,11770
246,5949,5822,11771
246,5948,5822,11770
246,5948,5822,11770
246,5948,5823,11771
246,5948,5823,11771
246,5949,5823,11772
246,5949,5823,11772
246,5949,5823,11772
246,5949,5823,11772
246,5949,5823,11772
246,5949,5823,11772
246,5949,5823,11772
246,5949,5823,11772
246,5950,5823,11773
246,5950,5823,11773
246,5950,5823,11773
246,5950,5823,11773
246,5951,5823,11774
246,5950,5823,11773
246,5950,5823,11773
246,5951,5823,11774
246,5951,5823,11774
246,5950,5823,11773
246,5949,5823,11772
246,5948,5823,11771
246,5948,5823,11771
246,5949,5823,11772
246,5949,5823,11772
246,5949,5823,11772
246,5949,5824,11773
246,5948,5824,11772
246,5948,5823,11771
246,5947,5823,11770
246,5947,5823,11770
246,5947,5823,11770
246,5947,5824,11771
246,5947,5823,11770
246,5947,5823,11770
246,5947,5823,11770
246,5947,5823,11770
246,5947,5823,11770
246,5947,5823,11770
246,5947,5823,11770
246,5948,5823,11771
246,5948,5823,11771
246,5948,5823,11771
246,5948,5824,11772
246,5948,5823,11771
246,5948,5823,11771
246,5948,5824,11772
246,5948,5824,11772
246,5948,5825,11773
246,5948,5824,11772
246,5948,5824,11772
246,5948,5825,11773
246,5948,5824,11772
246,5948,5824,11772
246,5949,5824,11773
246,5949,5824,11773
246,5950,5824,11774
246,5950,5824,11774
246,5950,5824,11774
246,5950,5824,11774
246,5950,5825,11775
246,5950,5825,11775
246,5950,5826,11776
246,5950,5826,11776
246,5950,5826,11776
246,5950,5827,11777
246,5950,5827,11777
246,5950,5827,11777
246,5950,5827,11777
246,5951,5827,11778
246,5951,5826,11777
246,5950,5826,11776
246,5950,5826,11776
246,5951,5826,11777
246,5951,5826,11777
246,5951,5826,11777
246,5952,5826,11778
246,5952,5826,11778
246,5952,5826,11778
246,5953,5826,11779
246,5953,5826,11779
246,5953,5826,11779
246,5953,5826,11779
246,5954,5826,11780
246,5954,5825,11779
246,5954,5825,11779
246,5954,5825,11779
246,5954,5826,11780
246,5954,5826,11780
246,5954,5827,11781
246,5953,5827,11780
246,5953,5826,11779
246,5953,5826,11779
246,5953,5827,11780
246,5953,5827,11780
246,5954,5827,11781
246,5954,5827,11781
246,5954,5827,11781
246,5954,5827,11781
246,5954,5826,11780
246,5954,5826,11780
246,5955,5826,11781
246,5955,5826,11781
246,5954,5826,11780
246,5954,5826,11780
246,5954,5827,11781
246,5954,5827,11781
246,5955,5827,11782
246,5955,5827,11782
246,5955,5828,11783
246,5955,5828,11783
246,5955,5829,11784
246,5955,5829,11784
246,5955,5830,11785
246,5955,5830,11785
246,5955,5830,11785
246,5955,5831,11786
246,5955,5831,11786
246,5955,5831,11786
246,5955,5832,11787
246,5954,5832,11786
246,5954,5832,11786
246,5954,5832,11786
246,5954,5832,11786
246,5955,5832,11787
246,5955,5832,11787
246,5956,5832,11788
246,5956,5831,11787
246,5956,5831,11787
246,5956,5831,11787
246,5956,5831,11787
246,5956,5831,11787
246,5956,5831,11787
246,5956,5831,11787
246,5957,5831,11788
246,5957,5831,11788
246,5957,5832,11789
246,5957,5832,11789
246,5958,5832,11790
246,5957,5832,11789
246,5956,5832,11788
246,5956,5832,11788
246,5956,5833,11789
246,5956,5833,11789
246,5956,5834,11790
246,5956,5834,11790
246,5956,5834,11790
246,5956,5834,11790
246,5956,5835,11791
246,5956,5835,11791
246,5957,5835,11792
246,5957,5835,11792
246,5957,5836,11793
246,5957,5836,11793
246,5957,5836,11793
246,5958,5836,11794
246,5958,5836,11794
246,5958,5836,11794
246,5958,5836,11794
246,5958,5837,11795
246,5958,5836,11794
246,5958,5836,11794
246,5958,5837,11795
246,5958,5837,11795
246,5958,5837,11795
246,5958,5838,11796
246,5958,5838,11796
246,5958,5838,11796
246,5958,5838,11796
246,5958,5837,11795
246,5958,5837,11795
246,5958,5838,11796
246,5958,5837,11795
246,5958,5837,11795
246,5958,5838,11796
246,5958,5838,11796
246,5958,5838,11796
246,5959,5838,11797
246,5959,5838,11797
246,5959,5839,11798
246,5959,5839,11798
246,5959,5838,11797
246,5959,5838,11797
246,5959,5838,11797
246,5960,5838,11798
246,5960,5838,11798
246,5960,5839,11799
246,5960,5838,11798
246,5960,5837,11797
246,5960,5837,11797
246,5959,5837,11796
246,5958,5837,11795
246,5958,5837,11795
246,5958,5838,11796
246,5958,5838,11796
246,5958,5838,11796
246,5959,5838,11797
246,5959,5838,11797
246,5959,5838,11797
246,5960,5838,11798
246,5960,5837,11797
246,5960,5837,11797
246,5961,5837,11798
246,5961,5837,11798
246,5962,5837,11799
246,5962,5837,11799
246,5962,5838,11800
246,5962,5838,11800
246,5963,5838,11801
246,5962,5838,11800
246,5961,5838,11799
246,5961,5838,11799
246,5961,5838,11799
246,5962,5838,11800
246,5962,5838,11800
246,5962,5838,11800
246,5962,5839,11801
246,5962,5839,11801
246,5962,5839,11801
246,5962,5840,11802
246,5962,5840,11802
246,5963,5840,11803
246,5963,5840,11803
246,5964,5840,11804
246,5964,5839,11803
246,5963,5839,11802
246,5963,5839,11802
246,5963,5840,11803
246,5963,5840,11803
246,5963,5841,11804
246,5962,5841,11803
246,5962,5841,11803
246,5962,5841,11803
246,5962,5842,11804
246,5962,5842,11804
246,5962,5842,11804
246,5963,5842,11805
246,5963,5841,11804
246,5963,5841,11804
246,5964,5841,11805
246,5964,5841,11805
246,5965,5841,11806
246,5965,5841,11806
246,5966,5841,11807
246,5965,5841,11806
246,5964,5841,11805
246,5964,5841,11805
246,5964,5841,11805
246,5964,5841,11805
246,5965,5841,11806
246,5965,5841,11806
246,5965,5841,11806
246,5966,5841,11807
246,5965,5841,11806
246,5965,5841,11806
246,5965,5841,11806
246,5965,5841,11806
246,5966,5841,11807
246,5966,5841,11807
246,5967,5841,11808
246,5967,5841,11808
246,5968,5841,11809
246,5968,5841,11809
246,5969,5841,11810
246,5969,5841,11810
246,5969,5842,11811
246,5969,5842,11811
246,5969,5842,11811
246,5970,5842,11812
246,5969,5842,11811
246,5968,5842,11810
246,5968,5842,11810
246,5969,5842,11811
246,5969,5841,11810
246,5969,5841,11810
246,5969,5842,11811
246,5969,5842,11811
246,5969,5843,11812
246,5969,5843,11812
246,5969,5844,11813
246,5969,5844,11813
246,5969,5845,11814
246,5969,5845,11814
246,5969,5846,11815
246,5969,5846,11815
246,5969,5847,11816
246,5969,5847,11816
246,5969,5847,11816
246,5969,5847,11816
246,5970,5847,11817
246,5969,5847,11816
246,5969,5847,11816
246,5969,5847,11816
246,5969,5847,11816
246,5969,5848,11817
246,5968,5848,11816
246,5968,5848,11816
246,5968,5847,11815
246,5968,5847,11815
246,5969,5847,11816
246,5969,5847,11816
246,5970,5847,11817
246,5970,5847,11817
246,5971,5847,11818
246,5971,5847,11818
246,5971,5848,11819
246,5971,5848,11819
246,5972,5848,11820
246,5972,5848,11820
246,5972,5849,11821
246,5972,5849,11821
246,5972,5850,11822
246,5972,5850,11822
246,5972,5849,11821
246,5972,5849,11821
246,5973,5849,11822
246,5973,5848,11821
246,5972,5848,11820
246,5972,5848,11820
246,5972,5848,11820
246,5972,5849,11821
246,5972,5849,11821
246,5973,5849,11822
246,5973,5849,11822
246,5973,5849,11822
246,5974,5849,11823
246,5974,5849,11823
246,5975,5849,11824
246,5975,5849,11824
246,5976,5849,11825
246,5976,5849,11825
246,5976,5849,11825
246,5977,5849,11826
246,5977,5849,11826
246,5977,5848,11825
246,5977,5848,11825
246,5978,5848,11826
246,5978,5848,11826
246,5979,5848,11827
246,5978,5848,11826
246,5978,5848,11826
246,5977,5848,11825
246,5977,5848,11825
246,5978,5848,11826
246,5978,5848,11826
246,5979,5848,11827
246,5979,5848,11827
246,5980,5848,11828
246,5980,5848,11828
246,5980,5848,11828
246,5981,5848,11829
246,5981,5848,11829
246,5981,5848,11829
246,5981,5848,11829
246,5981,5849,11830
246,5980,5849,11829
246,5980,5849,11829
246,5980,5850,11830
246,5980,5849,11829
246,5980,5849,11829
246,5980,5850,11830
246,5980,5850,11830
246,5980,5851,11831
246,5980,5850,11830
246,5980,5850,11830
246,5980,5851,11831
246,5980,5851,11831
246,5980,5852,11832
246,5980,5851,11831
246,5980,5851,11831
246,5980,5852,11832
246,5980,5852,11832
246,5980,5852,11832
246,5980,5851,11831
246,5980,5851,11831
246,5981,5851,11832
246,5981,5851,11832
246,5982,5851,11833
246,5982,5851,11833
246,5983,5851,11834
246,5983,5851,11834
246,5984,5851,11835
246,5984,5851,11835
246,5985,5851,11836
246,5985,5851,11836
246,5986,5851,11837
246,5986,5851,11837
246,5986,5851,11837
246,5986,5851,11837
246,5987,5851,11838
246,5987,5851,11838
246,5988,5851,11839
246,5988,5850,11838
246,5987,5850,11837
246,5986,5850,11836
246,5986,5850,11836
246,5987,5850,11837
246,5987,5850,11837
246,5987,5851,11838
246,5987,5851,11838
246,5987,5852,11839
246,5987,5852,11839
246,5988,5852,11840
246,5988,5852,11840
246,5989,5852,11841
246,5989,5852,11841
246,5989,5853,11842
246,5989,5853,11842
246,5989,5854,11843
246,5989,5854,11843
246,5989,5854,11843
246,5990,5854,11844
246,5990,5854,11844
246,5990,5855,11845
246,5990,5855,11845
246,5990,5856,11846
246,5990,5856,11846
246,5991,5856,11847
246,5991,5856,11847
246,5992,5856,11848
246,5992,5856,11848
246,5992,5856,11848
246,5992,5856,11848
246,5992,5856,11848
246,5992,5857,11849
246,5992,5857,11849
246,5992,5857,11849
246,5992,5857,11849
246,5992,5858,11850
246,5992,5858,11850
246,5992,5859,11851
246,5991,5859,11850
246,5991,5859,11850
246,5991,5860,11851
246,5991,5859,11850
246,5991,5859,11850
246,5991,5858,11849
246,5991,5858,11849
246,5991,5858,11849
246,5992,5858,11850
246,5992,5858,11850
246,5992,5857,11849
246,5992,5857,11849
246,5992,5858,11850
246,5991,5858,11849
246,5991,5858,11849
246,5991,5858,11849
246,5992,5858,11850
246,5992,5858,11850
246,5992,5859,11851
246,5992,5859,11851
246,5992,5859,11851
246,5992,5859,11851
246,5992,5859,11851
246,5992,5859,11851
246,5992,5860,11852
246,5992,5859,11851
246,5992,5859,11851
246,5993,5859,11852
246,5993,5858,11851
246,5993,5858,11851
246,5993,5859,11852
246,5993,5859,11852
246,5993,5860,11853
246,5993,5860,11853
246,5992,5860,11852
246,5992,5860,11852
246,5993,5860,11853
246,5993,5860,11853
246,5993,5860,11853
246,5993,5860,11853
246,5994,5860,11854
246,5994,5860,11854
246,5994,5861,11855
246,5994,5861,11855
246,5994,5862,11856
246,5994,5862,11856
246,5994,5862,11856
246,5994,5862,11856
246,5994,5862,11856
246,5994,5862,11856
246,5994,5862,11856
246,5995,5862,11857
246,5995,5862,11857
246,5995,5862,11857
246,5995,5862,11857
246,5995,5863,11858
246,5995,5863,11858
246,5996,5863,11859
246,5996,5863,11859
246,5996,5863,11859
246,5996,5864,11860
246,5996,5863,11859
246,5996,5863,11859
246,5996,5864,11860
246,5996,5863,11859
246,5996,5862,11858
246,5996,5862,11858
246,5997,5862,11859
246,5997,5862,11859
246,5997,5862,11859
246,5998,5862,11860
246,5998,5862,11860
246,5998,5862,11860
246,5998,5862,11860
246,5998,5863,11861
246,5997,5863,11860
246,5997,5863,11860
246,5997,5864,11861
246,5997,5864,11861
246,5997,5864,11861
246,5997,5865,11862
246,5997,5865,11862
246,5997,5866,11863
246,5997,5865,11862
246,5997,5864,11861
246,5997,5863,11860
246,5997,5863,11860
246,5997,5864,11861
246,5997,5864,11861
246,5998,5864,11862
246,5998,5864,11862
246,5998,5865,11863
246,5998,5864,11862
246,5998,5864,11862
246,5998,5864,11862
246,5998,5865,11863
246,5998,5865,11863
246,5998,5865,11863
246,5999,5865,11864
246,5999,5865,11864
246,5999,5865,11864
246,6000,5865,11865
246,6000,5865,11865
246,6000,5865,11865
246,6000,5865,11865
246,6001,5865,11866
246,6001,5865,11866
246,6001,5864,11865
246,6001,5864,11865
246,6002,5864,11866
246,6002,5864,11866
246,6002,5865,11867
246,6002,5865,11867
246,6002,5865,11867
246,6001,5865,11866
246,6001,5865,11866
246,6001,5864,11865
246,6001,5864,11865
246,6002,5864,11866
246,6002,5864,11866
246,6002,5864,11866
246,6002,5865,11867
246,6002,5865,11867
246,6003,5865,11868
246,6003,5865,11868
246,6002,5865,11867
246,6002,5865,11867
246,6002,5865,11867
246,6003,5865,11868
246,6003,5865,11868
246,6003,5866,11869
246,6003,5866,11869
246,6004,5866,11870
246,6004,5866,11870
246,6004,5867,11871
246,6003,5867,11870
246,6003,5867,11870
246,6003,5867,11870
246,6003,5867,11870
246,6004,5867,11871
246,6004,5867,11871
246,6004,5867,11871
246,6004,5868,11872
246,6004,5868,11872
246,6004,5868,11872
246,6004,5867,11871
246,6004,5867,11871
246,6004,5868,11872
246,6004,5868,11872
246,6004,5869,11873
246,6004,5869,11873
246,6005,5869,11874
246,6005,5868,11873
246,6005,5868,11873
246,6005,5868,11873
246,6006,5868,11874
246,6005,5868,11873
246,6005,5868,11873
246,6004,5868,11872
246,6004,5868,11872
246,6004,5868,11872
246,6004,5869,11873
246,6004,5869,11873
246,6004,5869,11873
246,6004,5869,11873
246,6005,5869,11874
246,6005,5869,11874
246,6005,5870,11875
246,6005,5870,11875
246,6005,5871,11876
246,6005,5871,11876
246,6006,5871,11877
246,6006,5871,11877
246,6007,5871,11878
246,6007,5871,11878
246,6007,5872,11879
246,6007,5872,11879
246,6007,5871,11878
246,6007,5871,11878
246,6007,5872,11879
246,6007,5872,11879
246,6007,5872,11879
246,6008,5872,11880
246,6008,5872,11880
246,6008,5872,11880
246,6008,5873,11881
246,6008,5873,11881
246,6008,5873,11881
246,6008,5873,11881
246,6008,5874,11882
246,6008,5874,11882
246,6008,5875,11883
246,6008,5875,11883
246,6008,5875,11883
246,6008,5875,11883
246,6008,5875,11883
246,6008,5875,11883
246,6008,5875,11883
246,6008,5876,11884
246,6008,5876,11884
246,6008,5877,11885
246,6008,5877,11885
246,6008,5877,11885
246,6009,5877,11886
246,6009,5876,11885
246,6009,5876,11885
246,6010,5876,11886
246,6010,5876,11886
246,6010,5877,11887
246,6010,5877,11887
246,6009,5877,11886
246,6009,5876,11885
246,6008,5876,11884
246,6008,5875,11883
246,6008,5875,11883
246,6008,5876,11884
246,6008,5876,11884
246,6009,5876,11885
246,6009,5875,11884
246,6008,5875,11883
246,6008,5875,11883
246,6009,5875,11884
246,6009,5875,11884
246,6009,5876,11885
246,6009,5876,11885
246,6010,5876,11886
246,6010,5876,11886
246,6010,5876,11886
246,6010,5877,11887
246,6010,5877,11887
246,6010,5878,11888
246,6010,5878,11888
246,6011,5878,11889
246,6011,5878,11889
246,6012,5878,11890
246,6012,5877,11889
246,6012,5877,11889
246,6012,5878,11890
246,6012,5878,11890
246,6011,5878,11889
246,6011,5878,11889
246,6011,5878,11889
246,6011,5879,11890
246,6011,5879,11890
246,6011,5878,11889
246,6011,5878,11889
246,6011,5878,11889
246,6012,5878,11890
246,6012,5878,11890
246,6012,5878,11890
246,6013,5878,11891
246,6013,5878,11891
246,6014,5878,11892
246,6014,5878,11892
246,6014,5879,11893
246,6014,5879,11893
246,6014,5879,11893
246,6014,5879,11893
246,6014,5880,11894
246,6014,5880,11894
246,6014,5879,11893
246,6014,5879,11893
246,6014,5879,11893
246,6014,5880,11894
246,6014,5880,11894
246,6014,5881,11895
246,6014,5881,11895
246,6014,5881,11895
246,6015,5881,11896
246,6015,5881,11896
246,6015,5882,11897
246,6015,5882,11897
246,6016,5882,11898
246,6016,5882,11898
246,6016,5882,11898
246,6016,5882,11898
246,6016,5881,11897
246,6016,5881,11897
246,6016,5882,11898
246,6016,5882,11898
246,6016,5883,11899
246,6016,5883,11899
246,6016,5883,11899
246,6017,5883,11900
246,6017,5883,11900
246,6018,5883,11901
246,6018,5883,11901
246,6019,5883,11902
246,6019,5883,11902
246,6019,5883,11902
246,6019,5884,11903
246,6019,5884,11903
246,6020,5884,11904
246,6020,5884,11904
246,6020,5885,11905
246,6020,5885,11905
246,6020,5886,11906
246,6020,5886,11906
246,6020,5886,11906
246,6020,5887,11907
246,6020,5887,11907
246,6020,5887,11907
246,6020,5887,11907
246,6020,5888,11908
246,6020,5888,11908
246,6021,5888,11909
246,6021,5888,11909
246,6022,5888,11910
246,6022,5888,11910
246,6022,5888,11910
246,6023,5888,11911
246,6023,5888,11911
246,6024,5888,11912
246,6024,5888,11912
246,6025,5888,11913
246,6025,5888,11913
246,6025,5889,11914
246,6025,5889,11914
246,6026,5889,11915
246,6026,5889,11915
246,6026,5890,11916
246,6026,5890,11916
246,6026,5890,11916
246,6026,5891,11917
246,6026,5891,11917
246,6027,5891,11918
246,6027,5891,11918
246,6026,5891,11917
246,6026,5891,11917
246,6026,5891,11917
246,6026,5892,11918
246,6026,5892,11918
246,6027,5892,11919
246,6027,5892,11919
246,6027,5893,11920
246,6027,5893,11920
246,6028,5893,11921
246,6028,5893,11921
246,6028,5893,11921
246,6029,5893,11922
246,6029,5893,11922
246,6029,5894,11923
246,6029,5894,11923
246,6029,5895,11924
246,6029,5895,11924
246,6029,5896,11925
246,6029,5896,11925
246,6029,5897,11926
246,6028,5897,11925
246,6028,5897,11925
246,6028,5897,11925
246,6029,5897,11926
246,6029,5897,11926
246,6029,5898,11927
246,6029,5898,11927
246,6029,5898,11927
246,6029,5899,11928
246,6029,5899,11928
246,6029,5899,11928
246,6030,5899,11929
246,6030,5898,11928
246,6030,5898,11928
246,6030,5899,11929
246,6030,5899,11929
246,6030,5900,11930
246,6030,5900,11930
246,6030,5900,11930
246,6031,5900,11931
246,6031,5900,11931
246,6031,5900,11931
246,6032,5900,11932
246,6032,5900,11932
246,6032,5900,11932
246,6032,5901,11933
246,6031,5901,11932
246,6031,5901,11932
246,6031,5902,11933
246,6031,5902,11933
246,6031,5902,11933
246,6032,5902,11934
246,6032,5902,11934
246,6033,5902,11935
246,6033,5902,11935
246,6034,5902,11936
246,6034,5902,11936
246,6034,5902,11936
246,6035,5902,11937
246,6035,5902,11937
246,6035,5902,11937
246,6036,5902,11938
246,6036,5902,11938
246,6036,5902,11938
246,6036,5901,11937
246,6036,5901,11937
246,6036,5901,11937
246,6037,5901,11938
246,6037,5901,11938
246,6037,5901,11938
246,6038,5901,11939
246,6037,5901,11938
246,6037,5901,11938
246,6038,5901,11939
246,6038,5901,11939
246,6038,5901,11939
246,6038,5902,11940
246,6038,5902,11940
246,6038,5902,11940
246,6038,5903,11941
246,6038,5903,11941
246,6039,5903,11942
246,6039,5903,11942
246,6039,5903,11942
246,6039,5903,11942
246,6040,5903,11943
246,6040,5903,11943
246,6040,5904,11944
246,6040,5904,11944
246,6040,5905,11945
246,6040,5905,11945
246,6040,5906,11946
246,6040,5906,11946
246,6041,5906,11947
246,6040,5906,11946
246,6040,5906,11946
246,6040,5907,11947
246,6040,5907,11947
246,6041,5907,11948
246,6041,5907,11948
246,6041,5907,11948
246,6041,5907,11948
246,6041,5908,11949
246,6041,5908,11949
246,6041,5909,11950
246,6041,5909,11950
246,6041,5910,11951
246,6041,5910,11951
246,6042,5910,11952
246,6042,5910,11952
246,6043,5910,11953
246,6043,5910,11953
246,6043,5911,11954
246,6043,5911,11954
246,6044,5911,11955
246,6044,5911,11955
246,6044,5912,11956
246,6043,5912,11955
246,6043,5911,11954
246,6043,5911,11954
246,6043,5912,11955
246,6042,5912,11954
246,6042,5912,11954
246,6043,5912,11955
246,6043,5912,11955
246,6044,5912,11956
246,6044,5912,11956
246,6044,5912,11956
246,6044,5913,11957
246,6044,5913,11957
246,6044,5913,11957
246,6044,5914,11958
246,6044,5914,11958
246,6045,5914,11959
246,6045,5914,11959
246,6045,5913,11958
246,6045,5913,11958
246,6045,5914,11959
246,6045,5914,11959
246,6046,5914,11960
246,6045,5914,11959
246,6045,5914,11959
246,6046,5914,11960
246,6046,5914,11960
246,6046,5915,11961
246,6046,5915,11961
246,6045,5915,11960
246,6045,5915,11960
246,6046,5915,11961
246,6046,5915,11961
246,6046,5916,11962
246,6046,5916,11962
246,6046,5917,11963
246,6046,5917,11963
246,6046,5918,11964
246,6046,5918,11964
246,6046,5919,11965
246,6046,5919,11965
246,6047,5919,11966
246,6047,5919,11966
246,6048,5919,11967
246,6048,5918,11966
246,6048,5918,11966
246,6048,5919,11967
246,6048,5919,11967
246,6048,5919,11967
246,6049,5919,11968
246,6049,5919,11968
246,6050,5919,11969
246,6050,5919,11969
246,6050,5919,11969
246,6050,5920,11970
246,6050,5920,11970
246,6051,5920,11971
246,6050,5920,11970
246,6049,5920,11969
246,6049,5920,11969
246,6049,5919,11968
246,6049,5919,11968
246,6050,5919,11969
246,6050,5919,11969
246,6050,5919,11969
246,6051,5919,11970
246,6051,5919,11970
246,6050,5919,11969
246,6050,5919,11969
246,6049,5919,11968
246,6049,5919,11968
246,6049,5920,11969
246,6049,5920,11969
246,6049,5920,11969
246,6050,5920,11970
246,6050,5920,11970
246,6051,5920,11971
246,6051,5920,11971
246,6051,5920,11971
246,6051,5921,11972
246,6051,5921,11972
246,6051,5921,11972
246,6051,5921,11972
246,6052,5921,11973
246,6052,5921,11973
246,6051,5921,11972
246,6051,5921,11972
246,6051,5922,11973
246,6051,5922,11973
246,6051,5923,11974
246,6051,5923,11974
246,6051,5924,11975
246,6051,5924,11975
246,6051,5925,11976
246,6051,5925,11976
246,6051,5926,11977
246,6051,5926,11977
246,6051,5926,11977
246,6051,5927,11978
246,6051,5927,11978
246,6052,5927,11979
246,6052,5927,11979
246,6052,5928,11980
246,6052,5928,11980
246,6052,5928,11980
246,6052,5929,11981
246,6051,5929,11980
246,6051,5929,11980
246,6051,5929,11980
246,6052,5929,11981
246,6052,5929,11981
246,6052,5930,11982
246,6052,5929,11981
246,6052,5929,11981
246,6053,5929,11982
246,6053,5929,11982
246,6053,5930,11983
246,6053,5930,11983
246,6053,5931,11984
246,6053,5931,11984
246,6053,5931,11984
246,6054,5931,11985
246,6054,5931,11985
246,6054,5931,11985
246,6054,5931,11985
246,6054,5930,11984
246,6054,5930,11984
246,6055,5930,11985
246,6055,5930,11985
246,6055,5930,11985
246,6056,5930,11986
246,6056,5930,11986
246,6056,5931,11987
246,6056,5931,11987
246,6057,5931,11988
246,6056,5931,11987
246,6056,5931,11987
246,6056,5932,11988
246,6056,5932,11988
246,6056,5932,11988
246,6055,5932,11987
246,6055,5932,11987
246,6056,5932,11988
246,6056,5931,11987
246,6056,5931,11987
246,6056,5932,11988
246,6056,5932,11988
246,6055,5932,11987
246,6055,5932,11987
246,6056,5932,11988
246,6056,5931,11987
246,6056,5931,11987
246,6057,5931,11988
246,6056,5931,11987
246,6056,5931,11987
246,6056,5932,11988
246,6056,5932,11988
246,6057,5932,11989
246,6057,5932,11989
246,6056,5932,11988
246,6056,5932,11988
246,6056,5932,11988
246,6056,5933,11989
246,6056,5933,11989
246,6056,5934,11990
246,6056,5934,11990
246,6056,5935,11991
246,6056,5935,11991
246,6055,5935,11990
246,6055,5935,11990
246,6055,5935,11990
246,6055,5936,11991
246,6055,5936,11991
246,6056,5936,11992
246,6056,5936,11992
246,6056,5936,11992
246,6056,5935,11991
246,6055,5935,11990
246,6055,5934,11989
246,6055,5934,11989
246,6055,5935,11990
246,6055,5935,11990
246,6056,5935,11991
246,6056,5935,11991
246,6056,5935,11991
246,6057,5935,11992
246,6057,5935,11992
246,6057,5936,11993
246,6057,5935,11992
246,6057,5935,11992
246,6057,5935,11992
246,6057,5936,11993
246,6057,5935,11992
246,6057,5935,11992
246,6057,5935,11992
246,6057,5936,11993
246,6057,5936,11993
246,6058,5936,11994
246,6058,5936,11994
246,6059,5936,11995
246,6059,5936,11995
246,6059,5937,11996
246,6059,5937,11996
246,6060,5937,11997
246,6060,5936,11996
246,6060,5936,11996
246,6060,5936,11996
246,6060,5936,11996
246,6061,5936,11997
246,6061,5936,11997
246,6062,5936,11998
246,6062,5936,11998
246,6062,5937,11999
246,6062,5937,11999
246,6062,5938,12000
246,6061,5938,11999
246,6061,5937,11998
246,6061,5937,11998
246,6061,5937,11998
246,6061,5936,11997
246,6060,5936,11996
246,6060,5936,11996
246,6060,5936,11996
246,6060,5936,11996
246,6060,5936,11996
246,6060,5936,11996
246,6061,5936,11997
246,6061,5936,11997
246,6061,5936,11997
246,6061,5936,11997
246,6061,5936,11997
246,6061,5936,11997
246,6062,5936,11998
246,6062,5936,11998
246,6062,5937,11999
246,6062,5937,11999
247,6063,5937,12000
247,6063,5937,12000
247,6064,5937,12001
247,6064,5937,12001
247,6064,5937,12001
247,6064,5937,12001
247,6064,5937,12001
247,6064,5938,12002
247,6063,5938,12001
247,6063,5938,12001
247,6064,5938,12002
247,6064,5938,12002
247,6064,5939,12003
247,6064,5939,12003
247,6064,5940,12004
247,6064,5940,12004
247,6064,5941,12005
247,6064,5941,12005
247,6064,5942,12006
247,6064,5942,12006
247,6064,5943,12007
247,6064,5943,12007
247,6065,5943,12008
247,6065,5943,12008
247,6065,5944,12009
247,6065,5944,12009
247,6065,5945,12010
247,6065,5945,12010
247,6066,5945,12011
247,6066,5945,12011
247,6066,5945,12011
247,6067,5945,12012
247,6067,5945,12012
247,6067,5946,12013
247,6067,5946,12013
247,6067,5947,12014
247,6067,5947,12014
247,6068,5947,12015
247,6068,5947,12015
247,6068,5948,12016
247,6068,5948,12016
247,6068,5949,12017
247,6068,5949,12017
247,6068,5949,12017
247,6068,5950,12018
247,6068,5949,12017
247,6068,5949,12017
247,6068,5950,12018
247,6068,5950,12018
247,6068,5951,12019
247,6068,5951,12019
247,6068,5952,12020
247,6068,5952,12020
247,6069,5952,12021
247,6069,5952,12021
247,6070,5952,12022
247,6070,5951,12021
247,6070,5951,12021
247,6071,5951,12022
247,6071,5951,12022
247,6071,5952,12023
247,6070,5952,12022
247,6070,5952,12022
247,6070,5952,12022
247,6070,5953,12023
247,6070,5953,12023
247,6070,5954,12024
247,6070,5954,12024
247,6070,5955,12025
247,6070,5955,12025
247,6070,5955,12025
247,6070,5955,12025
247,6070,5955,12025
247,6070,5955,12025
247,6070,5954,12024
247,6070,5953,12023
247,6070,5953,12023
247,6071,5953,12024
247,6071,5953,12024
247,6071,5954,12025
247,6071,5954,12025
247,6071,5954,12025
247,6072,5954,12026
247,6072,5954,12026
247,6072,5955,12027
247,6072,5954,12026
247,6072,5954,12026
247,6072,5953,12025
247,6072,5953,12025
247,6073,5953,12026
247,6072,5953,12025
247,6072,5953,12025
247,6072,5953,12025
247,6072,5954,12026
247,6071,5954,12025
247,6071,5954,12025
247,6072,5954,12026
247,6072,5953,12025
247,6072,5953,12025
247,6072,5954,12026
247,6072,5954,12026
247,6072,5954,12026
247,6073,5954,12027
247,6073,5954,12027
247,6074,5954,12028
247,6074,5954,12028
247,6074,5955,12029
247,6073,5955,12028
247,6073,5954,12027
247,6073,5954,12027
247,6074,5954,12028
247,6073,5954,12027
247,6073,5954,12027
247,6073,5955,12028
247,6072,5955,12027
247,6072,5955,12027
247,6073,5955,12028
247,6073,5955,12028
247,6074,5955,12029
247,6074,5955,12029
247,6074,5956,12030
247,6074,5956,12030
247,6074,5957,12031
247,6074,5957,12031
247,6074,5957,12031
247,6075,5957,12032
247,6075,5957,12032
247,6076,5957,12033
247,6076,5957,12033
247,6077,5957,12034
247,6077,5957,12034
247,6077,5956,12033
247,6076,5956,12032
247,6076,5956,12032
247,6077,5956,12033
247,6076,5956,12032
247,6076,5956,12032
247,6076,5956,12032
247,6075,5956,12031
247,6075,5956,12031
247,6075,5956,12031
247,6075,5956,12031
247,6075,5956,12031
247,6075,5957,12032
247,6075,5957,12032
247,6075,5958,12033
247,6075,5958,12033
247,6074,5958,12032
247,6074,5958,12032
247,6075,5958,12033
247,6075,5957,12032
247,6074,5957,12031
247,6074,5957,12031
247,6074,5957,12031
247,6074,5956,12030
247,6074,5955,12029
247,6074,5955,12029
247,6074,5955,12029
247,6074,5955,12029
247,6075,5955,12030
247,6075,5955,12030
247,6075,5956,12031
247,6075,5955,12030
247,6075,5954,12029
247,6074,5954,12028
247,6074,5954,12028
247,6075,5954,12029
247,6075,5954,12029
247,6075,5955,12030
247,6074,5955,12029
247,6074,5954,12028
247,6074,5954,12028
247,6075,5954,12029
247,6075,5954,12029
247,6076,5954,12030
247,6076,5954,12030
247,6076,5954,12030
247,6075,5954,12029
247,6075,5954,12029
247,6076,5954,12030
247,6076,5954,12030
247,6077,5954,12031
247,6077,5954,12031
247,6077,5955,12032
247,6077,5955,12032
247,6078,5955,12033
247,6078,5955,12033
247,6079,5955,12034
247,6079,5955,12034
247,6079,5956,12035
247,6079,5956,12035
247,6079,5957,12036
247,6078,5957,12035
247,6078,5957,12035
247,6078,5958,12036
247,6078,5958,12036
247,6078,5959,12037
247,6078,5958,12036
247,6078,5958,12036
247,6078,5959,12037
247,6078,5959,12037
247,6079,5959,12038
247,6079,5959,12038
247,6079,5959,12038
247,6080,5959,12039
247,6080,5958,12038
247,6080,5958,12038
247,6080,5958,12038
247,6080,5959,12039
247,6079,5959,12038
247,6079,5959,12038
247,6079,5960,12039
247,6079,5960,12039
247,6080,5960,12040
247,6080,5960,12040
247,6080,5960,12040
247,6080,5960,12040
247,6080,5961,12041
247,6080,5961,12041
247,6081,5961,12042
247,6081,5961,12042
247,6081,5961,12042
247,6081,5962,12043
247,6081,5962,12043
247,6081,5963,12044
247,6081,5963,12044
247,6082,5963,12045
247,6082,5963,12045
247,6083,5963,12046
247,6083,5963,12046
247,6084,5963,12047
247,6084,5963,12047
247,6084,5963,12047
247,6084,5963,12047
247,6084,5963,12047
247,6085,5963,12048
247,6085,5963,12048
247,6085,5964,12049
247,6085,5964,12049
247,6085,5963,12048
247,6085,5962,12047
247,6085,5962,12047
247,6084,5962,12046
247,6084,5962,12046
247,6085,5962,12047
247,6085,5962,12047
247,6085,5962,12047
247,6085,5962,12047
247,6086,5962,12048
247,6086,5962,12048
247,6086,5962,12048
247,6086,5963,12049
247,6086,5963,12049
247,6086,5963,12049
247,6086,5963,12049
247,6086,5963,12049
247,6087,5963,12050
247,6087,5963,12050
247,6088,5963,12051
247,6088,5963,12051
247,6089,5963,12052
247,6089,5963,12052
247,6089,5963,12052
247,6089,5963,12052
247,6090,5963,12053
247,6090,5963,12053
247,6090,5963,12053
247,6089,5963,12052
247,6089,5963,12052
247,6090,5963,12053
247,6090,5963,12053
247,6091,5963,12054
247,6091,5963,12054
247,6091,5964,12055
247,6090,5964,12054
247,6090,5964,12054
247,6090,5964,12054
247,6090,5963,12053
247,6090,5963,12053
247,6090,5964,12054
247,6090,5964,12054
247,6091,5964,12055
247,6091,5964,12055
247,6090,5964,12054
247,6090,5964,12054
247,6090,5964,12054
247,6091,5964,12055
247,6091,5964,12055
247,6092,5964,12056
247,6092,5964,12056
247,6092,5965,12057
247,6092,5965,12057
247,6092,5965,12057
247,6092,5966,12058
247,6092,5966,12058
247,6091,5966,12057
247,6091,5966,12057
247,6092,5966,12058
247,6092,5965,12057
247,6092,5965,12057
247,6092,5966,12058
247,6092,5966,12058
247,6092,5966,12058
247,6093,5966,12059
247,6093,5966,12059
247,6093,5967,12060
247,6092,5967,12059
247,6092,5967,12059
247,6093,5967,12060
247,6093,5967,12060
247,6093,5967,12060
247,6093,5968,12061
247,6093,5968,12061
247,6094,5968,12062
247,6094,5968,12062
247,6094,5969,12063
247,6094,5969,12063
247,6094,5969,12063
247,6095,5969,12064
247,6095,5969,12064
247,6095,5970,12065
247,6095,5970,12065
247,6095,5971,12066
247,6095,5971,12066
247,6096,5971,12067
247,6096,5971,12067
247,6097,5971,12068
247,6097,5971,12068
247,6097,5971,12068
247,6097,5970,12067
247,6097,5970,12067
247,6098,5970,12068
247,6098,5970,12068
247,6099,5970,12069
247,6099,5970,12069
247,6100,5970,12070
247,6100,5970,12070
247,6099,5970,12069
247,6099,5970,12069
247,6099,5971,12070
247,6099,5971,12070
247,6099,5971,12070
247,6099,5971,12070
247,6099,5972,12071
247,6099,5972,12071
247,6099,5973,12072
247,6098,5973,12071
247,6098,5973,12071
247,6098,5973,12071
247,6098,5973,12071
247,6098,5974,12072
247,6098,5973,12071
247,6098,5973,12071
247,6099,5973,12072
247,6099,5973,12072
247,6099,5974,12073
247,6099,5974,12073
247,6099,5973,12072
247,6099,5973,12072
247,6099,5974,12073
247,6099,5974,12073
247,6099,5975,12074
247,6099,5975,12074
247,6100,5975,12075
247,6100,5974,12074
247,6100,5974,12074
247,6100,5975,12075
247,6100,5975,12075
247,6100,5975,12075
247,6101,5975,12076
247,6100,5975,12075
247,6100,5975,12075
247,6100,5976,12076
247,6100,5976,12076
247,6100,5976,12076
247,6101,5976,12077
247,6101,5976,12077
247,6101,5976,12077
247,6101,5977,12078
247,6101,5977,12078
247,6101,5977,12078
247,6101,5977,12078
247,6101,5978,12079
247,6101,5978,12079
247,6101,5979,12080
247,6100,5979,12079
247,6100,5979,12079
247,6100,5978,12078
247,6100,5978,12078
247,6100,5978,12078
247,6100,5978,12078
247,6101,5978,12079
247,6101,5978,12079
247,6101,5979,12080
247,6101,5979,12080
247,6102,5979,12081
247,6102,5979,12081
247,6102,5980,12082
247,6102,5980,12082
247,6103,5980,12083
247,6103,5980,12083
247,6103,5981,12084
247,6103,5981,12084
247,6104,5981,12085
247,6104,5981,12085
247,6104,5982,12086
247,6104,5982,12086
247,6105,5982,12087
247,6105,5982,12087
247,6106,5982,12088
247,6106,5981,12087
247,6106,5981,12087
247,6107,5981,12088
247,6107,5981,12088
247,6107,5981,12088
247,6107,5981,12088
247,6108,5981,12089
247,6108,5981,12089
247,6108,5981,12089
247,6109,5981,12090
247,6109,5981,12090
247,6109,5982,12091
247,6108,5982,12090
247,6108,5982,12090
247,6109,5982,12091
247,6109,5982,12091
247,6109,5983,12092
247,6109,5983,12092
247,6110,5983,12093
247,6110,5983,12093
247,6111,5983,12094
247,6111,5982,12093
247,6111,5982,12093
247,6110,5982,12092
247,6110,5982,12092
247,6110,5983,12093
247,6109,5983,12092
247,6109,5983,12092
247,6109,5984,12093
247,6109,5984,12093
247,6110,5984,12094
247,6110,5984,12094
247,6111,5984,12095
247,6111,5984,12095
247,6111,5984,12095
247,6112,5984,12096
247,6112,5984,12096
247,6113,5984,12097
247,6113,5983,12096
247,6112,5983,12095
247,6111,5983,12094
247,6111,5983,12094
247,6112,5983,12095
247,6111,5983,12094
247,6111,5983,12094
247,6111,5983,12094
247,6112,5983,12095
247,6112,5983,12095
247,6113,5983,12096
247,6113,5983,12096
247,6113,5984,12097
247,6113,5984,12097
247,6114,5984,12098
247,6114,5984,12098
247,6114,5985,12099
247,6114,5985,12099
247,6114,5985,12099
247,6114,5985,12099
247,6115,5985,12100
247,6114,5985,12099
247,6113,5985,12098
247,6113,5985,12098
247,6113,5986,12099
247,6113,5986,12099
247,6113,5985,12098
247,6113,5985,12098
247,6114,5985,12099
247,6114,5985,12099
247,6114,5985,12099
247,6114,5986,12100
247,6114,5986,12100
247,6114,5987,12101
247,6114,5987,12101
247,6115,5987,12102
247,6115,5987,12102
247,6116,5987,12103
247,6116,5987,12103
247,6116,5987,12103
247,6116,5988,12104
247,6116,5988,12104
247,6117,5988,12105
247,6117,5987,12104
247,6117,5987,12104
247,6117,5987,12104
247,6116,5987,12103
247,6116,5987,12103
247,6117,5987,12104
247,6117,5987,12104
247,6117,5987,12104
247,6117,5988,12105
247,6117,5988,12105
247,6117,5987,12104
247,6117,5987,12104
247,6117,5987,12104
247,6117,5988,12105
247,6117,5987,12104
247,6117,5987,12104
247,6118,5987,12105
247,6118,5986,12104
247,6118,5986,12104
247,6117,5986,12103
247,6117,5986,12103
247,6117,5987,12104
247,6117,5987,12104
247,6117,5988,12105
247,6117,5988,12105
247,6116,5988,12104
247,6116,5988,12104
247,6116,5989,12105
247,6116,5989,12105
247,6117,5989,12106
247,6117,5988,12105
247,6117,5988,12105
247,6118,5988,12106
247,6118,5988,12106
247,6119,5988,12107
247,6119,5988,12107
247,6119,5989,12108
247,6119,5989,12108
247,6120,5989,12109
247,6120,5989,12109
247,6121,5989,12110
247,6120,5989,12109
247,6120,5989,12109
247,6120,5990,12110
247,6120,5990,12110
247,6119,5990,12109
247,6119,5990,12109
247,6119,5991,12110
247,6119,5990,12109
247,6119,5990,12109
247,6119,5989,12108
247,6119,5989,12108
247,6120,5989,12109
247,6120,5989,12109
247,6121,5989,12110
247,6121,5989,12110
247,6121,5990,12111
247,6121,5990,12111
247,6121,5991,12112
247,6121,5991,12112
247,6121,5992,12113
247,6121,5992,12113
247,6122,5992,12114
247,6121,5992,12113
247,6121,5992,12113
247,6121,5992,12113
247,6120,5992,12112
247,6120,5992,12112
247,6120,5992,12112
247,6121,5992,12113
247,6121,5992,12113
247,6121,5993,12114
247,6121,5993,12114
247,6121,5994,12115
247,6121,5994,12115
247,6121,5995,12116
247,6121,5995,12116
247,6122,5995,12117
247,6122,5995,12117
247,6123,5995,12118
247,6123,5994,12117
247,6123,5994,12117
247,6123,5995,12118
247,6123,5995,12118
247,6124,5995,12119
247,6124,5995,12119
247,6125,5995,12120
247,6125,5995,12120
247,6125,5995,12120
247,6125,5996,12121
247,6124,5996,12120
247,6124,5996,12120
247,6125,5996,12121
247,6125,5996,12121
247,6125,5997,12122
247,6125,5997,12122
247,6126,5997,12123
247,6126,5997,12123
247,6126,5998,12124
247,6126,5997,12123
247,6126,5997,12123
247,6126,5998,12124
247,6126,5998,12124
247,6127,5998,12125
247,6127,5998,12125
247,6127,5998,12125
247,6127,5999,12126
247,6127,5999,12126
247,6127,6000,12127
247,6127,6000,12127
247,6127,6001,12128
247,6127,6001,12128
247,6127,6002,12129
247,6127,6002,12129
247,6128,6002,12130
247,6128,6002,12130
247,6129,6002,12131
247,6129,6002,12131
247,6129,6003,12132
247,6129,6003,12132
247,6129,6004,12133
247,6129,6004,12133
247,6130,6004,12134
247,6130,6004,12134
247,6130,6005,12135
247,6130,6005,12135
247,6130,6005,12135
247,6130,6004,12134
247,6130,6004,12134
247,6130,6005,12135
247,6130,6005,12135
247,6130,6005,12135
247,6130,6005,12135
247,6130,6005,12135
247,6130,6006,12136
247,6130,6006,12136
247,6130,6006,12136
247,6130,6007,12137
247,6130,6007,12137
247,6131,6007,12138
247,6131,6006,12137
247,6131,6006,12137
247,6132,6006,12138
247,6132,6006,12138
247,6133,6006,12139
247,6132,6006,12138
247,6132,6006,12138
247,6132,6006,12138
247,6132,6006,12138
247,6132,6007,12139
247,6132,6007,12139
247,6132,6007,12139
247,6132,6008,12140
247,6132,6008,12140
247,6132,6009,12141
247,6131,6009,12140
247,6131,6009,12140
247,6131,6009,12140
247,6131,6009,12140
247,6131,6010,12141
247,6131,6010,12141
247,6131,6011,12142
247,6131,6011,12142
247,6131,6011,12142
247,6131,6012,12143
247,6131,6012,12143
247,6131,6013,12144
247,6131,6013,12144
247,6131,6014,12145
247,6131,6014,12145
247,6131,6014,12145
247,6131,6014,12145
247,6132,6014,12146
247,6132,6014,12146
247,6132,6015,12147
247,6132,6014,12146
247,6132,6014,12146
247,6132,6015,12147
247,6132,6014,12146
247,6132,6014,12146
247,6132,6014,12146
247,6132,6014,12146
247,6133,6014,12147
247,6133,6014,12147
247,6133,6013,12146
247,6133,6013,12146
247,6133,6014,12147
247,6132,6014,12146
247,6132,6014,12146
247,6132,6014,12146
247,6132,6014,12146
247,6132,6014,12146
247,6132,6014,12146
247,6132,6014,12146
247,6133,6014,12147
247,6133,6014,12147
247,6133,6014,12147
247,6134,6014,12148
247,6134,6013,12147
247,6134,6013,12147
247,6134,6014,12148
247,6134,6014,12148
247,6134,6015,12149
247,6134,6015,12149
247,6134,6016,12150
247,6134,6016,12150
247,6134,6017,12151
247,6133,6017,12150
247,6133,6017,12150
247,6134,6017,12151
247,6134,6016,12150
247,6134,6016,12150
247,6135,6016,12151
247,6135,6016,12151
247,6135,6017,12152
247,6134,6017,12151
247,6134,6017,12151
247,6134,6018,12152
247,6134,6018,12152
247,6134,6019,12153
247,6134,6019,12153
247,6134,6020,12154
247,6134,6020,12154
247,6134,6021,12155
247,6134,6021,12155
247,6134,6020,12154
247,6134,6020,12154
247,6134,6021,12155
247,6134,6021,12155
247,6134,6021,12155
247,6134,6021,12155
247,6134,6022,12156
247,6134,6022,12156
247,6134,6022,12156
247,6135,6022,12157
247,6135,6022,12157
247,6135,6022,12157
247,6135,6022,12157
247,6135,6022,12157
247,6135,6023,12158
247,6135,6023,12158
247,6135,6024,12159
247,6135,6024,12159
247,6135,6024,12159
247,6135,6025,12160
247,6135,6025,12160
247,6135,6025,12160
247,6135,6024,12159
247,6135,6024,12159
247,6136,6024,12160
247,6136,6023,12159
247,6136,6023,12159
247,6137,6023,12160
247,6136,6023,12159
247,6136,6023,12159
247,6137,6023,12160
247,6136,6023,12159
247,6136,6023,12159
247,6137,6023,12160
247,6137,6023,12160
247,6138,6023,12161
247,6138,6023,12161
247,6138,6023,12161
247,6139,6023,12162
247,6139,6023,12162
247,6139,6023,12162
247,6139,6023,12162
247,6140,6023,12163
247,6140,6023,12163
247,6140,6024,12164
247,6140,6024,12164
247,6140,6025,12165
247,6140,6025,12165
247,6140,6026,12166
247,6140,6026,12166
247,6140,6027,12167
247,6140,6027,12167
247,6140,6027,12167
247,6140,6028,12168
247,6140,6028,12168
247,6141,6028,12169
247,6141,6028,12169
247,6141,6029,12170
247,6141,6029,12170
247,6142,6029,12171
247,6141,6029,12170
247,6141,6029,12170
247,6140,6029,12169
247,6140,6029,12169
247,6141,6029,12170
247,6141,6029,12170
247,6141,6030,12171
247,6141,6030,12171
247,6142,6030,12172
247,6142,6030,12172
247,6143,6030,12173
247,6143,6030,12173
247,6143,6030,12173
247,6143,6031,12174
247,6143,6030,12173
247,6143,6030,12173
247,6143,6030,12173
247,6143,6029,12172
247,6143,6029,12172
247,6143,6030,12173
247,6142,6030,12172
247,6142,6029,12171
247,6142,6029,12171
247,6142,6030,12172
247,6142,6030,12172
247,6142,6031,12173
247,6142,6031,12173
247,6142,6031,12173
247,6143,6031,12174
247,6143,6031,12174
247,6144,6031,12175
247,6144,6031,12175
247,6144,6031,12175
247,6144,6032,12176
247,6143,6032,12175
247,6143,6032,12175
247,6143,6032,12175
247,6144,6032,12176
247,6144,6032,12176
247,6145,6032,12177
247,6145,6031,12176
247,6145,6031,12176
247,6146,6031,12177
247,6146,6031,12177
247,6147,6031,12178
247,6147,6031,12178
247,6147,6032,12179
247,6147,6032,12179
247,6148,6032,12180
247,6147,6032,12179
247,6147,6032,12179
247,6147,6033,12180
247,6147,6033,12180
247,6147,6033,12180
247,6147,6033,12180
247,6147,6033,12180
247,6147,6034,12181
247,6146,6034,12180
247,6146,6034,12180
247,6146,6033,12179
247,6146,6033,12179
247,6147,6033,12180
247,6147,6033,12180
247,6148,6033,12181
247,6148,6033,12181
247,6148,6033,12181
247,6149,6033,12182
247,6149,6033,12182
247,6150,6033,12183
247,6150,6033,12183
247,6150,6034,12184
247,6150,6033,12183
247,6150,6033,12183
247,6151,6033,12184
247,6151,6033,12184
247,6151,6033,12184
247,6151,6034,12185
247,6151,6034,12185
247,6152,6034,12186
247,6152,6033,12185
247,6152,6033,12185
247,6152,6034,12186
247,6151,6034,12185
247,6151,6033,12184
247,6151,6032,12183
247,6151,6032,12183
247,6151,6032,12183
247,6150,6032,12182
247,6149,6032,12181
247,6149,6032,12181
247,6149,6033,12182
247,6149,6033,12182
247,6149,6034,12183
247,6149,6034,12183
247,6149,6035,12184
247,6149,6035,12184
247,6149,6035,12184
247,6149,6036,12185
247,6149,6036,12185
247,6149,6036,12185
247,6149,6036,12185
247,6150,6036,12186
247,6150,6036,12186
247,6150,6037,12187
247,6150,6037,12187
247,6151,6037,12188
247,6151,6037,12188
247,6152,6037,12189
247,6152,6037,12189
247,6153,6037,12190
247,6153,6037,12190
247,6153,6038,12191
247,6153,6038,12191
247,6154,6038,12192
247,6153,6038,12191
247,6152,6038,12190
247,6152,6038,12190
247,6152,6037,12189
247,6151,6037,12188
247,6151,6037,12188
247,6151,6038,12189
247,6151,6038,12189
247,6151,6039,12190
247,6151,6039,12190
247,6151,6039,12190
247,6150,6039,12189
247,6150,6039,12189
247,6151,6039,12190
247,6151,6039,12190
247,6152,6039,12191
247,6152,6039,12191
247,6153,6039,12192
247,6153,6039,12192
247,6154,6039,12193
247,6154,6039,12193
247,6155,6039,12194
247,6155,6038,12193
247,6154,6038,12192
247,6154,6038,12192
247,6154,6039,12193
247,6154,6039,12193
247,6155,6039,12194
247,6155,6039,12194
247,6155,6039,12194
247,6155,6040,12195
247,6155,6040,12195
247,6154,6040,12194
247,6154,6040,12194
247,6155,6040,12195
247,6155,6040,12195
247,6155,6041,12196
247,6155,6040,12195
247,6155,6040,12195
247,6155,6041,12196
247,6155,6041,12196
247,6155,6042,12197
247,6155,6042,12197
247,6156,6042,12198
247,6156,6042,12198
247,6156,6043,12199
247,6156,6043,12199
247,6156,6044,12200
247,6156,6044,12200
247,6156,6044,12200
247,6156,6044,12200
247,6156,6045,12201
247,6156,6045,12201
247,6157,6045,12202
247,6157,6045,12202
247,6157,6044,12201
247,6156,6044,12200
247,6156,6044,12200
247,6156,6045,12201
247,6156,6045,12201
247,6157,6045,12202
247,6157,6045,12202
247,6157,6046,12203
247,6157,6046,12203
247,6157,6047,12204
247,6157,6046,12203
247,6157,6046,12203
247,6157,6046,12203
247,6157,6045,12202
247,6157,6045,12202
247,6157,6045,12202
247,6158,6045,12203
247,6158,6045,12203
247,6158,6045,12203
247,6158,6045,12203
247,6158,6045,12203
247,6159,6045,12204
247,6159,6045,12204
247,6159,6045,12204
247,6159,6046,12205
247,6159,6046,12205
247,6159,6046,12205
247,6159,6046,12205
247,6159,6047,12206
247,6159,6046,12205
247,6159,6046,12205
247,6159,6047,12206
247,6159,6047,12206
247,6160,6047,12207
247,6160,6047,12207
247,6160,6048,12208
247,6160,6048,12208
247,6160,6049,12209
247,6160,6049,12209
247,6161,6049,12210
247,6161,6049,12210
247,6161,6049,12210
247,6162,6049,12211
247,6162,6049,12211
247,6162,6049,12211
247,6163,6049,12212
247,6163,6049,12212
247,6164,6049,12213
247,6164,6049,12213
247,6164,6048,12212
247,6164,6048,12212
247,6164,6049,12213
247,6164,6049,12213
247,6164,6049,12213
247,6163,6049,12212
247,6163,6048,12211
247,6163,6048,12211
247,6164,6048,12212
247,6163,6048,12211
247,6163,6048,12211
247,6163,6048,12211
247,6162,6048,12210
247,6162,6048,12210
247,6162,6048,12210
247,6163,6048,12211
247,6162,6048,12210
247,6161,6048,12209
247,6161,6048,12209
247,6161,6048,12209
247,6161,6048,12209
247,6161,6049,12210
247,6161,6049,12210
247,6161,6049,12210
247,6161,6050,12211
247,6161,6050,12211
247,6162,6050,12212
247,6162,6050,12212
247,6162,6051,12213
247,6161,6051,12212
247,6161,6051,12212
247,6161,6051,12212
247,6162,6051,12213
247,6162,6051,12213
247,6162,6051,12213
247,6162,6051,12213
247,6163,6051,12214
247,6163,6051,12214
247,6164,6051,12215
247,6164,6051,12215
247,6164,6050,12214
247,6164,6050,12214
247,6164,6051,12215
247,6164,6051,12215
247,6164,6052,12216
247,6164,6052,12216
247,6164,6053,12217
247,6164,6053,12217
247,6164,6054,12218
247,6164,6054,12218
247,6164,6055,12219
247,6164,6055,12219
247,6164,6056,12220
247,6164,6056,12220
247,6164,6056,12220
247,6164,6057,12221
247,6164,6057,12221
247,6164,6057,12221
247,6164,6057,12221
247,6165,6057,12222
247,6165,6057,12222
247,6164,6057,12221
247,6164,6057,12221
247,6163,6057,12220
247,6163,6057,12220
247,6164,6057,12221
247,6164,6057,12221
247,6165,6057,12222
247,6165,6057,12222
247,6165,6058,12223
247,6165,6058,12223
247,6165,6059,12224
247,6165,6059,12224
247,6165,6059,12224
247,6166,6059,12225
247,6166,6058,12224
247,6166,6058,12224
247,6166,6058,12224
247,6165,6058,12223
247,6165,6057,12222
247,6165,6057,12222
247,6165,6058,12223
247,6165,6057,12222
247,6165,6057,12222
247,6165,6058,12223
247,6165,6058,12223
247,6165,6059,12224
247,6165,6058,12223
247,6165,6058,12223
247,6165,6059,12224
247,6165,6059,12224
247,6165,6060,12225
247,6165,6060,12225
247,6165,6061,12226
247,6165,6061,12226
247,6165,6060,12225
247,6165,6060,12225
247,6165,6060,12225
247,6165,6061,12226
247,6165,6060,12225
247,6165,6060,12225
247,6165,6060,12225
247,6165,6061,12226
247,6165,6061,12226
247,6165,6061,12226
247,6165,6061,12226
247,6165,6061,12226
247,6165,6062,12227
247,6165,6061,12226
247,6165,6061,12226
247,6165,6062,12227
247,6165,6061,12226
247,6165,6061,12226
247,6165,6061,12226
247,6165,6062,12227
247,6165,6061,12226
247,6165,6061,12226
247,6166,6061,12227
247,6166,6061,12227
247,6167,6061,12228
247,6167,6060,12227
247,6166,6060,12226
247,6166,6060,12226
247,6166,6061,12227
247,6166,6061,12227
247,6167,6061,12228
247,6167,6061,12228
247,6168,6061,12229
247,6168,6061,12229
247,6169,6061,12230
247,6168,6061,12229
247,6168,6061,12229
247,6168,6062,12230
247,6168,6062,12230
247,6168,6063,12231
247,6167,6063,12230
247,6167,6063,12230
247,6167,6064,12231
247,6167,6064,12231
247,6167,6064,12231
247,6168,6064,12232
247,6168,6063,12231
247,6167,6063,12230
247,6167,6063,12230
247,6167,6063,12230
247,6167,6064,12231
247,6167,6064,12231
247,6167,6065,12232
247,6167,6065,12232
247,6167,6064,12231
247,6167,6064,12231
247,6168,6064,12232
247,6168,6063,12231
247,6167,6063,12230
247,6167,6063,12230
247,6168,6063,12231
247,6168,6062,12230
247,6168,6062,12230
247,6168,6063,12231
247,6168,6063,12231
247,6169,6063,12232
247,6169,6063,12232
247,6169,6064,12233
247,6169,6064,12233
247,6169,6065,12234
247,6169,6065,12234
247,6170,6065,12235
247,6170,6065,12235
247,6171,6065,12236
247,6171,6065,12236
247,6171,6066,12237
247,6170,6066,12236
247,6170,6065,12235
247,6170,6065,12235
247,6171,6065,12236
247,6171,6065,12236
247,6171,6066,12237
247,6171,6066,12237
247,6171,6067,12238
247,6171,6067,12238
247,6171,6067,12238
247,6171,6067,12238
247,6171,6067,12238
247,6172,6067,12239
247,6172,6067,12239
247,6172,6068,12240
247,6171,6068,12239
247,6171,6068,12239
247,6172,6068,12240
247,6172,6068,12240
247,6172,6069,12241
247,6172,6069,12241
247,6172,6069,12241
247,6172,6069,12241
247,6172,6070,12242
247,6172,6069,12241
247,6172,6069,12241
247,6172,6069,12241
247,6172,6068,12240
247,6172,6068,12240
247,6172,6069,12241
247,6172,6069,12241
247,6172,6069,12241
247,6172,6069,12241
247,6172,6070,12242
247,6172,6070,12242
247,6173,6070,12243
247,6173,6070,12243
247,6174,6070,12244
247,6174,6070,12244
247,6175,6070,12245
247,6175,6070,12245
247,6175,6071,12246
247,6175,6071,12246
247,6175,6072,12247
247,6175,6071,12246
247,6175,6071,12246
247,6176,6071,12247
247,6176,6071,12247
247,6176,6071,12247
247,6177,6071,12248
247,6177,6071,12248
247,6178,6071,12249
247,6178,6071,12249
247,6178,6071,12249
247,6179,6071,12250
247,6179,6071,12250
247,6180,6071,12251
247,6180,6071,12251
247,6180,6071,12251
247,6180,6072,12252
247,6180,6072,12252
247,6180,6072,12252
247,6180,6073,12253
247,6180,6073,12253
247,6181,6073,12254
247,6181,6073,12254
247,6181,6074,12255
247,6181,6074,12255
247,6181,6074,12255
247,6181,6075,12256
247,6181,6075,12256
247,6181,6076,12257
247,6181,6076,12257
247,6181,6076,12257
247,6181,6076,12257
247,6181,6077,12258
247,6181,6077,12258
247,6181,6078,12259
247,6181,6077,12258
247,6181,6077,12258
247,6181,6076,12257
247,6181,6076,12257
247,6181,6077,12258
247,6181,6077,12258
247,6181,6077,12258
247,6182,6077,12259
247,6182,6077,12259
247,6182,6077,12259
247,6183,6077,12260
247,6183,6076,12259
247,6183,6076,12259
247,6183,6076,12259
247,6183,6076,12259
247,6183,6077,12260
247,6183,6077,12260
247,6183,6078,12261
247,6183,6078,12261
247,6183,6078,12261
247,6183,6079,12262
247,6182,6079,12261
247,6182,6079,12261
247,6183,6079,12262
247,6183,6079,12262
247,6183,6080,12263
247,6183,6080,12263
247,6183,6081,12264
247,6183,6080,12263
247,6183,6080,12263
247,6183,6081,12264
247,6183,6080,12263
247,6183,6079,12262
247,6183,6079,12262
247,6183,6080,12263
247,6183,6080,12263
247,6183,6081,12264
247,6183,6081,12264
247,6183,6081,12264
247,6183,6081,12264
247,6184,6081,12265
247,6184,6080,12264
247,6184,6080,12264
247,6184,6080,12264
247,6184,6081,12265
247,6184,6081,12265
247,6184,6082,12266
247,6184,6082,12266
247,6184,6083,12267
247,6184,6083,12267
247,6185,6083,12268
247,6184,6083,12267
247,6184,6083,12267
247,6185,6083,12268
247,6185,6083,12268
247,6185,6084,12269
247,6185,6084,12269
247,6185,6084,12269
247,6185,6084,12269
247,6186,6084,12270
247,6186,6084,12270
247,6186,6085,12271
247,6186,6085,12271
247,6187,6085,12272
247,6187,6085,12272
247,6187,6086,12273
247,6187,6086,12273
247,6187,6087,12274
247,6186,6087,12273
247,6186,6087,12273
247,6186,6088,12274
247,6186,6088,12274
247,6187,6088,12275
247,6187,6087,12274
247,6187,6087,12274
247,6188,6087,12275
247,6188,6087,12275
247,6188,6087,12275
247,6188,6088,12276
247,6188,6088,12276
247,6188,6089,12277
247,6187,6089,12276
247,6187,6089,12276
247,6187,6090,12277
247,6187,6090,12277
247,6187,6091,12278
247,6187,6091,12278
247,6188,6091,12279
247,6188,6091,12279
247,6188,6092,12280
247,6188,6092,12280
247,6188,6091,12279
247,6188,6090,12278
247,6188,6090,12278
247,6188,6091,12279
247,6188,6091,12279
247,6188,6092,12280
247,6188,6092,12280
247,6188,6093,12281
247,6187,6093,12280
247,6187,6093,12280
247,6187,6094,12281
247,6187,6094,12281
247,6187,6095,12282
247,6187,6095,12282
247,6188,6095,12283
247,6188,6095,12283
247,6188,6095,12283
247,6188,6096,12284
247,6188,6096,12284
247,6188,6097,12285
247,6188,6097,12285
247,6188,6098,12286
247,6188,6098,12286
247,6188,6099,12287
247,6188,6099,12287
247,6188,6099,12287
247,6188,6099,12287
247,6188,6100,12288
247,6188,6100,12288
247,6188,6100,12288
247,6189,6100,12289
247,6189,6100,12289
247,6190,6100,12290
247,6190,6100,12290
247,6190,6101,12291
247,6190,6101,12291
247,6190,6101,12291
247,6190,6101,12291
247,6190,6101,12291
247,6190,6101,12291
247,6190,6100,12290
247,6190,6100,12290
247,6190,6100,12290
247,6190,6100,12290
247,6190,6100,12290
247,6191,6100,12291
247,6191,6100,12291
247,6192,6100,12292
247,6192,6100,12292
247,6192,6100,12292
247,6193,6100,12293
247,6193,6099,12292
247,6193,6099,12292
247,6193,6100,12293
247,6193,6100,12293
247,6194,6100,12294
247,6194,6100,12294
247,6194,6101,12295
247,6194,6101,12295
247,6194,6101,12295
247,6194,6101,12295
247,6194,6101,12295
247,6194,6102,12296
247,6194,6102,12296
247,6195,6102,12297
247,6195,6102,12297
247,6195,6102,12297
247,6194,6102,12296
247,6194,6102,12296
247,6193,6102,12295
247,6193,6102,12295
247,6193,6102,12295
247,6193,6103,12296
247,6193,6103,12296
247,6193,6103,12296
247,6194,6103,12297
247,6194,6103,12297
247,6194,6104,12298
247,6194,6104,12298
247,6194,6104,12298
247,6194,6105,12299
247,6194,6105,12299
247,6194,6105,12299
247,6194,6106,12300
247,6194,6105,12299
247,6194,6104,12298
247,6194,6104,12298
247,6194,6104,12298
247,6194,6104,12298
247,6194,6105,12299
247,6194,6105,12299
247,6194,6105,12299
247,6194,6104,12298
247,6194,6104,12298
247,6194,6105,12299
247,6194,6105,12299
247,6194,6104,12298
247,6194,6104,12298
247,6195,6104,12299
247,6195,6104,12299
247,6195,6104,12299
247,6195,6104,12299
247,6195,6105,12300
247,6195,6105,12300
247,6196,6105,12301
247,6196,6104,12300
247,6196,6104,12300
247,6196,6105,12301
247,6196,6105,12301
247,6196,6105,12301
247,6195,6105,12300
247,6195,6105,12300
247,6196,6105,12301
247,6196,6105,12301
247,6196,6104,12300
247,6196,6104,12300
247,6197,6104,12301
247,6196,6104,12300
247,6196,6104,12300
247,6197,6104,12301
247,6197,6104,12301
247,6197,6105,12302
247,6197,6105,12302
247,6197,6106,12303
247,6197,6106,12303
247,6197,6106,12303
247,6197,6107,12304
247,6197,6107,12304
247,6196,6107,12303
247,6196,6107,12303
247,6196,6108,12304
247,6196,6107,12303
247,6196,6107,12303
247,6196,6108,12304
247,6196,6108,12304
247,6196,6109,12305
247,6196,6109,12305
247,6196,6109,12305
247,6197,6109,12306
247,6197,6109,12306
247,6197,6109,12306
247,6198,6109,12307
247,6198,6109,12307
247,6198,6109,12307
247,6198,6109,12307
247,6199,6109,12308
247,6199,6109,12308
247,6200,6109,12309
247,6200,6109,12309
247,6200,6109,12309
247,6200,6110,12310
247,6200,6110,12310
247,6200,6109,12309
247,6200,6109,12309
247,6201,6109,12310
247,6201,6109,12310
247,6202,6109,12311
247,6202,6109,12311
247,6202,6110,12312
247,6202,6110,12312
247,6202,6110,12312
247,6203,6110,12313
247,6203,6110,12313
247,6203,6111,12314
247,6203,6111,12314
247,6203,6112,12315
247,6203,6112,12315
247,6203,6112,12315
247,6203,6112,12315
247,6203,6113,12316
247,6203,6113,12316
247,6204,6113,12317
247,6204,6113,12317
247,6204,6113,12317
247,6204,6114,12318
247,6204,6114,12318
247,6204,6115,12319
247,6204,6115,12319
247,6204,6116,12320
247,6204,6116,12320
247,6204,6117,12321
247,6204,6117,12321
247,6204,6117,12321
247,6204,6118,12322
247,6204,6118,12322
247,6204,6119,12323
247,6204,6118,12322
247,6204,6118,12322
247,6205,6118,12323
247,6205,6117,12322
247,6205,6117,12322
247,6205,6117,12322
247,6206,6117,12323
247,6206,6117,12323
247,6206,6118,12324
247,6206,6118,12324
247,6206,6119,12325
247,6206,6119,12325
247,6207,6119,12326
247,6206,6119,12325
247,6205,6119,12324
247,6205,6119,12324
247,6205,6118,12323
247,6205,6117,12322
247,6205,6117,12322
247,6205,6118,12323
247,6205,6118,12323
247,6204,6118,12322
247,6204,6118,12322
247,6205,6118,12323
247,6205,6118,12323
247,6205,6119,12324
247,6205,6119,12324
247,6205,6118,12323
247,6205,6118,12323
247,6206,6118,12324
247,6206,6118,12324
247,6207,6118,12325
247,6207,6117,12324
247,6207,6117,12324
247,6208,6117,12325
247,6208,6117,12325
247,6208,6117,12325
247,6207,6117,12324
247,6206,6117,12323
247,6206,6117,12323
247,6207,6117,12324
247,6207,6117,12324
247,6207,6117,12324
247,6207,6118,12325
247,6207,6118,12325
247,6208,6118,12326
247,6208,6118,12326
247,6208,6118,12326
247,6208,6118,12326
247,6208,6118,12326
247,6208,6118,12326
247,6208,6119,12327
247,6208,6119,12327
247,6207,6119,12326
247,6207,6119,12326
247,6208,6119,12327
247,6208,6119,12327
247,6208,6119,12327
247,6208,6120,12328
247,6208,6120,12328
247,6209,6120,12329
247,6209,6120,12329
247,6210,6120,12330
247,6210,6120,12330
247,6211,6120,12331
247,6211,6120,12331
247,6211,6121,12332
247,6211,6121,12332
247,6211,6122,12333
247,6211,6122,12333
247,6211,6123,12334
247,6211,6123,12334
247,6212,6123,12335
247,6212,6123,12335
247,6212,6123,12335
247,6213,6123,12336
247,6213,6122,12335
247,6213,6122,12335
247,6214,6122,12336
247,6214,6122,12336
247,6214,6123,12337
247,6214,6123,12337
247,6214,6124,12338
247,6214,6124,12338
247,6214,6124,12338
247,6215,6124,12339
247,6215,6124,12339
247,6216,6124,12340
247,6216,6124,12340
247,6217,6124,12341
247,6216,6124,12340
247,6216,6124,12340
248,6216,6125,12341
248,6216,6125,12341
248,6215,6125,12340
248,6215,6125,12340
248,6216,6125,12341
248,6216,6124,12340
248,6215,6124,12339
248,6215,6124,12339
248,6215,6124,12339
248,6216,6124,12340
248,6215,6124,12339
248,6215,6124,12339
248,6215,6125,12340
248,6215,6125,12340
248,6215,6126,12341
248,6215,6126,12341
248,6216,6126,12342
248,6216,6126,12342
248,6216,6126,12342
248,6216,6127,12343
248,6216,6127,12343
248,6217,6127,12344
248,6217,6127,12344
248,6217,6128,12345
248,6217,6128,12345
248,6218,6128,12346
248,6218,6128,12346
248,6218,6128,12346
248,6219,6128,12347
248,6219,6128,12347
248,6220,6128,12348
248,6220,6128,12348
248,6221,6128,12349
248,6221,6128,12349
248,6221,6128,12349
248,6221,6128,12349
248,6221,6128,12349
248,6221,6128,12349
248,6222,6128,12350
248,6222,6128,12350
248,6223,6128,12351
248,6223,6128,12351
248,6223,6128,12351
248,6223,6129,12352
248,6222,6129,12351
248,6222,6129,12351
248,6223,6129,12352
248,6223,6129,12352
248,6223,6130,12353
248,6223,6130,12353
248,6223,6131,12354
248,6223,6131,12354
248,6223,6132,12355
248,6223,6132,12355
248,6223,6133,12356
248,6223,6133,12356
248,6224,6133,12357
248,6224,6132,12356
248,6223,6132,12355
248,6223,6132,12355
248,6224,6132,12356
248,6224,6131,12355
248,6224,6131,12355
248,6225,6131,12356
248,6225,6131,12356
248,6225,6131,12356
248,6224,6131,12355
248,6223,6131,12354
248,6223,6130,12353
248,6223,6130,12353
248,6223,6131,12354
248,6223,6130,12353
248,6223,6130,12353
248,6224,6130,12354
248,6224,6130,12354
248,6224,6129,12353
248,6224,6129,12353
248,6224,6129,12353
248,6225,6129,12354
248,6225,6129,12354
248,6225,6130,12355
248,6225,6130,12355
248,6226,6130,12356
248,6226,6130,12356
248,6227,6130,12357
248,6227,6130,12357
248,6227,6130,12357
248,6227,6131,12358
248,6227,6131,12358
248,6227,6131,12358
248,6227,6131,12358
248,6228,6131,12359
248,6228,6131,12359
248,6228,6131,12359
248,6228,6132,12360
248,6228,6132,12360
248,6229,6132,12361
248,6229,6132,12361
248,6228,6132,12360
248,6228,6132,12360
248,6228,6132,12360
248,6229,6132,12361
248,6229,6132,12361
248,6230,6132,12362
248,6230,6132,12362
248,6230,6133,12363
248,6230,6133,12363
248,6230,6134,12364
248,6230,6134,12364
248,6229,6134,12363
248,6229,6134,12363
248,6230,6134,12364
248,6230,6134,12364
248,6231,6134,12365
248,6231,6134,12365
248,6232,6134,12366
248,6232,6134,12366
248,6232,6135,12367
248,6232,6134,12366
248,6232,6134,12366
248,6233,6134,12367
248,6233,6134,12367
248,6233,6135,12368
248,6233,6135,12368
248,6234,6135,12369
248,6234,6135,12369
248,6235,6135,12370
248,6235,6135,12370
248,6236,6135,12371
248,6236,6135,12371
248,6236,6136,12372
248,6236,6136,12372
248,6236,6136,12372
248,6237,6136,12373
248,6237,6136,12373
248,6237,6137,12374
248,6237,6137,12374
248,6237,6137,12374
248,6237,6137,12374
248,6237,6138,12375
248,6237,6138,12375
248,6237,6139,12376
248,6237,6139,12376
248,6237,6140,12377
248,6237,6140,12377
248,6237,6140,12377
248,6237,6141,12378
248,6237,6141,12378
248,6238,6141,12379
248,6238,6141,12379
248,6238,6140,12378
248,6238,6140,12378
248,6239,6140,12379
248,6239,6140,12379
248,6240,6140,12380
248,6239,6140,12379
248,6239,6140,12379
248,6240,6140,12380
248,6240,6140,12380
248,6240,6141,12381
248,6240,6141,12381
248,6240,6141,12381
248,6240,6142,12382
248,6240,6142,12382
248,6241,6142,12383
248,6240,6142,12382
248,6239,6142,12381
248,6239,6142,12381
248,6239,6141,12380
248,6239,6141,12380
248,6239,6141,12380
248,6239,6141,12380
248,6240,6141,12381
248,6240,6141,12381
248,6240,6142,12382
248,6240,6142,12382
248,6240,6143,12383
248,6240,6142,12382
248,6240,6141,12381
248,6240,6141,12381
248,6240,6141,12381
248,6240,6141,12381
248,6240,6142,12382
248,6240,6142,12382
248,6240,6143,12383
248,6240,6143,12383
248,6241,6143,12384
248,6241,6143,12384
248,6241,6144,12385
248,6241,6144,12385
248,6241,6145,12386
248,6241,6145,12386
248,6241,6145,12386
248,6241,6145,12386
248,6241,6146,12387
248,6241,6146,12387
248,6241,6147,12388
248,6241,6146,12387
248,6241,6146,12387
248,6242,6146,12388
248,6242,6145,12387
248,6242,6145,12387
248,6243,6145,12388
248,6243,6145,12388
248,6243,6145,12388
248,6243,6146,12389
248,6243,6146,12389
248,6242,6146,12388
248,6242,6146,12388
248,6242,6147,12389
248,6242,6147,12389
248,6242,6148,12390
248,6242,6148,12390
248,6242,6148,12390
248,6243,6148,12391
248,6243,6147,12390
248,6243,6147,12390
248,6242,6147,12389
248,6242,6146,12388
248,6242,6146,12388
248,6243,6146,12389
248,6243,6146,12389
248,6244,6146,12390
248,6244,6146,12390
248,6245,6146,12391
248,6245,6146,12391
248,6245,6147,12392
248,6245,6146,12391
248,6245,6145,12390
248,6245,6145,12390
248,6245,6145,12390
248,6246,6145,12391
248,6245,6145,12390
248,6245,6145,12390
248,6245,6146,12391
248,6244,6146,12390
248,6244,6146,12390
248,6244,6146,12390
248,6244,6147,12391
248,6244,6146,12390
248,6244,6146,12390
248,6244,6146,12390
248,6245,6146,12391
248,6245,6146,12391
248,6245,6147,12392
248,6245,6147,12392
248,6245,6147,12392
248,6245,6147,12392
248,6245,6148,12393
248,6245,6148,12393
248,6245,6148,12393
248,6245,6148,12393
248,6245,6148,12393
248,6246,6148,12394
248,6246,6148,12394
248,6246,6148,12394
248,6247,6148,12395
248,6247,6148,12395
248,6248,6148,12396
248,6248,6148,12396
248,6248,6148,12396
248,6248,6148,12396
248,6249,6148,12397
248,6249,6148,12397
248,6250,6148,12398
248,6250,6147,12397
248,6250,6147,12397
248,6250,6148,12398
248,6250,6148,12398
248,6251,6148,12399
248,6251,6148,12399
248,6252,6148,12400
248,6252,6148,12400
248,6253,6148,12401
248,6253,6148,12401
248,6253,6149,12402
248,6252,6149,12401
248,6252,6149,12401
248,6252,6148,12400
248,6252,6148,12400
248,6253,6148,12401
248,6253,6148,12401
248,6253,6149,12402
248,6253,6149,12402
248,6253,6149,12402
248,6253,6149,12402
248,6253,6149,12402
248,6253,6150,12403
248,6252,6150,12402
248,6252,6150,12402
248,6252,6151,12403
248,6252,6151,12403
248,6253,6151,12404
248,6253,6151,12404
248,6253,6152,12405
248,6253,6152,12405
248,6253,6153,12406
248,6253,6153,12406
248,6253,6154,12407
248,6253,6154,12407
248,6253,6155,12408
248,6253,6155,12408
248,6253,6155,12408
248,6253,6156,12409
248,6253,6155,12408
248,6253,6154,12407
248,6253,6153,12406
248,6253,6153,12406
248,6253,6153,12406
248,6253,6153,12406
248,6254,6153,12407
248,6254,6153,12407
248,6254,6153,12407
248,6255,6153,12408
248,6255,6153,12408
248,6255,6153,12408
248,6255,6154,12409
248,6255,6154,12409
248,6255,6155,12410
248,6255,6155,12410
248,6256,6155,12411
248,6256,6155,12411
248,6257,6155,12412
248,6257,6155,12412
248,6257,6155,12412
248,6258,6155,12413
248,6258,6155,12413
248,6258,6155,12413
248,6258,6155,12413
248,6258,6155,12413
248,6258,6155,12413
248,6258,6156,12414
248,6258,6155,12413
248,6258,6155,12413
248,6258,6156,12414
248,6258,6156,12414
248,6259,6156,12415
248,6259,6156,12415
248,6259,6157,12416
248,6259,6157,12416
248,6259,6158,12417
248,6259,6157,12416
248,6259,6157,12416
248,6259,6156,12415
248,6259,6155,12414
248,6259,6155,12414
248,6260,6155,12415
248,6259,6155,12414
248,6258,6155,12413
248,6258,6155,12413
248,6258,6155,12413
248,6258,6156,12414
248,6258,6155,12413
248,6258,6154,12412
248,6258,6154,12412
248,6259,6154,12413
248,6259,6154,12413
248,6260,6154,12414
248,6260,6154,12414
248,6260,6155,12415
248,6259,6155,12414
248,6259,6155,12414
248,6260,6155,12415
248,6260,6155,12415
248,6260,6156,12416
248,6260,6155,12415
248,6260,6155,12415
248,6261,6155,12416
248,6261,6154,12415
248,6261,6154,12415
248,6261,6154,12415
248,6261,6154,12415
248,6262,6154,12416
248,6262,6154,12416
248,6263,6154,12417
248,6262,6154,12416
248,6262,6154,12416
248,6263,6154,12417
248,6263,6154,12417
248,6264,6154,12418
248,6264,6154,12418
248,6265,6154,12419
248,6265,6154,12419
248,6265,6155,12420
248,6265,6155,12420
248,6265,6156,12421
248,6265,6156,12421
248,6265,6157,12422
248,6265,6157,12422
248,6265,6157,12422
248,6266,6157,12423
248,6266,6157,12423
248,6266,6157,12423
248,6267,6157,12424
248,6267,6157,12424
248,6266,6157,12423
248,6265,6157,12422
248,6265,6157,12422
248,6265,6158,12423
248,6265,6158,12423
248,6265,6159,12424
248,6265,6159,12424
248,6266,6159,12425
248,6266,6159,12425
248,6266,6159,12425
248,6266,6159,12425
248,6266,6160,12426
248,6266,6160,12426
248,6266,6160,12426
248,6266,6161,12427
248,6266,6161,12427
248,6266,6162,12428
248,6266,6162,12428
248,6266,6163,12429
248,6266,6163,12429
248,6267,6163,12430
248,6267,6163,12430
248,6267,6163,12430
248,6267,6164,12431
248,6267,6164,12431
248,6268,6164,12432
248,6268,6164,12432
248,6268,6165,12433
248,6268,6165,12433
248,6268,6166,12434
248,6267,6166,12433
248,6267,6166,12433
248,6267,6166,12433
248,6267,6167,12434
248,6267,6167,12434
248,6267,6168,12435
248,6267,6168,12435
248,6268,6168,12436
248,6268,6168,12436
248,6268,6169,12437
248,6268,6169,12437
248,6269,6169,12438
248,6269,6169,12438
248,6269,6170,12439
248,6269,6169,12438
248,6269,6168,12437
248,6269,6168,12437
248,6269,6168,12437
248,6269,6168,12437
248,6269,6169,12438
248,6269,6169,12438
248,6269,6170,12439
248,6268,6170,12438
248,6268,6169,12437
248,6268,6169,12437
248,6269,6169,12438
248,6269,6169,12438
248,6269,6169,12438
248,6269,6170,12439
248,6269,6170,12439
248,6269,6169,12438
248,6269,6169,12438
248,6269,6169,12438
248,6269,6169,12438
248,6269,6169,12438
248,6270,6169,12439
248,6270,6169,12439
248,6271,6169,12440
248,6271,6169,12440
248,6271,6170,12441
248,6271,6170,12441
248,6271,6171,12442
248,6271,6171,12442
248,6271,6172,12443
248,6271,6172,12443
248,6272,6172,12444
248,6272,6172,12444
248,6272,6173,12445
248,6272,6172,12444
248,6272,6172,12444
248,6272,6173,12445
248,6272,6173,12445
248,6272,6173,12445
248,6273,6173,12446
248,6273,6173,12446
248,6273,6174,12447
248,6273,6174,12447
248,6273,6174,12447
248,6273,6175,12448
248,6273,6175,12448
248,6274,6175,12449
248,6274,6175,12449
248,6275,6175,12450
248,6275,6175,12450
248,6275,6176,12451
248,6275,6176,12451
248,6275,6177,12452
248,6275,6177,12452
248,6275,6176,12451
248,6275,6176,12451
248,6276,6176,12452
248,6276,6176,12452
248,6277,6176,12453
248,6277,6176,12453
248,6277,6176,12453
248,6277,6176,12453
248,6277,6176,12453
248,6277,6176,12453
248,6277,6176,12453
248,6278,6176,12454
248,6278,6176,12454
248,6278,6176,12454
248,6279,6176,12455
248,6279,6176,12455
248,6279,6177,12456
248,6279,6177,12456
248,6280,6177,12457
248,6280,6177,12457
248,6280,6177,12457
248,6280,6178,12458
248,6280,6178,12458
248,6281,6178,12459
248,6281,6178,12459
248,6281,6178,12459
248,6281,6179,12460
248,6281,6179,12460
248,6282,6179,12461
248,6282,6179,12461
248,6282,6179,12461
248,6283,6179,12462
248,6283,6179,12462
248,6283,6179,12462
248,6283,6180,12463
248,6283,6180,12463
248,6283,6181,12464
248,6283,6181,12464
248,6283,6181,12464
248,6283,6181,12464
248,6284,6181,12465
248,6284,6181,12465
248,6285,6181,12466
248,6285,6180,12465
248,6285,6180,12465
248,6286,6180,12466
248,6286,6180,12466
248,6286,6181,12467
248,6286,6181,12467
248,6286,6181,12467
248,6285,6181,12466
248,6285,6181,12466
248,6285,6181,12466
248,6285,6180,12465
248,6285,6180,12465
248,6285,6180,12465
248,6285,6181,12466
248,6285,6181,12466
248,6285,6182,12467
248,6285,6182,12467
248,6285,6182,12467
248,6285,6183,12468
248,6285,6183,12468
248,6285,6184,12469
248,6285,6184,12469
248,6286,6184,12470
248,6285,6184,12469
248,6285,6184,12469
248,6284,6184,12468
248,6284,6184,12468
248,6284,6185,12469
248,6284,6185,12469
248,6285,6185,12470
248,6285,6185,12470
248,6285,6186,12471
248,6285,6186,12471
248,6285,6187,12472
248,6285,6187,12472
248,6286,6187,12473
248,6286,6187,12473
248,6287,6187,12474
248,6287,6187,12474
248,6287,6186,12473
248,6286,6186,12472
248,6286,6186,12472
248,6286,6187,12473
248,6285,6187,12472
248,6285,6187,12472
248,6285,6187,12472
248,6285,6188,12473
248,6285,6188,12473
248,6285,6188,12473
248,6286,6188,12474
248,6286,6187,12473
248,6286,6187,12473
248,6287,6187,12474
248,6286,6187,12473
248,6286,6187,12473
248,6287,6187,12474
248,6287,6187,12474
248,6287,6187,12474
248,6287,6187,12474
248,6286,6187,12473
248,6286,6187,12473
248,6285,6187,12472
248,6285,6187,12472
248,6285,6188,12473
248,6285,6187,12472
248,6285,6187,12472
248,6285,6188,12473
248,6285,6188,12473
248,6286,6188,12474
248,6286,6188,12474
248,6287,6188,12475
248,6287,6188,12475
248,6287,6189,12476
248,6287,6189,12476
248,6287,6188,12475
248,6287,6188,12475
248,6287,6189,12476
248,6287,6189,12476
248,6287,6189,12476
248,6288,6189,12477
248,6288,6189,12477
248,6289,6189,12478
248,6289,6189,12478
248,6289,6190,12479
248,6289,6190,12479
248,6289,6191,12480
248,6289,6191,12480
248,6290,6191,12481
248,6290,6191,12481
248,6290,6192,12482
248,6290,6192,12482
248,6290,6192,12482
248,6291,6192,12483
248,6291,6191,12482
248,6291,6191,12482
248,6291,6192,12483
248,6291,6192,12483
248,6291,6193,12484
248,6290,6193,12483
248,6290,6193,12483
248,6290,6194,12484
248,6290,6194,12484
248,6290,6195,12485
248,6290,6195,12485
248,6290,6196,12486
248,6290,6196,12486
248,6290,6197,12487
248,6290,6197,12487
248,6291,6197,12488
248,6291,6197,12488
248,6292,6197,12489
248,6292,6197,12489
248,6292,6198,12490
248,6292,6198,12490
248,6293,6198,12491
248,6293,6198,12491
248,6293,6199,12492
248,6293,6198,12491
248,6293,6198,12491
248,6294,6198,12492
248,6294,6198,12492
248,6294,6198,12492
248,6294,6198,12492
248,6294,6199,12493
248,6294,6199,12493
248,6294,6200,12494
248,6294,6200,12494
248,6295,6200,12495
248,6295,6200,12495
248,6296,6200,12496
248,6296,6200,12496
248,6296,6201,12497
248,6296,6201,12497
248,6296,6202,12498
248,6296,6202,12498
248,6297,6202,12499
248,6297,6202,12499
248,6298,6202,12500
248,6298,6202,12500
248,6298,6203,12501
248,6298,6203,12501
248,6298,6204,12502
248,6298,6204,12502
248,6298,6204,12502
248,6298,6203,12501
248,6298,6202,12500
248,6298,6202,12500
248,6298,6202,12500
248,6298,6202,12500
248,6298,6202,12500
248,6298,6203,12501
248,6298,6203,12501
248,6298,6203,12501
248,6299,6203,12502
248,6299,6203,12502
248,6299,6204,12503
248,6299,6203,12502
248,6299,6202,12501
248,6299,6202,12501
248,6298,6202,12500
248,6298,6202,12500
248,6299,6202,12501
248,6299,6202,12501
248,6299,6201,12500
248,6299,6201,12500
248,6298,6201,12499
248,6298,6201,12499
248,6297,6201,12498
248,6297,6201,12498
248,6297,6202,12499
248,6296,6202,12498
248,6296,6202,12498
248,6296,6202,12498
248,6296,6203,12499
248,6296,6203,12499
248,6296,6203,12499
248,6296,6204,12500
248,6296,6204,12500
248,6297,6204,12501
248,6297,6204,12501
248,6297,6204,12501
248,6298,6204,12502
248,6298,6204,12502
248,6299,6204,12503
248,6299,6204,12503
248,6299,6203,12502
248,6299,6203,12502
248,6299,6204,12503
248,6299,6204,12503
248,6299,6205,12504
248,6299,6205,12504
248,6299,6205,12504
248,6299,6205,12504
248,6299,6206,12505
248,6299,6206,12505
248,6299,6206,12505
248,6299,6206,12505
248,6299,6206,12505
248,6299,6207,12506
248,6299,6207,12506
248,6299,6207,12506
248,6299,6208,12507
248,6299,6208,12507
248,6299,6209,12508
248,6299,6209,12508
248,6298,6209,12507
248,6298,6209,12507
248,6299,6209,12508
248,6299,6209,12508
248,6299,6210,12509
248,6299,6210,12509
248,6299,6211,12510
248,6299,6211,12510
248,6299,6211,12510
248,6299,6212,12511
248,6299,6212,12511
248,6299,6213,12512
248,6299,6213,12512
248,6299,6212,12511
248,6299,6211,12510
248,6299,6211,12510
248,6299,6211,12510
248,6299,6212,12511
248,6299,6212,12511
248,6300,6212,12512
248,6300,6212,12512
248,6300,6212,12512
248,6301,6212,12513
248,6301,6212,12513
248,6301,6212,12513
248,6301,6212,12513
248,6302,6212,12514
248,6302,6212,12514
248,6302,6213,12515
248,6302,6213,12515
248,6303,6213,12516
248,6303,6212,12515
248,6303,6212,12515
248,6303,6213,12516
248,6303,6213,12516
248,6303,6213,12516
248,6304,6213,12517
248,6304,6213,12517
248,6304,6214,12518
248,6304,6214,12518
248,6304,6214,12518
248,6304,6214,12518
248,6304,6214,12518
248,6303,6214,12517
248,6303,6214,12517
248,6303,6214,12517
248,6303,6215,12518
248,6303,6215,12518
248,6304,6215,12519
248,6304,6215,12519
248,6304,6215,12519
248,6304,6214,12518
248,6304,6214,12518
248,6304,6214,12518
248,6304,6215,12519
248,6304,6215,12519
248,6304,6215,12519
248,6304,6215,12519
248,6305,6215,12520
248,6305,6215,12520
248,6305,6216,12521
248,6304,6216,12520
248,6304,6216,12520
248,6304,6217,12521
248,6304,6217,12521
248,6304,6217,12521
248,6304,6218,12522
248,6304,6217,12521
248,6304,6216,12520
248,6304,6216,12520
248,6305,6216,12521
248,6305,6216,12521
248,6306,6216,12522
248,6306,6216,12522
248,6306,6216,12522
248,6306,6217,12523
248,6306,6217,12523
248,6307,6217,12524
248,6307,6217,12524
248,6307,6218,12525
248,6307,6218,12525
248,6307,6218,12525
248,6307,6219,12526
248,6307,6219,12526
248,6307,6219,12526
248,6307,6219,12526
248,6307,6220,12527
248,6307,6219,12526
248,6307,6219,12526
248,6307,6220,12527
248,6307,6219,12526
248,6307,6219,12526
248,6307,6220,12527
248,6307,6219,12526
248,6307,6219,12526
248,6307,6219,12526
248,6307,6219,12526
248,6308,6219,12527
248,6308,6219,12527
248,6308,6220,12528
248,6308,6220,12528
248,6308,6220,12528
248,6309,6220,12529
248,6309,6220,12529
248,6310,6220,12530
248,6310,6219,12529
248,6309,6219,12528
248,6309,6219,12528
248,6310,6219,12529
248,6310,6219,12529
248,6310,6220,12530
248,6310,6220,12530
248,6310,6221,12531
248,6309,6221,12530
248,6309,6220,12529
248,6309,6220,12529
248,6309,6221,12530
248,6309,6221,12530
248,6309,6221,12530
248,6310,6221,12531
248,6310,6221,12531
248,6310,6222,12532
248,6310,6222,12532
248,6310,6222,12532
248,6310,6223,12533
248,6310,6223,12533
248,6310,6224,12534
248,6310,6223,12533
248,6310,6223,12533
248,6311,6223,12534
248,6311,6222,12533
248,6311,6222,12533
248,6311,6223,12534
248,6311,6223,12534
248,6312,6223,12535
248,6312,6223,12535
248,6313,6223,12536
248,6313,6223,12536
248,6313,6223,12536
248,6313,6223,12536
248,6313,6223,12536
248,6313,6224,12537
248,6313,6224,12537
248,6313,6224,12537
248,6314,6224,12538
248,6314,6224,12538
248,6315,6224,12539
248,6315,6224,12539
248,6316,6224,12540
248,6316,6224,12540
248,6316,6225,12541
248,6316,6225,12541
248,6315,6225,12540
248,6315,6225,12540
248,6315,6225,12540
248,6316,6225,12541
248,6316,6225,12541
248,6316,6225,12541
248,6316,6226,12542
248,6316,6226,12542
248,6317,6226,12543
248,6317,6226,12543
248,6317,6227,12544
248,6317,6226,12543
248,6317,6226,12543
248,6317,6227,12544
248,6317,6226,12543
248,6317,6225,12542
248,6317,6225,12542
248,6317,6226,12543
248,6317,6226,12543
248,6317,6226,12543
248,6317,6227,12544
248,6317,6227,12544
248,6317,6228,12545
248,6317,6228,12545
248,6317,6229,12546
248,6317,6229,12546
248,6316,6229,12545
248,6316,6229,12545
248,6316,6229,12545
248,6316,6229,12545
248,6317,6229,12546
248,6317,6229,12546
248,6317,6228,12545
248,6317,6228,12545
248,6317,6228,12545
248,6318,6228,12546
248,6317,6228,12545
248,6317,6228,12545
248,6317,6228,12545
248,6318,6228,12546
248,6317,6228,12545
248,6316,6228,12544
248,6316,6228,12544
248,6316,6227,12543
248,6316,6227,12543
248,6316,6228,12544
248,6316,6228,12544
248,6316,6228,12544
248,6316,6228,12544
248,6317,6228,12545
248,6317,6227,12544
248,6317,6227,12544
248,6317,6227,12544
248,6317,6227,12544
248,6317,6228,12545
248,6317,6228,12545
248,6317,6228,12545
248,6317,6229,12546
248,6317,6229,12546
248,6317,6229,12546
248,6317,6229,12546
248,6318,6229,12547
248,6318,6229,12547
248,6318,6230,12548
248,6318,6230,12548
248,6318,6231,12549
248,6318,6231,12549
248,6319,6231,12550
248,6319,6231,12550
248,6319,6231,12550
248,6320,6231,12551
248,6320,6231,12551
248,6321,6231,12552
248,6321,6231,12552
248,6321,6231,12552
248,6321,6232,12553
248,6320,6232,12552
248,6320,6232,12552
248,6320,6233,12553
248,6320,6233,12553
248,6320,6233,12553
248,6321,6233,12554
248,6321,6233,12554
248,6322,6233,12555
248,6322,6233,12555
248,6322,6233,12555
248,6323,6233,12556
248,6323,6233,12556
248,6323,6233,12556
248,6323,6233,12556
248,6323,6234,12557
248,6323,6233,12556
248,6323,6233,12556
248,6323,6233,12556
248,6323,6233,12556
248,6323,6233,12556
248,6323,6233,12556
248,6323,6234,12557
248,6323,6234,12557
248,6323,6233,12556
248,6323,6233,12556
248,6323,6234,12557
248,6323,6234,12557
248,6324,6234,12558
248,6324,6233,12557
248,6323,6233,12556
248,6323,6233,12556
248,6323,6233,12556
248,6323,6234,12557
248,6323,6233,12556
248,6323,6233,12556
248,6323,6234,12557
248,6323,6234,12557
248,6323,6234,12557
248,6323,6235,12558
248,6323,6235,12558
248,6323,6236,12559
248,6323,6236,12559
248,6323,6236,12559
248,6324,6236,12560
248,6324,6236,12560
248,6324,6237,12561
248,6324,6237,12561
248,6324,6237,12561
248,6324,6238,12562
248,6324,6238,12562
248,6325,6238,12563
248,6325,6238,12563
248,6326,6238,12564
248,6326,6237,12563
248,6326,6237,12563
248,6326,6238,12564
248,6325,6238,12563
248,6325,6238,12563
248,6325,6237,12562
248,6325,6237,12562
248,6325,6237,12562
248,6324,6237,12561
248,6324,6237,12561
248,6324,6237,12561
248,6324,6238,12562
248,6324,6237,12561
248,6324,6237,12561
248,6324,6238,12562
248,6324,6238,12562
248,6324,6238,12562
248,6324,6239,12563
248,6324,6239,12563
248,6324,6238,12562
248,6324,6238,12562
248,6324,6239,12563
248,6324,6238,12562
248,6324,6238,12562
248,6325,6238,12563
248,6325,6237,12562
248,6325,6237,12562
248,6325,6238,12563
248,6325,6238,12563
248,6325,6238,12563
248,6325,6239,12564
248,6325,6239,12564
248,6325,6239,12564
248,6325,6239,12564
248,6325,6239,12564
248,6324,6239,12563
248,6324,6239,12563
248,6324,6240,12564
248,6324,6239,12563
248,6324,6239,12563
248,6324,6239,12563
248,6324,6240,12564
248,6324,6240,12564
248,6324,6241,12565
248,6324,6240,12564
248,6324,6240,12564
248,6325,6240,12565
248,6325,6240,12565
248,6326,6240,12566
248,6326,6240,12566
248,6326,6241,12567
248,6326,6241,12567
248,6326,6242,12568
248,6326,6241,12567
248,6326,6241,12567
248,6326,6242,12568
248,6326,6242,12568
248,6327,6242,12569
248,6327,6241,12568
248,6327,6241,12568
248,6326,6241,12567
248,6326,6241,12567
248,6326,6242,12568
248,6326,6242,12568
248,6326,6243,12569
248,6326,6243,12569
248,6326,6242,12568
248,6326,6241,12567
248,6326,6241,12567
248,6327,6241,12568
248,6327,6241,12568
248,6327,6242,12569
248,6327,6241,12568
248,6327,6240,12567
248,6327,6240,12567
248,6328,6240,12568
248,6328,6240,12568
248,6328,6240,12568
248,6329,6240,12569
248,6329,6240,12569
248,6329,6241,12570
248,6329,6241,12570
248,6330,6241,12571
248,6330,6241,12571
248,6331,6241,12572
248,6331,6241,12572
248,6330,6241,12571
248,6330,6241,12571
248,6330,6241,12571
248,6330,6242,12572
248,6329,6242,12571
248,6329,6242,12571
248,6329,6242,12571
248,6330,6242,12572
248,6330,6242,12572
248,6331,6242,12573
248,6331,6242,12573
248,6331,6242,12573
248,6331,6243,12574
248,6331,6243,12574
248,6332,6243,12575
248,6332,6242,12574
248,6332,6242,12574
248,6332,6242,12574
248,6332,6243,12575
248,6331,6243,12574
248,6331,6243,12574
248,6331,6244,12575
248,6331,6244,12575
248,6331,6245,12576
248,6331,6245,12576
248,6331,6246,12577
248,6331,6246,12577
248,6331,6246,12577
248,6331,6246,12577
248,6332,6246,12578
248,6332,6246,12578
248,6333,6246,12579
248,6333,6246,12579
248,6333,6245,12578
248,6333,6245,12578
248,6333,6246,12579
248,6333,6246,12579
248,6333,6247,12580
248,6333,6247,12580
248,6334,6247,12581
248,6334,6247,12581
248,6335,6247,12582
248,6335,6247,12582
248,6335,6247,12582
248,6336,6247,12583
248,6336,6247,12583
248,6337,6247,12584
248,6337,6247,12584
248,6337,6248,12585
248,6337,6248,12585
248,6337,6249,12586
248,6337,6249,12586
248,6338,6249,12587
248,6337,6249,12586
248,6336,6249,12585
248,6336,6249,12585
248,6336,6250,12586
248,6336,6249,12585
248,6336,6249,12585
248,6336,6249,12585
248,6336,6250,12586
248,6336,6249,12585
248,6336,6249,12585
248,6337,6249,12586
248,6337,6248,12585
248,6336,6248,12584
248,6336,6248,12584
248,6336,6248,12584
248,6336,6249,12585
248,6336,6249,12585
248,6337,6249,12586
248,6337,6249,12586
248,6337,6250,12587
248,6337,6250,12587
248,6337,6249,12586
248,6337,6248,12585
248,6336,6248,12584
248,6336,6247,12583
248,6336,6247,12583
248,6336,6248,12584
248,6336,6248,12584
248,6337,6248,12585
248,6337,6248,12585
248,6336,6248,12584
248,6336,6248,12584
248,6336,6248,12584
248,6336,6249,12585
248,6336,6249,12585
248,6335,6249,12584
248,6335,6249,12584
248,6335,6249,12584
248,6336,6249,12585
248,6336,6249,12585
248,6336,6249,12585
248,6336,6249,12585
248,6336,6249,12585
248,6336,6250,12586
248,6336,6250,12586
248,6337,6250,12587
248,6337,6250,12587
248,6337,6250,12587
248,6337,6251,12588
248,6337,6251,12588
248,6337,6252,12589
248,6337,6252,12589
248,6337,6253,12590
248,6337,6252,12589
248,6337,6252,12589
248,6337,6253,12590
248,6337,6253,12590
248,6338,6253,12591
248,6338,6253,12591
248,6339,6253,12592
248,6339,6253,12592
248,6340,6253,12593
248,6340,6253,12593
248,6341,6253,12594
248,6341,6253,12594
248,6342,6253,12595
248,6342,6253,12595
248,6342,6254,12596
248,6342,6253,12595
248,6342,6253,12595
248,6343,6253,12596
248,6343,6253,12596
248,6343,6253,12596
248,6343,6253,12596
248,6343,6254,12597
248,6343,6254,12597
248,6344,6254,12598
248,6344,6254,12598
248,6344,6254,12598
248,6344,6254,12598
248,6345,6254,12599
248,6345,6254,12599
248,6345,6254,12599
248,6345,6254,12599
248,6345,6255,12600
248,6345,6254,12599
248,6345,6253,12598
248,6345,6253,12598
248,6345,6253,12598
248,6345,6253,12598
248,6345,6254,12599
248,6345,6254,12599
248,6345,6254,12599
248,6345,6255,12600
248,6344,6255,12599
248,6344,6255,12599
248,6344,6256,12600
248,6344,6256,12600
248,6344,6256,12600
248,6345,6256,12601
248,6345,6256,12601
248,6345,6256,12601
248,6346,6256,12602
248,6346,6255,12601
248,6345,6255,12600
248,6345,6255,12600
248,6345,6256,12601
248,6344,6256,12600
248,6344,6256,12600
248,6345,6256,12601
248,6345,6256,12601
248,6345,6257,12602
248,6345,6256,12601
248,6345,6256,12601
248,6345,6256,12601
248,6345,6256,12601
248,6346,6256,12602
248,6346,6256,12602
248,6346,6257,12603
248,6346,6257,12603
248,6346,6257,12603
248,6347,6257,12604
248,6347,6257,12604
248,6347,6256,12603
248,6346,6256,12602
248,6346,6256,12602
248,6346,6256,12602
248,6346,6257,12603
248,6346,6257,12603
248,6347,6257,12604
248,6347,6257,12604
248,6348,6257,12605
248,6348,6257,12605
248,6348,6256,12604
248,6347,6256,12603
248,6346,6256,12602
248,6346,6256,12602
248,6346,6256,12602
248,6346,6257,12603
248,6346,6257,12603
248,6347,6257,12604
248,6347,6257,12604
248,6347,6258,12605
248,6347,6258,12605
248,6347,6259,12606
248,6347,6259,12606
248,6347,6260,12607
248,6347,6260,12607
248,6347,6261,12608
248,6347,6261,12608
248,6347,6261,12608
248,6347,6262,12609
248,6347,6262,12609
248,6347,6263,12610
248,6347,6263,12610
248,6348,6263,12611
248,6348,6263,12611
248,6348,6263,12611
248,6349,6263,12612
248,6349,6263,12612
248,6349,6264,12613
248,6349,6263,12612
248,6349,6263,12612
248,6350,6263,12613
248,6350,6263,12613
248,6350,6264,12614
248,6350,6264,12614
248,6350,6265,12615
248,6350,6265,12615
248,6350,6265,12615
248,6350,6266,12616
248,6350,6265,12615
248,6350,6265,12615
248,6351,6265,12616
248,6351,6265,12616
248,6351,6266,12617
248,6351,6266,12617
248,6352,6266,12618
248,6352,6266,12618
248,6352,6266,12618
248,6352,6266,12618
248,6352,6267,12619
248,6352,6267,12619
248,6353,6267,12620
248,6353,6267,12620
248,6353,6267,12620
248,6354,6267,12621
248,6354,6267,12621
248,6354,6267,12621
248,6355,6267,12622
248,6355,6267,12622
248,6356,6267,12623
248,6356,6267,12623
248,6357,6267,12624
248,6357,6267,12624
248,6357,6266,12623
248,6357,6266,12623
248,6357,6266,12623
248,6357,6266,12623
248,6357,6267,12624
248,6357,6267,12624
248,6358,6267,12625
248,6357,6267,12624
248,6357,6267,12624
248,6358,6267,12625
248,6358,6267,12625
248,6358,6267,12625
248,6357,6267,12624
248,6356,6267,12623
248,6356,6267,12623
248,6357,6267,12624
248,6357,6267,12624
248,6357,6266,12623
248,6356,6266,12622
248,6356,6266,12622
248,6356,6266,12622
248,6357,6266,12623
248,6357,6266,12623
248,6357,6266,12623
248,6358,6266,12624
248,6358,6266,12624
248,6358,6266,12624
248,6358,6266,12624
248,6359,6266,12625
248,6359,6266,12625
248,6359,6266,12625
248,6360,6266,12626
248,6360,6266,12626
248,6360,6267,12627
248,6360,6267,12627
248,6360,6268,12628
248,6360,6268,12628
248,6361,6268,12629
248,6361,6268,12629
248,6361,6269,12630
248,6361,6269,12630
248,6362,6269,12631
248,6362,6269,12631
248,6362,6270,12632
248,6362,6270,12632
248,6362,6270,12632
248,6362,6270,12632
248,6362,6271,12633
248,6362,6271,12633
248,6362,6271,12633
248,6362,6272,12634
248,6362,6272,12634
248,6363,6272,12635
248,6363,6272,12635
248,6362,6272,12634
248,6362,6272,12634
248,6363,6272,12635
248,6363,6272,12635
248,6363,6272,12635
248,6363,6272,12635
248,6364,6272,12636
248,6363,6272,12635
248,6363,6272,12635
248,6363,6272,12635
248,6363,6272,12635
248,6364,6272,12636
248,6364,6272,12636
248,6364,6273,12637
248,6364,6273,12637
248,6364,6274,12638
248,6364,6274,12638
248,6364,6274,12638
248,6364,6275,12639
248,6364,6275,12639
248,6365,6275,12640
248,6365,6275,12640
248,6366,6275,12641
248,6366,6275,12641
248,6366,6276,12642
248,6366,6276,12642
248,6366,6276,12642
248,6365,6276,12641
248,6365,6276,12641
248,6365,6275,12640
248,6365,6275,12640
248,6365,6276,12641
248,6365,6276,12641
248,6365,6277,12642
248,6364,6277,12641
248,6364,6276,12640
248,6364,6276,12640
248,6365,6276,12641
248,6365,6276,12641
248,6366,6276,12642
248,6366,6276,12642
248,6367,6276,12643
248,6367,6275,12642
248,6366,6275,12641
248,6366,6275,12641
248,6366,6276,12642
248,6366,6276,12642
248,6366,6276,12642
248,6367,6276,12643
248,6366,6276,12642
248,6366,6276,12642
248,6366,6277,12643
248,6366,6277,12643
248,6367,6277,12644
248,6367,6277,12644
248,6367,6278,12645
248,6366,6278,12644
248,6366,6278,12644
248,6366,6277,12643
248,6366,6277,12643
248,6366,6278,12644
248,6366,6278,12644
248,6366,6278,12644
248,6366,6279,12645
248,6366,6279,12645
248,6367,6279,12646
248,6367,6279,12646
248,6368,6279,12647
248,6367,6279,12646
248,6367,6279,12646
248,6367,6279,12646
248,6366,6279,12645
248,6366,6279,12645
248,6366,6280,12646
248,6366,6280,12646
248,6367,6280,12647
248,6367,6280,12647
248,6367,6281,12648
248,6367,6281,12648
248,6368,6281,12649
248,6368,6281,12649
248,6369,6281,12650
248,6369,6281,12650
248,6368,6281,12649
248,6368,6281,12649
248,6367,6281,12648
248,6367,6281,12648
248,6368,6281,12649
248,6368,6281,12649
248,6369,6281,12650
248,6369,6281,12650
248,6369,6281,12650
248,6370,6281,12651
248,6369,6281,12650
248,6369,6281,12650
248,6369,6281,12650
248,6369,6282,12651
248,6369,6282,12651
248,6369,6283,12652
248,6369,6283,12652
248,6369,6284,12653
248,6369,6284,12653
248,6369,6284,12653
248,6370,6284,12654
248,6369,6284,12653
248,6369,6284,12653
248,6369,6284,12653
248,6369,6284,12653
248,6369,6284,12653
248,6369,6285,12654
248,6369,6285,12654
248,6369,6286,12655
248,6369,6286,12655
248,6370,6286,12656
248,6370,6286,12656
248,6370,6287,12657
248,6370,6287,12657
248,6370,6287,12657
248,6370,6287,12657
248,6370,6287,12657
248,6370,6287,12657
248,6369,6287,12656
248,6369,6287,12656
248,6370,6287,12657
248,6370,6287,12657
248,6370,6287,12657
249,6370,6288,12658
249,6370,6288,12658
249,6370,6289,12659
249,6370,6288,12658
249,6370,6288,12658
249,6371,6288,12659
249,6371,6288,12659
249,6371,6289,12660
249,6371,6288,12659
249,6371,6288,12659
249,6371,6288,12659
249,6372,6288,12660
249,6372,6288,12660
249,6373,6288,12661
249,6373,6288,12661
249,6374,6288,12662
249,6374,6288,12662
249,6374,6289,12663
249,6374,6289,12663
249,6374,6290,12664
249,6374,6290,12664
249,6374,6291,12665
249,6374,6291,12665
249,6374,6292,12666
249,6374,6292,12666
249,6374,6293,12667
249,6374,6293,12667
249,6374,6294,12668
249,6374,6294,12668
249,6374,6295,12669
249,6374,6295,12669
249,6374,6296,12670
249,6374,6296,12670
249,6374,6296,12670
249,6374,6295,12669
249,6374,6295,12669
249,6374,6296,12670
249,6374,6295,12669
249,6374,6294,12668
249,6374,6294,12668
249,6374,6295,12669
249,6374,6295,12669
249,6374,6295,12669
249,6375,6295,12670
249,6375,6295,12670
249,6375,6296,12671
249,6375,6296,12671
249,6376,6296,12672
249,6376,6296,12672
249,6376,6296,12672
249,6376,6297,12673
249,6376,6297,12673
249,6377,6297,12674
249,6377,6297,12674
249,6377,6298,12675
249,6377,6297,12674
249,6377,6297,12674
249,6377,6297,12674
249,6377,6298,12675
249,6377,6298,12675
249,6377,6299,12676
249,6377,6299,12676
249,6377,6298,12675
249,6377,6297,12674
249,6377,6297,12674
249,6377,6297,12674
249,6377,6298,12675
249,6377,6298,12675
249,6377,6299,12676
249,6377,6298,12675
249,6377,6298,12675
249,6377,6299,12676
249,6377,6299,12676
249,6377,6300,12677
249,6377,6300,12677
249,6378,6300,12678
249,6378,6300,12678
249,6378,6300,12678
249,6379,6300,12679
249,6379,6300,12679
249,6379,6300,12679
249,6379,6300,12679
249,6380,6300,12680
249,6380,6300,12680
249,6380,6299,12679
249,6379,6299,12678
249,6379,6299,12678
249,6380,6299,12679
249,6380,6299,12679
249,6380,6299,12679
249,6380,6299,12679
249,6380,6300,12680
249,6380,6300,12680
249,6379,6300,12679
249,6379,6300,12679
249,6380,6300,12680
249,6380,6300,12680
249,6380,6301,12681
249,6380,6301,12681
249,6380,6301,12681
249,6381,6301,12682
249,6381,6301,12682
249,6381,6302,12683
249,6381,6302,12683
249,6381,6302,12683
249,6381,6302,12683
249,6382,6302,12684
249,6382,6301,12683
249,6382,6301,12683
249,6382,6302,12684
249,6382,6302,12684
249,6381,6302,12683
249,6381,6302,12683
249,6381,6302,12683
249,6381,6303,12684
249,6381,6303,12684
249,6382,6303,12685
249,6382,6303,12685
249,6383,6303,12686
249,6383,6303,12686
249,6383,6303,12686
249,6383,6303,12686
249,6384,6303,12687
249,6384,6302,12686
249,6384,6302,12686
249,6384,6302,12686
249,6384,6303,12687
249,6384,6303,12687
249,6385,6303,12688
249,6385,6303,12688
249,6385,6303,12688
249,6386,6303,12689
249,6385,6303,12688
249,6385,6303,12688
249,6385,6304,12689
249,6385,6304,12689
249,6384,6304,12688
249,6384,6304,12688
249,6384,6305,12689
249,6384,6305,12689
249,6384,6305,12689
249,6385,6305,12690
249,6385,6305,12690
249,6386,6305,12691
249,6386,6305,12691
249,6386,6306,12692
249,6386,6305,12691
249,6386,6305,12691
249,6386,6306,12692
249,6386,6305,12691
249,6386,6305,12691
249,6386,6305,12691
249,6387,6305,12692
249,6387,6305,12692
249,6387,6306,12693
249,6387,6306,12693
249,6387,6307,12694
249,6387,6307,12694
249,6388,6307,12695
249,6388,6307,12695
249,6388,6308,12696
249,6388,6308,12696
249,6388,6308,12696
249,6388,6307,12695
249,6388,6307,12695
249,6389,6307,12696
249,6389,6307,12696
249,6389,6307,12696
249,6389,6308,12697
249,6389,6308,12697
249,6389,6308,12697
249,6389,6309,12698
249,6389,6309,12698
249,6390,6309,12699
249,6390,6308,12698
249,6390,6308,12698
249,6391,6308,12699
249,6391,6308,12699
249,6390,6308,12698
249,6390,6308,12698
249,6391,6308,12699
249,6391,6308,12699
249,6392,6308,12700
249,6392,6308,12700
249,6393,6308,12701
249,6393,6308,12701
249,6392,6308,12700
249,6392,6308,12700
249,6393,6308,12701
249,6393,6308,12701
249,6393,6309,12702
249,6392,6309,12701
249,6392,6309,12701
249,6393,6309,12702
249,6393,6309,12702
249,6394,6309,12703
249,6394,6308,12702
249,6394,6308,12702
249,6395,6308,12703
249,6395,6308,12703
249,6396,6308,12704
249,6396,6308,12704
249,6396,6309,12705
249,6396,6309,12705
249,6396,6309,12705
249,6397,6309,12706
249,6397,6309,12706
249,6397,6309,12706
249,6397,6309,12706
249,6398,6309,12707
249,6397,6309,12706
249,6397,6309,12706
249,6398,6309,12707
249,6398,6309,12707
249,6399,6309,12708
249,6399,6309,12708
249,6399,6310,12709
249,6399,6310,12709
249,6400,6310,12710
249,6400,6310,12710
249,6400,6311,12711
249,6400,6311,12711
249,6400,6311,12711
249,6400,6311,12711
249,6400,6311,12711
249,6401,6311,12712
249,6401,6311,12712
249,6402,6311,12713
249,6402,6311,12713
249,6403,6311,12714
249,6403,6311,12714
249,6404,6311,12715
249,6404,6311,12715
249,6404,6312,12716
249,6404,6312,12716
249,6404,6313,12717
249,6403,6313,12716
249,6403,6313,12716
249,6403,6313,12716
249,6403,6313,12716
249,6403,6314,12717
249,6403,6313,12716
249,6403,6313,12716
249,6403,6312,12715
249,6403,6312,12715
249,6403,6313,12716
249,6403,6313,12716
249,6404,6313,12717
249,6404,6313,12717
249,6404,6314,12718
249,6404,6313,12717
249,6404,6313,12717
249,6404,6314,12718
249,6404,6314,12718
249,6404,6313,12717
249,6404,6312,12716
249,6403,6312,12715
249,6403,6312,12715
249,6404,6312,12716
249,6404,6312,12716
249,6405,6312,12717
249,6405,6311,12716
249,6404,6311,12715
249,6403,6311,12714
249,6403,6311,12714
249,6403,6312,12715
249,6403,6312,12715
249,6404,6312,12716
249,6403,6312,12715
249,6402,6312,12714
249,6402,6312,12714
249,6403,6312,12715
249,6403,6311,12714
249,6403,6311,12714
249,6404,6311,12715
249,6404,6311,12715
249,6404,6312,12716
249,6403,6312,12715
249,6403,6312,12715
249,6403,6312,12715
249,6403,6312,12715
249,6403,6313,12716
249,6403,6313,12716
249,6403,6313,12716
249,6403,6314,12717
249,6403,6314,12717
249,6403,6315,12718
249,6403,6315,12718
249,6403,6316,12719
249,6403,6316,12719
249,6403,6317,12720
249,6403,6317,12720
249,6403,6317,12720
249,6404,6317,12721
249,6404,6317,12721
249,6404,6317,12721
249,6404,6318,12722
249,6404,6318,12722
249,6405,6318,12723
249,6405,6317,12722
249,6405,6317,12722
249,6405,6317,12722
249,6405,6318,12723
249,6405,6318,12723
249,6406,6318,12724
249,6406,6318,12724
249,6406,6319,12725
249,6405,6319,12724
249,6405,6318,12723
249,6405,6318,12723
249,6405,6318,12723
249,6405,6319,12724
249,6405,6319,12724
249,6405,6320,12725
249,6405,6320,12725
249,6405,6321,12726
249,6404,6321,12725
249,6404,6321,12725
249,6405,6321,12726
249,6405,6321,12726
249,6405,6321,12726
249,6405,6322,12727
249,6405,6322,12727
249,6405,6322,12727
249,6405,6323,12728
249,6405,6323,12728
249,6406,6323,12729
249,6406,6323,12729
249,6407,6323,12730
249,6407,6323,12730
249,6407,6324,12731
249,6407,6324,12731
249,6408,6324,12732
249,6408,6324,12732
249,6408,6324,12732
249,6408,6325,12733
249,6408,6325,12733
249,6408,6326,12734
249,6408,6326,12734
249,6408,6326,12734
249,6409,6326,12735
249,6409,6326,12735
249,6409,6325,12734
249,6409,6325,12734
249,6410,6325,12735
249,6410,6325,12735
249,6411,6325,12736
249,6411,6325,12736
249,6411,6326,12737
249,6411,6326,12737
249,6411,6326,12737
249,6411,6326,12737
249,6411,6327,12738
249,6411,6327,12738
249,6412,6327,12739
249,6412,6327,12739
249,6412,6327,12739
249,6413,6327,12740
249,6413,6327,12740
249,6414,6327,12741
249,6413,6327,12740
249,6413,6327,12740
249,6414,6327,12741
249,6413,6327,12740
249,6413,6327,12740
249,6413,6327,12740
249,6413,6328,12741
249,6413,6328,12741
249,6414,6328,12742
249,6414,6328,12742
249,6415,6328,12743
249,6415,6328,12743
249,6414,6328,12742
249,6414,6328,12742
249,6414,6329,12743
249,6413,6329,12742
249,6413,6329,12742
249,6414,6329,12743
249,6414,6329,12743
249,6414,6330,12744
249,6414,6330,12744
249,6414,6331,12745
249,6414,6330,12744
249,6414,6329,12743
249,6414,6329,12743
249,6415,6329,12744
249,6415,6329,12744
249,6415,6329,12744
249,6415,6329,12744
249,6415,6328,12743
249,6415,6328,12743
249,6415,6329,12744
249,6415,6329,12744
249,6415,6330,12745
249,6415,6330,12745
249,6415,6330,12745
249,6415,6331,12746
249,6415,6331,12746
249,6416,6331,12747
249,6416,6331,12747
249,6416,6332,12748
249,6415,6332,12747
249,6415,6332,12747
249,6415,6333,12748
249,6415,6333,12748
249,6415,6333,12748
249,6415,6333,12748
249,6415,6334,12749
249,6415,6334,12749
249,6416,6334,12750
249,6416,6334,12750
249,6416,6333,12749
249,6416,6333,12749
249,6417,6333,12750
249,6417,6333,12750
249,6418,6333,12751
249,6417,6333,12750
249,6417,6333,12750
249,6417,6334,12751
249,6417,6334,12751
249,6417,6335,12752
249,6417,6335,12752
249,6417,6335,12752
249,6417,6336,12753
249,6416,6336,12752
249,6416,6336,12752
249,6417,6336,12753
249,6417,6335,12752
249,6417,6335,12752
249,6418,6335,12753
249,6418,6335,12753
249,6417,6335,12752
249,6417,6335,12752
249,6417,6336,12753
249,6417,6336,12753
249,6418,6336,12754
249,6418,6336,12754
249,6418,6337,12755
249,6418,6337,12755
249,6419,6337,12756
249,6419,6337,12756
249,6420,6337,12757
249,6419,6337,12756
249,6418,6337,12755
249,6418,6337,12755
249,6418,6337,12755
249,6419,6337,12756
249,6418,6337,12755
249,6418,6337,12755
249,6418,6338,12756
249,6418,6338,12756
249,6418,6338,12756
249,6418,6338,12756
249,6418,6339,12757
249,6418,6339,12757
249,6418,6339,12757
249,6418,6339,12757
249,6418,6340,12758
249,6418,6340,12758
249,6418,6340,12758
249,6419,6340,12759
249,6419,6340,12759
249,6419,6340,12759
249,6419,6341,12760
249,6419,6341,12760
249,6419,6341,12760
249,6419,6342,12761
249,6418,6342,12760
249,6418,6342,12760
249,6418,6343,12761
249,6418,6343,12761
249,6419,6343,12762
249,6419,6343,12762
249,6420,6343,12763
249,6420,6342,12762
249,6420,6342,12762
249,6419,6342,12761
249,6419,6342,12761
249,6418,6342,12760
249,6418,6342,12760
249,6418,6342,12760
249,6419,6342,12761
249,6419,6342,12761
249,6419,6342,12761
249,6420,6342,12762
249,6420,6342,12762
249,6420,6342,12762
249,6420,6343,12763
249,6420,6343,12763
249,6420,6344,12764
249,6420,6344,12764
249,6420,6344,12764
249,6421,6344,12765
249,6421,6343,12764
249,6421,6343,12764
249,6421,6344,12765
249,6421,6344,12765
249,6421,6345,12766
249,6421,6345,12766
249,6422,6345,12767
249,6421,6345,12766
249,6420,6345,12765
249,6420,6345,12765
249,6420,6345,12765
249,6421,6345,12766
249,6421,6344,12765
249,6421,6344,12765
249,6421,6345,12766
249,6421,6345,12766
249,6422,6345,12767
249,6421,6345,12766
249,6421,6345,12766
249,6422,6345,12767
249,6421,6345,12766
249,6421,6345,12766
249,6422,6345,12767
249,6422,6345,12767
249,6422,6346,12768
249,6421,6346,12767
249,6421,6346,12767
249,6421,6347,12768
249,6421,6347,12768
249,6422,6347,12769
249,6422,6346,12768
249,6422,6346,12768
249,6422,6346,12768
249,6421,6346,12767
249,6421,6346,12767
249,6421,6346,12767
249,6421,6345,12766
249,6421,6345,12766
249,6421,6345,12766
249,6422,6345,12767
249,6422,6345,12767
249,6422,6346,12768
249,6421,6346,12767
249,6421,6345,12766
249,6421,6345,12766
249,6421,6346,12767
249,6421,6346,12767
249,6422,6346,12768
249,6422,6346,12768
249,6422,6347,12769
249,6422,6347,12769
249,6422,6348,12770
249,6422,6348,12770
249,6423,6348,12771
249,6422,6348,12770
249,6422,6348,12770
249,6422,6348,12770
249,6421,6348,12769
249,6421,6348,12769
249,6422,6348,12770
249,6422,6348,12770
249,6422,6348,12770
249,6422,6348,12770
249,6422,6349,12771
249,6422,6349,12771
249,6422,6349,12771
249,6422,6350,12772
249,6422,6350,12772
249,6422,6350,12772
249,6422,6350,12772
249,6422,6350,12772
249,6422,6350,12772
249,6422,6350,12772
249,6422,6351,12773
249,6422,6351,12773
249,6422,6351,12773
249,6423,6351,12774
249,6423,6351,12774
249,6423,6352,12775
249,6423,6352,12775
249,6423,6351,12774
249,6423,6351,12774
249,6423,6352,12775
249,6423,6352,12775
249,6424,6352,12776
249,6424,6352,12776
249,6424,6352,12776
249,6424,6351,12775
249,6424,6351,12775
249,6425,6351,12776
249,6425,6351,12776
249,6425,6352,12777
249,6425,6352,12777
249,6425,6353,12778
249,6425,6353,12778
249,6426,6353,12779
249,6426,6353,12779
249,6427,6353,12780
249,6427,6353,12780
249,6428,6353,12781
249,6428,6353,12781
249,6429,6353,12782
249,6429,6353,12782
249,6429,6353,12782
249,6429,6353,12782
249,6429,6353,12782
249,6429,6354,12783
249,6429,6354,12783
249,6428,6354,12782
249,6428,6353,12781
249,6428,6353,12781
249,6428,6354,12782
249,6427,6354,12781
249,6427,6354,12781
249,6427,6355,12782
249,6427,6355,12782
249,6427,6354,12781
249,6427,6354,12781
249,6428,6354,12782
249,6428,6354,12782
249,6429,6354,12783
249,6429,6354,12783
249,6429,6354,12783
249,6429,6355,12784
249,6429,6354,12783
249,6429,6354,12783
249,6430,6354,12784
249,6430,6354,12784
249,6431,6354,12785
249,6431,6354,12785
249,6431,6355,12786
249,6431,6355,12786
249,6431,6355,12786
249,6431,6356,12787
249,6431,6356,12787
249,6431,6357,12788
249,6431,6357,12788
249,6432,6357,12789
249,6432,6357,12789
249,6432,6357,12789
249,6433,6357,12790
249,6433,6356,12789
249,6433,6356,12789
249,6434,6356,12790
249,6434,6356,12790
249,6435,6356,12791
249,6435,6356,12791
249,6435,6357,12792
249,6435,6357,12792
249,6435,6358,12793
249,6435,6358,12793
249,6435,6359,12794
249,6435,6359,12794
249,6436,6359,12795
249,6436,6359,12795
249,6436,6360,12796
249,6435,6360,12795
249,6435,6360,12795
249,6435,6361,12796
249,6435,6361,12796
249,6436,6361,12797
249,6436,6361,12797
249,6436,6361,12797
249,6437,6361,12798
249,6437,6361,12798
249,6438,6361,12799
249,6438,6361,12799
249,6438,6362,12800
249,6438,6361,12799
249,6438,6361,12799
249,6438,6361,12799
249,6439,6361,12800
249,6439,6361,12800
249,6439,6362,12801
249,6439,6362,12801
249,6439,6362,12801
249,6439,6361,12800
249,6439,6361,12800
249,6439,6361,12800
249,6439,6360,12799
249,6439,6360,12799
249,6439,6361,12800
249,6439,6361,12800
249,6439,6361,12800
249,6439,6362,12801
249,6438,6362,12800
249,6438,6362,12800
249,6438,6363,12801
249,6438,6363,12801
249,6439,6363,12802
249,6439,6363,12802
249,6439,6364,12803
249,6439,6364,12803
249,6439,6364,12803
249,6439,6364,12803
249,6439,6364,12803
249,6440,6364,12804
249,6440,6363,12803
249,6440,6363,12803
249,6440,6363,12803
249,6440,6363,12803
249,6440,6364,12804
249,6440,6364,12804
249,6440,6365,12805
249,6440,6365,12805
249,6441,6365,12806
249,6441,6365,12806
249,6441,6366,12807
249,6441,6366,12807
249,6440,6366,12806
249,6440,6365,12805
249,6440,6365,12805
249,6440,6365,12805
249,6440,6366,12806
249,6440,6366,12806
249,6440,6367,12807
249,6440,6367,12807
249,6440,6367,12807
249,6440,6368,12808
249,6440,6368,12808
249,6440,6368,12808
249,6439,6368,12807
249,6439,6368,12807
249,6440,6368,12808
249,6440,6368,12808
249,6440,6368,12808
249,6440,6368,12808
249,6440,6369,12809
249,6440,6369,12809
249,6440,6369,12809
249,6440,6369,12809
249,6440,6369,12809
249,6441,6369,12810
249,6441,6369,12810
249,6442,6369,12811
249,6442,6369,12811
249,6443,6369,12812
249,6443,6369,12812
249,6443,6370,12813
249,6443,6370,12813
249,6443,6371,12814
249,6443,6371,12814
249,6444,6371,12815
249,6444,6370,12814
249,6443,6370,12813
249,6443,6370,12813
249,6444,6370,12814
249,6444,6370,12814
249,6445,6370,12815
249,6445,6369,12814
249,6445,6369,12814
249,6445,6369,12814
249,6446,6369,12815
249,6445,6369,12814
249,6445,6369,12814
249,6445,6369,12814
249,6446,6369,12815
249,6446,6369,12815
249,6445,6369,12814
249,6445,6369,12814
249,6444,6369,12813
249,6443,6369,12812
249,6443,6368,12811
249,6443,6368,12811
249,6444,6368,12812
249,6444,6368,12812
249,6445,6368,12813
249,6445,6368,12813
249,6446,6368,12814
249,6446,6368,12814
249,6447,6368,12815
249,6447,6368,12815
249,6448,6368,12816
249,6448,6368,12816
249,6448,6369,12817
249,6448,6369,12817
249,6448,6370,12818
249,6448,6370,12818
249,6449,6370,12819
249,6449,6370,12819
249,6450,6370,12820
249,6450,6370,12820
249,6451,6370,12821
249,6450,6370,12820
249,6449,6370,12819
249,6449,6370,12819
249,6450,6370,12820
249,6450,6370,12820
249,6450,6371,12821
249,6450,6371,12821
249,6451,6371,12822
249,6451,6371,12822
249,6451,6372,12823
249,6451,6372,12823
249,6452,6372,12824
249,6452,6372,12824
249,6452,6372,12824
249,6453,6372,12825
249,6452,6372,12824
249,6451,6372,12823
249,6451,6372,12823
249,6451,6372,12823
249,6452,6372,12824
249,6452,6372,12824
249,6452,6373,12825
249,6452,6373,12825
249,6452,6374,12826
249,6452,6374,12826
249,6453,6374,12827
249,6453,6374,12827
249,6453,6375,12828
249,6453,6375,12828
249,6454,6375,12829
249,6454,6375,12829
249,6454,6375,12829
249,6454,6376,12830
249,6454,6376,12830
249,6454,6376,12830
249,6454,6377,12831
249,6453,6377,12830
249,6453,6377,12830
249,6453,6377,12830
249,6453,6378,12831
249,6453,6378,12831
249,6453,6377,12830
249,6453,6377,12830
249,6453,6378,12831
249,6453,6378,12831
249,6454,6378,12832
249,6454,6377,12831
249,6454,6377,12831
249,6455,6377,12832
249,6455,6377,12832
249,6456,6377,12833
249,6456,6377,12833
249,6456,6378,12834
249,6456,6378,12834
249,6456,6379,12835
249,6456,6379,12835
249,6456,6380,12836
249,6456,6380,12836
249,6457,6380,12837
249,6457,6380,12837
249,6456,6380,12836
249,6456,6380,12836
249,6456,6381,12837
249,6455,6381,12836
249,6455,6381,12836
249,6455,6381,12836
249,6456,6381,12837
249,6456,6381,12837
249,6456,6381,12837
249,6456,6380,12836
249,6456,6380,12836
249,6457,6380,12837
249,6457,6380,12837
249,6458,6380,12838
249,6458,6380,12838
249,6459,6380,12839
249,6458,6380,12838
249,6457,6380,12837
249,6457,6380,12837
249,6458,6380,12838
249,6458,6380,12838
249,6459,6380,12839
249,6459,6380,12839
249,6459,6381,12840
249,6458,6381,12839
249,6458,6380,12838
249,6458,6380,12838
249,6458,6381,12839
249,6458,6381,12839
249,6458,6382,12840
249,6458,6382,12840
249,6459,6382,12841
249,6458,6382,12840
249,6457,6382,12839
249,6457,6382,12839
249,6458,6382,12840
249,6458,6381,12839
249,6457,6381,12838
249,6457,6380,12837
249,6457,6380,12837
249,6458,6380,12838
249,6458,6380,12838
249,6459,6380,12839
249,6459,6380,12839
249,6459,6380,12839
249,6460,6380,12840
249,6459,6380,12839
249,6459,6380,12839
249,6460,6380,12840
249,6460,6380,12840
249,6461,6380,12841
249,6461,6380,12841
249,6461,6380,12841
249,6462,6380,12842
249,6462,6380,12842
249,6462,6380,12842
249,6461,6380,12841
249,6461,6380,12841
249,6461,6381,12842
249,6461,6381,12842
249,6461,6382,12843
249,6461,6382,12843
249,6462,6382,12844
249,6462,6382,12844
249,6462,6383,12845
249,6462,6383,12845
249,6462,6383,12845
249,6462,6383,12845
249,6462,6384,12846
249,6462,6384,12846
249,6462,6384,12846
249,6462,6385,12847
249,6462,6385,12847
249,6461,6385,12846
249,6461,6385,12846
249,6461,6386,12847
249,6461,6385,12846
249,6461,6385,12846
249,6462,6385,12847
249,6462,6385,12847
249,6462,6386,12848
249,6462,6385,12847
249,6462,6384,12846
249,6461,6384,12845
249,6461,6384,12845
249,6461,6384,12845
249,6461,6385,12846
249,6461,6385,12846
249,6461,6386,12847
249,6461,6386,12847
249,6461,6386,12847
249,6461,6386,12847
249,6461,6386,12847
249,6461,6386,12847
249,6462,6386,12848
249,6462,6385,12847
249,6462,6385,12847
249,6463,6385,12848
249,6463,6385,12848
249,6463,6386,12849
249,6463,6386,12849
249,6463,6386,12849
249,6464,6386,12850
249,6464,6386,12850
249,6465,6386,12851
249,6465,6386,12851
249,6465,6386,12851
249,6465,6387,12852
249,6465,6387,12852
249,6465,6388,12853
249,6465,6388,12853
249,6465,6389,12854
249,6465,6389,12854
249,6466,6389,12855
249,6466,6389,12855
249,6466,6389,12855
249,6466,6390,12856
249,6466,6390,12856
249,6466,6391,12857
249,6465,6391,12856
249,6465,6391,12856
249,6465,6391,12856
249,6466,6391,12857
249,6466,6391,12857
249,6466,6392,12858
249,6466,6392,12858
249,6466,6392,12858
249,6466,6392,12858
249,6466,6393,12859
249,6466,6393,12859
249,6466,6393,12859
249,6466,6393,12859
249,6466,6393,12859
249,6466,6394,12860
249,6466,6393,12859
249,6466,6393,12859
249,6467,6393,12860
249,6467,6393,12860
249,6467,6394,12861
249,6467,6394,12861
249,6467,6395,12862
249,6467,6394,12861
249,6467,6394,12861
249,6467,6394,12861
249,6467,6394,12861
249,6467,6395,12862
249,6467,6395,12862
249,6467,6396,12863
249,6467,6396,12863
249,6467,6397,12864
249,6467,6397,12864
249,6467,6397,12864
249,6467,6398,12865
249,6467,6398,12865
249,6467,6399,12866
249,6467,6399,12866
249,6467,6399,12866
249,6467,6400,12867
249,6467,6399,12866
249,6467,6398,12865
249,6467,6397,12864
249,6467,6397,12864
249,6468,6397,12865
249,6468,6396,12864
249,6468,6396,12864
249,6468,6397,12865
249,6468,6397,12865
249,6469,6397,12866
249,6468,6397,12865
249,6467,6397,12864
249,6467,6396,12863
249,6467,6396,12863
249,6467,6395,12862
249,6467,6395,12862
249,6468,6395,12863
249,6468,6395,12863
249,6468,6396,12864
249,6468,6396,12864
249,6468,6397,12865
249,6468,6397,12865
249,6468,6398,12866
249,6468,6398,12866
249,6468,6399,12867
249,6468,6399,12867
249,6469,6399,12868
249,6469,6399,12868
249,6469,6399,12868
249,6469,6399,12868
249,6470,6399,12869
249,6470,6399,12869
249,6470,6400,12870
249,6470,6400,12870
249,6471,6400,12871
249,6471,6400,12871
249,6472,6400,12872
249,6472,6400,12872
249,6473,6400,12873
249,6473,6400,12873
249,6473,6400,12873
249,6474,6400,12874
249,6474,6399,12873
249,6474,6399,12873
249,6474,6400,12874
249,6474,6400,12874
249,6474,6400,12874
249,6475,6400,12875
249,6475,6400,12875
249,6475,6400,12875
249,6475,6400,12875
249,6475,6400,12875
249,6475,6400,12875
249,6476,6400,12876
249,6476,6400,12876
249,6477,6400,12877
249,6476,6400,12876
249,6475,6400,12875
249,6474,6400,12874
249,6474,6400,12874
249,6474,6400,12874
249,6473,6400,12873
249,6473,6400,12873
249,6473,6401,12874
249,6473,6401,12874
249,6474,6401,12875
249,6474,6401,12875
249,6474,6400,12874
249,6474,6400,12874
249,6475,6400,12875
249,6475,6400,12875
249,6475,6400,12875
249,6476,6400,12876
249,6476,6400,12876
249,6477,6400,12877
249,6476,6400,12876
249,6476,6400,12876
249,6477,6400,12877
249,6477,6400,12877
249,6477,6401,12878
249,6477,6401,12878
249,6477,6401,12878
249,6478,6401,12879
249,6478,6401,12879
249,6479,6401,12880
249,6479,6401,12880
249,6479,6401,12880
249,6479,6402,12881
249,6479,6402,12881
249,6479,6402,12881
249,6479,6402,12881
249,6478,6402,12880
249,6478,6402,12880
249,6479,6402,12881
249,6479,6402,12881
249,6480,6402,12882
249,6480,6401,12881
249,6480,6401,12881
249,6480,6402,12882
249,6480,6402,12882
249,6481,6402,12883
249,6480,6402,12882
249,6479,6402,12881
249,6479,6402,12881
249,6479,6402,12881
249,6480,6402,12882
249,6480,6402,12882
249,6480,6402,12882
249,6480,6402,12882
249,6481,6402,12883
249,6481,6402,12883
249,6481,6403,12884
249,6481,6403,12884
249,6482,6403,12885
249,6482,6403,12885
249,6482,6404,12886
249,6482,6404,12886
249,6482,6404,12886
249,6483,6404,12887
249,6483,6404,12887
249,6483,6405,12888
249,6483,6405,12888
249,6484,6405,12889
249,6484,6405,12889
249,6485,6405,12890
249,6485,6405,12890
249,6486,6405,12891
249,6486,6405,12891
249,6486,6405,12891
249,6487,6405,12892
249,6487,6405,12892
249,6488,6405,12893
249,6488,6405,12893
249,6489,6405,12894
249,6489,6405,12894
249,6489,6406,12895
249,6489,6406,12895
249,6489,6405,12894
249,6489,6405,12894
249,6489,6406,12895
249,6489,6406,12895
249,6490,6406,12896
249,6490,6406,12896
249,6490,6406,12896
249,6490,6407,12897
249,6490,6407,12897
249,6490,6408,12898
249,6490,6407,12897
249,6490,6406,12896
249,6490,6406,12896
249,6490,6406,12896
249,6491,6406,12897
249,6491,6406,12897
249,6491,6407,12898
249,6491,6406,12897
249,6491,6406,12897
249,6491,6407,12898
249,6491,6407,12898
249,6491,6406,12897
249,6491,6406,12897
249,6491,6406,12897
249,6491,6407,12898
249,6491,6407,12898
249,6491,6408,12899
249,6491,6407,12898
249,6491,6406,12897
249,6491,6406,12897
249,6492,6406,12898
249,6492,6406,12898
249,6492,6405,12897
249,6492,6405,12897
249,6491,6405,12896
249,6491,6405,12896
249,6491,6406,12897
249,6490,6406,12896
249,6490,6406,12896
249,6490,6407,12897
249,6490,6407,12897
249,6491,6407,12898
249,6491,6407,12898
249,6491,6407,12898
249,6491,6408,12899
249,6491,6408,12899
249,6492,6408,12900
249,6492,6408,12900
249,6492,6408,12900
249,6493,6408,12901
249,6493,6408,12901
249,6494,6408,12902
249,6494,6408,12902
249,6494,6409,12903
249,6494,6409,12903
249,6495,6409,12904
249,6495,6409,12904
249,6495,6410,12905
249,6495,6410,12905
249,6495,6410,12905
249,6495,6410,12905
249,6495,6411,12906
249,6495,6411,12906
249,6495,6412,12907
249,6495,6412,12907
249,6495,6413,12908
249,6495,6413,12908
249,6495,6414,12909
249,6495,6414,12909
249,6495,6414,12909
249,6496,6414,12910
249,6496,6414,12910
249,6496,6415,12911
249,6496,6414,12910
249,6496,6413,12909
249,6496,6413,12909
249,6496,6414,12910
249,6495,6414,12909
249,6495,6414,12909
249,6495,6415,12910
249,6495,6415,12910
249,6495,6415,12910
249,6495,6416,12911
249,6495,6416,12911
249,6495,6416,12911
249,6495,6417,12912
249,6495,6417,12912
249,6495,6418,12913
249,6495,6418,12913
249,6495,6419,12914
249,6495,6419,12914
249,6496,6419,12915
249,6496,6419,12915
249,6497,6419,12916
249,6497,6419,12916
249,6497,6419,12916
249,6497,6420,12917
249,6497,6420,12917
249,6497,6420,12917
249,6498,6420,12918
249,6498,6420,12918
249,6498,6421,12919
249,6498,6421,12919
249,6498,6420,12918
249,6498,6420,12918
249,6499,6420,12919
249,6499,6420,12919
249,6499,6419,12918
249,6499,6419,12918
249,6499,6419,12918
249,6500,6419,12919
249,6499,6419,12918
249,6499,6419,12918
249,6500,6419,12919
249,6500,6419,12919
249,6500,6419,12919
249,6500,6420,12920
249,6500,6420,12920
249,6500,6421,12921
249,6500,6421,12921
249,6500,6422,12922
249,6500,6422,12922
249,6500,6422,12922
249,6500,6422,12922
249,6500,6423,12923
249,6499,6423,12922
249,6499,6423,12922
249,6500,6423,12923
249,6500,6423,12923
249,6500,6423,12923
249,6500,6423,12923
249,6500,6422,12922
249,6500,6422,12922
249,6499,6422,12921
249,6499,6422,12921
249,6500,6422,12922
249,6500,6422,12922
249,6500,6422,12922
249,6500,6423,12923
249,6500,6423,12923
249,6501,6423,12924
249,6501,6423,12924
249,6502,6423,12925
249,6502,6423,12925
249,6502,6422,12924
249,6502,6422,12924
249,6502,6422,12924
249,6502,6422,12924
249,6502,6423,12925
249,6502,6423,12925
249,6502,6423,12925
249,6503,6423,12926
249,6503,6423,12926
249,6503,6423,12926
249,6503,6424,12927
249,6503,6424,12927
249,6502,6424,12926
249,6502,6424,12926
249,6502,6425,12927
249,6502,6425,12927
249,6502,6426,12928
249,6502,6426,12928
249,6503,6426,12929
249,6503,6426,12929
249,6503,6425,12928
249,6503,6425,12928
249,6504,6425,12929
249,6504,6425,12929
249,6504,6426,12930
249,6504,6426,12930
249,6504,6426,12930
249,6504,6426,12930
249,6505,6426,12931
249,6505,6426,12931
249,6506,6426,12932
249,6506,6426,12932
249,6506,6427,12933
249,6506,6427,12933
249,6506,6427,12933
249,6506,6427,12933
249,6506,6428,12934
249,6506,6428,12934
249,6506,6428,12934
249,6507,6428,12935
249,6507,6428,12935
249,6507,6429,12936
249,6507,6429,12936
249,6507,6429,12936
249,6507,6430,12937
249,6506,6430,12936
249,6506,6430,12936
249,6506,6429,12935
249,6506,6429,12935
249,6506,6429,12935
249,6506,6429,12935
249,6507,6429,12936
249,6507,6429,12936
249,6507,6428,12935
249,6507,6428,12935
249,6507,6429,12936
249,6507,6429,12936
249,6507,6430,12937
249,6507,6430,12937
249,6507,6431,12938
249,6507,6431,12938
249,6507,6431,12938
249,6507,6432,12939
249,6507,6432,12939
249,6507,6432,12939
249,6507,6433,12940
249,6507,6433,12940
249,6508,6433,12941
249,6507,6433,12940
249,6507,6433,12940
249,6507,6434,12941
249,6507,6434,12941
249,6507,6435,12942
249,6507,6435,12942
249,6507,6435,12942
249,6506,6435,12941
249,6506,6435,12941
249,6506,6436,12942
249,6506,6436,12942
249,6506,6436,12942
249,6506,6436,12942
249,6506,6435,12941
249,6506,6435,12941
249,6506,6435,12941
249,6506,6435,12941
249,6506,6435,12941
249,6506,6436,12942
249,6506,6436,12942
249,6507,6436,12943
249,6507,6436,12943
249,6508,6436,12944
249,6508,6435,12943
249,6508,6435,12943
249,6509,6435,12944
249,6508,6435,12943
249,6508,6435,12943
249,6509,6435,12944
249,6508,6435,12943
249,6507,6435,12942
249,6506,6435,12941
249,6506,6435,12941
249,6506,6436,12942
249,6506,6436,12942
249,6507,6436,12943
249,6507,6436,12943
249,6507,6436,12943
249,6508,6436,12944
249,6508,6435,12943
249,6508,6435,12943
249,6509,6435,12944
249,6509,6435,12944
249,6510,6435,12945
249,6510,6435,12945
249,6510,6436,12946
249,6509,6436,12945
249,6509,6436,12945
249,6509,6436,12945
249,6509,6436,12945
249,6509,6437,12946
249,6509,6437,12946
249,6509,6437,12946
249,6509,6438,12947
249,6509,6438,12947
249,6509,6438,12947
249,6509,6439,12948
249,6509,6439,12948
249,6510,6439,12949
249,6510,6439,12949
249,6511,6439,12950
249,6511,6438,12949
249,6511,6438,12949
249,6511,6439,12950
249,6511,6439,12950
249,6510,6439,12949
249,6510,6439,12949
249,6510,6440,12950
249,6510,6439,12949
249,6510,6439,12949
249,6510,6440,12950
249,6510,6440,12950
249,6510,6441,12951
249,6510,6441,12951
249,6510,6442,12952
249,6510,6442,12952
249,6510,6442,12952
249,6511,6442,12953
249,6511,6442,12953
249,6511,6442,12953
249,6512,6442,12954
249,6512,6442,12954
249,6512,6442,12954
249,6513,6442,12955
249,6513,6441,12954
249,6513,6441,12954
249,6513,6442,12955
249,6513,6442,12955
249,6513,6442,12955
249,6513,6443,12956
249,6513,6443,12956
249,6514,6443,12957
249,6514,6443,12957
249,6515,6443,12958
249,6515,6443,12958
249,6516,6443,12959
249,6516,6443,12959
249,6516,6444,12960
249,6516,6444,12960
249,6515,6444,12959
249,6515,6444,12959
249,6515,6444,12959
249,6515,6445,12960
249,6515,6445,12960
249,6515,6445,12960
249,6515,6446,12961
249,6515,6446,12961
249,6515,6446,12961
249,6516,6446,12962
249,6516,6446,12962
249,6516,6447,12963
249,6516,6447,12963
249,6516,6448,12964
249,6516,6448,12964
249,6516,6449,12965
249,6516,6448,12964
249,6516,6447,12963
249,6516,6447,12963
249,6516,6448,12964
249,6516,6448,12964
249,6517,6448,12965
249,6517,6447,12964
249,6517,6447,12964
249,6517,6448,12965
249,6516,6448,12964
249,6516,6448,12964
249,6517,6448,12965
249,6517,6448,12965
249,6517,6449,12966
249,6517,6449,12966
249,6518,6449,12967
249,6518,6448,12966
249,6518,6448,12966
249,6519,6448,12967
249,6518,6448,12966
249,6517,6448,12965
249,6517,6448,12965
249,6518,6448,12966
249,6518,6448,12966
249,6518,6447,12965
249,6518,6447,12965
249,6518,6448,12966
249,6517,6448,12965
249,6517,6448,12965
249,6517,6448,12965
249,6518,6448,12966
249,6518,6448,12966
249,6518,6449,12967
249,6518,6449,12967
249,6519,6449,12968
249,6519,6449,12968
249,6519,6449,12968
249,6519,6449,12968
249,6520,6449,12969
249,6520,6448,12968
249,6520,6448,12968
249,6520,6448,12968
249,6521,6448,12969
249,6521,6448,12969
249,6520,6448,12968
249,6520,6448,12968
249,6520,6449,12969
249,6520,6449,12969
249,6521,6449,12970
249,6521,6449,12970
249,6521,6449,12970
249,6521,6450,12971
249,6521,6450,12971
249,6521,6450,12971
249,6521,6451,12972
249,6521,6451,12972
249,6521,6452,12973
249,6521,6452,12973
249,6522,6452,12974
249,6522,6452,12974
249,6522,6453,12975
249,6522,6453,12975
249,6522,6453,12975
249,6522,6453,12975
249,6522,6454,12976
249,6522,6454,12976
249,6522,6454,12976
249,6521,6454,12975
249,6521,6454,12975
249,6522,6454,12976
249,6522,6454,12976
249,6523,6454,12977
249,6523,6454,12977
249,6523,6454,12977
249,6524,6454,12978
249,6524,6454,12978
249,6525,6454,12979
249,6525,6453,12978
249,6525,6453,12978
249,6525,6453,12978
249,6526,6453,12979
249,6526,6453,12979
249,6526,6454,12980
249,6526,6454,12980
249,6526,6454,12980
249,6526,6454,12980
249,6526,6455,12981
249,6526,6455,12981
249,6527,6455,12982
249,6527,6455,12982
249,6528,6455,12983
249,6527,6455,12982
249,6526,6455,12981
249,6526,6455,12981
249,6527,6455,12982
249,6527,6455,12982
249,6526,6455,12981
249,6526,6455,12981
249,6525,6455,12980
249,6525,6455,12980
249,6525,6455,12980
249,6526,6455,12981
249,6526,6454,12980
249,6526,6454,12980
249,6527,6454,12981
249,6526,6454,12980
249,6525,6454,12979
249,6525,6454,12979
249,6525,6455,12980
249,6525,6455,12980
249,6525,6455,12980
249,6525,6455,12980
249,6525,6456,12981
249,6525,6456,12981
249,6526,6456,12982
249,6526,6456,12982
249,6527,6456,12983
249,6527,6456,12983
249,6527,6456,12983
249,6528,6456,12984
249,6528,6456,12984
249,6528,6457,12985
249,6528,6457,12985
249,6528,6458,12986
249,6528,6458,12986
249,6528,6459,12987
249,6528,6458,12986
249,6528,6458,12986
249,6529,6458,12987
249,6529,6458,12987
249,6530,6458,12988
249,6530,6458,12988
249,6530,6458,12988
249,6531,6458,12989
249,6531,6458,12989
249,6531,6457,12988
249,6530,6457,12987
249,6529,6457,12986
249,6529,6457,12986
249,6529,6458,12987
249,6529,6458,12987
249,6529,6459,12988
249,6528,6459,12987
249,6528,6459,12987
249,6528,6459,12987
249,6528,6459,12987
249,6529,6459,12988
249,6529,6459,12988
249,6530,6459,12989
249,6530,6459,12989
249,6531,6459,12990
249,6531,6459,12990
249,6532,6459,12991
249,6532,6459,12991
249,6533,6459,12992
249,6533,6459,12992
249,6534,6459,12993
249,6534,6459,12993
249,6534,6460,12994
249,6534,6460,12994
249,6534,6459,12993
249,6534,6459,12993
249,6535,6459,12994
249,6535,6459,12994
249,6535,6458,12993
249,6535,6458,12993
249,6536,6458,12994
249,6536,6458,12994
249,6536,6459,12995
249,6536,6459,12995
249,6536,6459,12995
249,6536,6460,12996
249,6535,6460,12995
249,6535,6460,12995
249,6535,6460,12995
249,6535,6461,12996
249,6535,6460,12995
249,6535,6459,12994
249,6535,6459,12994
249,6535,6459,12994
249,6535,6460,12995
249,6535,6460,12995
249,6535,6461,12996
249,6535,6461,12996
249,6536,6461,12997
249,6536,6461,12997
249,6537,6461,12998
249,6537,6460,12997
249,6537,6460,12997
249,6537,6460,12997
